id;iter;answer_token_len;correct_answer_idx;finish_reasons;frequency_of_answer;is_correct;model_guessed_its_correct;reasoning_token_len;yes_no_probabilities
(0, 0);0;55;1;stop;1.0;True;False;389;[0.008575865418221987, 0.9912351531716732]
(0, 0);1;71;1;stop;1.0;True;False;331;[0.00288910523075227, 0.9969461525942791]
(0, 0);2;92;1;stop;1.0;True;False;428;[0.011684852466596164, 0.9881095038890062]
(0, 0);3;44;1;stop;1.0;True;False;657;[0.0031722459234274597, 0.9966901781856752]
(0, 0);4;159;1;stop;1.0;True;False;378;[0.011684986189885595, 0.9881207935643951]
(0, 0);5;50;1;stop;1.0;True;False;419;[0.0043308216177367345, 0.9955119763590763]
(0, 0);6;43;1;stop;1.0;True;False;418;[0.0032725677207164788, 0.996575322522143]
(0, 0);7;50;1;stop;1.0;True;False;680;[0.0030749775346253666, 0.9967972427354131]
(0, 0);8;61;1;stop;1.0;True;False;512;[0.0035929221978569415, 0.9962175455088775]
(0, 0);9;61;1;stop;1.0;True;False;614;[0.003272759665618014, 0.9966340495536972]
(0, 1);0;102;1;stop;1.0;True;True;417;[0.9996133154340073, 6.812698336619353e-05]
(0, 1);1;199;1;stop;1.0;True;True;613;[0.9989191068520266, 0.0005109665311509245]
(0, 1);2;57;1;stop;1.0;True;True;516;[0.9992594247155329, 0.00016337032445020304]
(0, 1);3;77;1;stop;1.0;True;True;619;[0.999108394940413, 0.00031485709602559165]
(0, 1);4;81;1;stop;1.0;True;True;468;[0.9994777785277803, 6.011371054780146e-05]
(0, 1);5;74;1;stop;1.0;True;True;422;[0.9996408322406742, 0.00013132182931525883]
(0, 1);6;142;1;stop;1.0;True;True;445;[0.999298111872412, 0.0001583501394561749]
(0, 1);7;142;1;stop;1.0;True;True;476;[0.999574365655062, 9.607078074460924e-05]
(0, 1);8;112;1;stop;1.0;True;True;617;[0.999328825639286, 0.0002958460362645895]
(0, 1);9;132;1;stop;1.0;True;True;406;[0.9992312147235186, 0.0002867159190511554]
(0, 2);0;42;1;stop;1.0;True;False;584;[0.0046092344063140556, 0.9953176712971266]
(0, 2);1;132;1;stop;1.0;True;False;328;[0.0017542738577075575, 0.9980515135084109]
(0, 2);2;122;1;stop;1.0;True;False;524;[0.00288910798601904, 0.9969473375656148]
(0, 2);3;104;1;stop;1.0;True;False;561;[0.008313543820675085, 0.9914179076281894]
(0, 2);4;123;1;stop;1.0;True;False;509;[0.005059589444774873, 0.9947938389262327]
(0, 2);5;137;1;stop;1.0;True;False;331;[0.006691495056566763, 0.9931060610494561]
(0, 2);6;99;1;stop;1.0;True;False;483;[0.0030749086210107826, 0.9967753304442256]
(0, 2);7;94;1;stop;1.0;True;False;480;[0.0029808166967636523, 0.9969466265826444]
(0, 2);8;104;1;stop;1.0;True;False;708;[0.0019264705928352364, 0.9979365814779211]
(0, 2);9;74;1;stop;1.0;True;False;456;[0.015902389527466216, 0.983845831482636]
(0, 3);0;53;1;stop;1.0;True;False;471;[0.012052384027156046, 0.9878316398248076]
(0, 3);1;149;1;stop;1.0;True;False;503;[0.00805782828563199, 0.9914259923375673]
(0, 3);2;57;1;stop;1.0;True;False;501;[0.020959009207436066, 0.9787914707071722]
(0, 3);3;90;1;stop;1.0;True;False;406;[0.010985626678076253, 0.9888943706959256]
(0, 3);4;112;1;stop;1.0;True;False;463;[0.044643408659468475, 0.954518250460825]
(0, 3);5;94;1;stop;1.0;True;False;359;[0.02842274791098952, 0.9711100638727765]
(0, 3);6;130;1;stop;1.0;True;False;490;[0.004608425666914564, 0.9951429205032142]
(0, 3);7;53;1;stop;1.0;True;False;671;[0.005909840610484879, 0.9938821674043892]
(0, 3);8;94;1;stop;1.0;True;False;406;[0.008576278446588554, 0.9912830607775218]
(0, 3);9;56;1;stop;1.0;True;False;446;[0.005910299967487433, 0.9939596563365259]
(1, 0);0;47;1;stop;1.0;True;False;673;[0.006096447717274779, 0.9937208690664311]
(1, 0);1;85;1;stop;1.0;True;False;559;[0.004608834414199921, 0.9952313507943894]
(1, 0);2;68;1;stop;1.0;True;False;755;[0.0037059540132074647, 0.995943735120522]
(1, 0);3;31;1;stop;1.0;True;False;404;[0.010983851019248668, 0.9887348035849668]
(1, 0);4;82;1;stop;1.0;True;False;455;[0.0047542548436491, 0.995047187691456]
(1, 0);5;73;1;stop;1.0;True;False;293;[0.0022517504185377633, 0.9977050165231949]
(1, 0);6;58;1;stop;1.0;True;False;534;[0.004608458629061427, 0.9951497677182765]
(1, 0);7;176;1;stop;1.0;True;False;336;[0.008843941988932003, 0.9907704863017261]
(1, 0);8;54;1;stop;1.0;True;False;373;[0.012049740685776047, 0.9876153205271597]
(1, 0);9;115;1;stop;1.0;True;False;459;[0.004904906796259784, 0.9949933681522658]
(1, 1);0;53;1;stop;1.0;True;True;485;[0.9999164412717095, 4.006193512047056e-05]
(1, 1);1;51;1;stop;1.0;True;True;376;[0.9999401605169844, 4.133462293466114e-05]
(1, 1);2;69;1;stop;1.0;True;True;443;[0.999825031380349, 0.0001088897644936598]
(1, 1);3;46;1;stop;1.0;True;True;580;[0.9997485316583766, 0.00013980642509631722]
(1, 1);4;63;1;stop;1.0;True;True;613;[0.9996056920152503, 0.00010886577885489348]
(1, 1);5;60;1;stop;1.0;True;True;285;[0.9995407783739996, 0.0002611384919114206]
(1, 1);6;35;1;stop;1.0;True;True;452;[0.999923235110867, 3.321276413783858e-05]
(1, 1);7;76;1;stop;1.0;True;True;476;[0.9996229640044612, 0.00016861767206770113]
(1, 1);8;34;1;stop;1.0;True;True;551;[0.9999107202150285, 6.814725732000346e-05]
(1, 1);9;51;1;stop;1.0;True;True;384;[0.9994887344719359, 0.00020981986744150253]
(1, 2);0;67;1;stop;1.0;True;False;511;[0.009123704274585472, 0.9906645961284551]
(1, 2);1;46;1;stop;1.0;True;False;347;[0.00857521115657318, 0.9911598446662993]
(1, 2);2;61;1;stop;1.0;True;False;678;[0.00857510484376991, 0.991147431035924]
(1, 2);3;59;1;stop;1.0;True;False;393;[0.01743461275993859, 0.982114127975108]
(1, 2);4;104;1;stop;1.0;True;False;529;[0.0071184585851850396, 0.9924644187387799]
(1, 2);5;49;1;stop;1.0;True;False;503;[0.00970710919498276, 0.990152193905317]
(1, 2);6;50;1;stop;1.0;True;False;345;[0.014500439817706375, 0.9852829045275544]
(1, 2);7;111;1;stop;1.0;True;False;577;[0.015417306899186004, 0.9841127977549459]
(1, 2);8;87;1;stop;1.0;True;False;584;[0.005729281407417414, 0.9941024183325454]
(1, 2);9;66;1;stop;1.0;True;False;850;[0.014953422795073012, 0.9848018332439298]
(1, 3);0;49;1;stop;1.0;True;False;462;[0.004609056383558936, 0.9952788193778688]
(1, 3);1;99;1;stop;1.0;True;False;802;[0.02756448653345968, 0.9716817239496859]
(1, 3);2;81;1;stop;1.0;True;False;493;[0.0059103506962166685, 0.9939681362206734]
(1, 3);3;68;1;stop;1.0;True;False;450;[0.014061889758164137, 0.9858146055768824]
(1, 3);4;50;1;stop;1.0;True;False;566;[0.004754762679972663, 0.995153191343475]
(1, 3);5;82;1;stop;1.0;True;False;488;[0.0026313418231504607, 0.9972424464686286]
(1, 3);6;126;1;stop;1.0;True;False;825;[0.027574135750193386, 0.9720218669712667]
(1, 3);7;73;1;stop;1.0;True;False;365;[0.005384181942086368, 0.9944755362683274]
(1, 3);8;39;1;stop;1.0;True;False;486;[0.006288617206525332, 0.9935071411830066]
(1, 3);9;35;1;stop;1.0;True;False;484;[0.007812607930003395, 0.99176755488796]
(2, 0);0;80;3;stop;1.0;True;False;504;[0.008061771421124613, 0.9919109775541899]
(2, 0);1;94;3;stop;1.0;True;False;371;[0.01133012226313596, 0.9885260106197368]
(2, 0);2;141;3;stop;1.0;True;False;578;[0.016908531174455538, 0.9827142455500619]
(2, 0);3;82;3;stop;1.0;True;False;522;[0.03512698505832048, 0.9643647761642155]
(2, 0);4;134;3;stop;1.0;True;False;373;[0.022962449555750608, 0.9763880895438336]
(2, 0);5;160;3;stop;1.0;True;False;476;[0.028382172046377063, 0.9697237604622897]
(2, 0);6;61;3;stop;1.0;True;False;425;[0.048840538550578405, 0.9508065813684716]
(2, 0);7;104;3;stop;1.0;True;False;531;[0.035117380331695966, 0.9641011019108077]
(2, 0);8;89;3;stop;1.0;True;False;392;[0.025943219918315465, 0.973512130796973]
(2, 0);9;240;3;stop;1.0;True;False;709;[0.025917260648349347, 0.9725381087787431]
(2, 1);0;82;3;stop;1.0;True;False;447;[0.012048717983167818, 0.9875312609597084]
(2, 1);1;108;3;stop;1.0;True;False;457;[0.017436890799861732, 0.9822424656966408]
(2, 1);2;134;3;stop;1.0;True;False;669;[0.008060207002999932, 0.9917183095696489]
(2, 1);3;93;3;stop;1.0;True;False;424;[0.01405852413475991, 0.9855784423675493]
(2, 1);4;98;3;stop;1.0;True;False;740;[0.025166310364087487, 0.9743359819880238]
(2, 1);5;106;3;stop;1.0;True;False;537;[0.07582340008497303, 0.9237180654395346]
(2, 1);6;104;3;stop;1.0;True;False;515;[0.012051694403940622, 0.9877753408068972]
(2, 1);7;91;3;stop;1.0;True;False;554;[0.005219020802840711, 0.9945691545301864]
(2, 1);8;131;3;stop;1.0;True;False;553;[0.03409276875374283, 0.9656826466405543]
(2, 1);9;95;3;stop;1.0;True;False;584;[0.007814400024900036, 0.9919950810302846]
(2, 2);0;122;3;stop;1.0;True;False;564;[0.017979385720342248, 0.9816410838707231]
(2, 2);1;127;3;stop;1.0;True;False;344;[0.04880608301423245, 0.9501358689110573]
(2, 2);2;106;3;stop;1.0;True;False;322;[0.008060203159594647, 0.9917181931948399]
(2, 2);3;107;3;stop;1.0;True;False;411;[0.015418453782832056, 0.9841861152708787]
(2, 2);4;117;3;stop;1.0;True;False;544;[0.006486735916194143, 0.9932769213482006]
(2, 2);5;77;3;stop;1.0;True;False;453;[0.012814368163974632, 0.9866517624489584]
(2, 2);6;68;3;stop;1.0;True;False;346;[0.01853890897228045, 0.9810483572176117]
(2, 2);7;253;3;stop;1.0;True;False;663;[0.07765820708362459, 0.9169630369636127]
(2, 2);8;91;3;stop;1.0;True;False;462;[0.015903132664152116, 0.9838918736884911]
(2, 2);9;111;3;stop;1.0;True;False;358;[0.010985762876150692, 0.9889070775338129]
(2, 3);0;163;3;stop;1.0;True;True;436;[0.9996053346448304, 0.00011588701835681117]
(2, 3);1;113;3;stop;1.0;True;True;537;[0.9993195398808481, 6.601154391285401e-05]
(2, 3);2;111;3;stop;1.0;True;True;447;[0.9994990951953738, 0.00022335442933127912]
(2, 3);3;122;3;stop;1.0;True;True;565;[0.9993333495373735, 9.022837349355324e-05]
(2, 3);4;104;3;stop;1.0;True;True;411;[0.999820860535958, 5.828421297252534e-05]
(2, 3);5;81;3;stop;1.0;True;True;618;[0.9995067170157623, 0.00010885508566287531]
(2, 3);6;82;3;stop;1.0;True;True;450;[0.9987227562318753, 0.00019695644922612595]
(2, 3);7;91;3;stop;1.0;True;True;518;[0.999402165431517, 0.00013545813207110688]
(2, 3);8;68;3;stop;1.0;True;True;633;[0.999312516171309, 0.00014418150521904472]
(2, 3);9;130;3;stop;1.0;True;True;446;[0.9993345400219048, 0.00012332768187577528]
(3, 0);0;81;0;stop;1.0;True;True;473;[0.9997021846954348, 7.02958673785677e-05]
(3, 0);1;84;0;stop;1.0;True;True;656;[0.9998196688755632, 9.31378183108616e-05]
(3, 0);2;57;0;stop;1.0;True;True;590;[0.9997605658734923, 0.0001398081583944212]
(3, 0);3;66;0;stop;1.0;True;True;378;[0.9998180005388472, 0.0001273040610119789]
(3, 0);4;134;0;stop;1.0;True;True;474;[0.9995061215544063, 0.00016859789404751727]
(3, 0);5;89;0;stop;1.0;True;True;584;[0.99943395723193, 0.0003682251428278331]
(3, 0);6;80;0;stop;1.0;True;True;480;[0.9995850854728681, 0.00024532790651596894]
(3, 0);7;199;0;stop;1.0;True;True;474;[0.9988949602128705, 0.00014869619272880335]
(3, 0);8;90;0;stop;1.0;True;True;625;[0.9995535222317562, 0.00012727043582161937]
(3, 0);9;94;0;stop;1.0;True;True;516;[0.9996399983957353, 0.00021651288681644106]
(3, 1);0;204;0;stop;0.9;True;False;665;[0.001648336719502642, 0.9982629247002038]
(3, 1);1;78;0;stop;0.1;False;True;483;[0.9997899973461599, 7.48361269961631e-05]
(3, 1);2;171;0;stop;0.9;True;False;557;[0.01798399013927113, 0.9818927198427432]
(3, 1);3;52;0;stop;0.9;True;False;420;[0.011685855428569963, 0.9881942440215635]
(3, 1);4;103;0;stop;0.9;True;False;986;[0.015900615239501453, 0.9837363387097142]
(3, 1);5;82;0;stop;0.9;True;False;727;[0.005059314415821363, 0.9947394573177692]
(3, 1);6;103;0;stop;0.9;True;False;468;[0.007577017750041878, 0.9923936200002583]
(3, 1);7;185;0;stop;0.9;True;False;399;[0.006903359454100003, 0.9930275293305166]
(3, 1);8;109;0;stop;0.9;True;False;800;[0.003944963749851349, 0.9959425525014975]
(3, 1);9;60;0;stop;0.9;True;False;450;[0.0038240913962242777, 0.9960732292678252]
(3, 2);0;26;0;stop;1.0;True;False;625;[0.010326346904484673, 0.9894988377411895]
(3, 2);1;83;0;stop;1.0;True;False;585;[0.011685821995117227, 0.9881912170686982]
(3, 2);2;164;0;stop;1.0;True;False;368;[0.010011831916210325, 0.9898143127021815]
(3, 2);3;69;0;stop;1.0;True;False;420;[0.008314721273412103, 0.9915579478804516]
(3, 2);4;49;0;stop;1.0;True;False;520;[0.009410063561999428, 0.9903214544489447]
(3, 2);5;167;0;stop;1.0;True;False;518;[0.029305818021243102, 0.9704754142156093]
(3, 2);6;75;0;stop;1.0;True;False;392;[0.0041982968680668925, 0.9956830748630625]
(3, 2);7;79;0;stop;1.0;True;False;689;[0.016914063033715124, 0.983035545334625]
(3, 2);8;88;0;stop;1.0;True;False;1050;[0.016402038466286965, 0.9835372628472085]
(3, 2);9;78;0;stop;1.0;True;False;555;[0.004468011155192022, 0.9954484199691916]
(3, 3);0;104;0;stop;1.0;True;False;423;[0.014502127016893573, 0.9853974865849997]
(3, 3);1;37;0;stop;1.0;True;False;495;[0.006692085371998758, 0.9931933067339901]
(3, 3);2;64;0;stop;1.0;True;False;637;[0.004904792194349546, 0.994970355285959]
(3, 3);3;110;0;stop;1.0;True;False;536;[0.004069612019059359, 0.9958010346802064]
(3, 3);4;118;0;stop;1.0;True;False;737;[0.00970678056211003, 0.9901184188533886]
(3, 3);5;84;0;stop;1.0;True;False;671;[0.01590361041321697, 0.9839217626914859]
(3, 3);6;125;0;stop;1.0;True;False;595;[0.0021155789650010694, 0.9978254738400689]
(3, 3);7;91;0;stop;1.0;True;False;603;[0.0037066644702037164, 0.9961348541368413]
(3, 3);8;64;0;stop;1.0;True;False;532;[0.004609016823880445, 0.9952703171888196]
(3, 3);9;72;0;stop;1.0;True;False;452;[0.004467706502113823, 0.9953803836300208]
(4, 0);0;225;2;stop;1.0;True;False;340;[0.02296157909898886, 0.9763512695558477]
(4, 0);1;101;2;stop;1.0;True;False;459;[0.010646832312492489, 0.9888201167365223]
(4, 0);2;263;2;stop;1.0;True;False;340;[0.08969234975492527, 0.7748235757192351]
(4, 0);3;119;2;stop;1.0;True;False;248;[0.04883300514543586, 0.9506600376073692]
(4, 0);4;82;2;stop;1.0;True;False;345;[0.013221713580994006, 0.986694701324712]
(4, 0);5;87;2;stop;1.0;True;False;417;[0.04882887216336971, 0.9505795643171934]
(4, 0);6;158;2;stop;1.0;True;False;351;[0.02227683253689022, 0.9773035722520104]
(4, 0);7;37;2;stop;1.0;True;False;611;[0.020324094580698848, 0.9792697737665624]
(4, 0);8;113;2;stop;1.0;True;False;565;[0.012819324629838027, 0.9870333597911808]
(4, 0);9;155;2;stop;1.0;True;False;436;[0.01639947334562514, 0.9833834544296939]
(4, 1);0;56;2;stop;1.0;True;False;291;[0.01450194722402919, 0.9853856801503088]
(4, 1);1;76;2;stop;1.0;True;False;327;[0.006094628198835768, 0.9934241932231199]
(4, 1);2;128;2;stop;1.0;True;False;516;[0.011330700358576825, 0.9885764526647499]
(4, 1);3;162;2;stop;1.0;True;False;355;[0.04601325774344901, 0.9535382723629003]
(4, 1);4;82;2;stop;1.0;True;False;388;[0.012051228930577258, 0.9877369590014053]
(4, 1);5;72;2;stop;1.0;True;False;513;[0.00394442579041755, 0.9958067086028856]
(4, 1);6;184;2;stop;1.0;True;False;414;[0.15485012645667254, 0.837111899624301]
(4, 1);7;116;2;stop;1.0;True;False;274;[0.053394017455511006, 0.9464315485359408]
(4, 1);8;148;2;stop;1.0;True;False;444;[0.01830973594198278, 0.9689208928095879]
(4, 1);9;127;2;stop;1.0;True;False;482;[0.003698886912390404, 0.9940446958952025]
(4, 2);0;87;2;stop;1.0;True;True;455;[0.9976493668503852, 0.00038520758337783827]
(4, 2);1;133;2;stop;1.0;True;True;483;[0.9977321911468752, 0.00013736132454519778]
(4, 2);2;68;2;stop;1.0;True;True;364;[0.9996052155407804, 0.0001442237245741101]
(4, 2);3;93;2;stop;1.0;True;True;442;[0.9986101659038767, 0.00012132769411458643]
(4, 2);4;125;2;stop;1.0;True;True;534;[0.9977572308967717, 0.0019872660557195103]
(4, 2);5;77;2;stop;1.0;True;True;586;[0.9993502550043574, 0.00013545102719565854]
(4, 2);6;99;2;stop;1.0;True;True;440;[0.9994575345576673, 0.00010550073474276193]
(4, 2);7;87;2;stop;1.0;True;True;517;[0.9992287151755137, 0.00019099343112553426]
(4, 2);8;137;2;stop;1.0;True;True;504;[0.9995593583069067, 0.00010886079548908752]
(4, 2);9;130;2;stop;1.0;True;True;424;[0.9994369340945964, 0.0001233402672632603]
(4, 3);0;104;2;stop;1.0;True;False;410;[0.011327540103482213, 0.9883005383732859]
(4, 3);1;111;2;stop;1.0;True;False;537;[0.00538392007589698, 0.9944270835457493]
(4, 3);2;118;2;stop;1.0;True;False;351;[0.012050631312125012, 0.987688230249209]
(4, 3);3;148;2;stop;1.0;True;False;512;[0.014952659867339547, 0.98475142880511]
(4, 3);4;112;2;stop;1.0;True;False;504;[0.014500294617114544, 0.9852730677308729]
(4, 3);5;90;2;stop;1.0;True;False;272;[0.006487954718668904, 0.9934637240354829]
(4, 3);6;134;2;stop;1.0;True;False;471;[0.022279690151547328, 0.9774289473381792]
(4, 3);7;223;2;stop;1.0;True;False;425;[0.015902708010365058, 0.983865678260673]
(4, 3);8;108;2;stop;1.0;True;False;716;[0.015419438994593238, 0.9842492816750347]
(4, 3);9;74;2;stop;1.0;True;False;517;[0.013218719233056187, 0.9864711084673036]
(5, 0);0;56;2;stop;1.0;True;False;256;[0.006289049026426043, 0.9935755098383192]
(5, 0);1;54;2;stop;1.0;True;False;425;[0.004467951501205478, 0.9954354265140024]
(5, 0);2;97;2;stop;1.0;True;False;306;[0.0039452835507147, 0.9960235563389046]
(5, 0);3;76;2;stop;1.0;True;False;391;[0.012817442047144374, 0.9868885569244016]
(5, 0);4;97;2;stop;1.0;True;False;345;[0.010649863596675016, 0.9891014534674049]
(5, 0);5;86;2;stop;1.0;True;False;441;[0.02842165691363029, 0.9710728550727393]
(5, 0);6;58;2;stop;1.0;True;False;444;[0.010009402238214983, 0.9895743601180718]
(5, 0);7;66;2;stop;1.0;True;False;392;[0.0023966181213773185, 0.9975563542504572]
(5, 0);8;66;2;stop;1.0;True;False;347;[0.005729770444521128, 0.9941870113174974]
(5, 0);9;64;2;stop;1.0;True;False;492;[0.006692398100732795, 0.9932397577089588]
(5, 1);0;72;2;stop;0.9;True;False;354;[0.011684195016015038, 0.9880537549557712]
(5, 1);1;66;2;stop;0.9;True;False;416;[0.00103213056436781, 0.9988706958967194]
(5, 1);2;99;2;stop;0.1;False;True;779;[0.9997884482721162, 9.60913058697494e-05]
(5, 1);3;101;2;stop;0.9;True;False;488;[0.0050585304241110825, 0.9945853096441223]
(5, 1);4;71;2;stop;0.9;True;False;581;[0.002472278769341591, 0.9973884062597937]
(5, 1);5;76;2;stop;0.9;True;False;441;[0.005059003216877698, 0.9946782406857946]
(5, 1);6;104;2;stop;0.9;True;False;452;[0.004467951501205478, 0.9954350719092229]
(5, 1);7;62;2;stop;0.9;True;False;440;[0.003593501319242402, 0.9963783536294235]
(5, 1);8;98;2;stop;0.9;True;False;563;[0.002800720241072885, 0.9971255672549528]
(5, 1);9;81;2;stop;0.9;True;False;610;[0.0028894289925828535, 0.9970580124369522]
(5, 2);0;153;2;stop;1.0;True;True;539;[0.9995025487937196, 0.00017125227127448952]
(5, 2);1;179;2;stop;1.0;True;True;365;[0.9991011361971082, 0.00023766479180199244]
(5, 2);2;126;2;stop;1.0;True;True;621;[0.9997397146685858, 9.60866323530718e-05]
(5, 2);3;121;2;stop;1.0;True;True;299;[0.9994512233449835, 0.00013976483238787668]
(5, 2);4;90;2;stop;1.0;True;True;506;[0.9997378083128617, 0.0001535457084358117]
(5, 2);5;51;2;stop;1.0;True;True;449;[0.9997590169032433, 0.00013980789173177575]
(5, 2);6;84;2;stop;1.0;True;True;504;[0.999717315487543, 8.218544928263564e-05]
(5, 2);7;120;2;stop;1.0;True;True;429;[0.9998551816923104, 7.030659449508389e-05]
(5, 2);8;84;2;stop;1.0;True;True;341;[0.9996552464256309, 0.00019107486753401325]
(5, 2);9;50;2;stop;1.0;True;True;351;[0.9998731774057923, 7.253967976746796e-05]
(5, 3);0;72;2;stop;1.0;True;False;445;[0.025945137446321986, 0.9735841018244714]
(5, 3);1;97;2;stop;1.0;True;False;445;[0.007814996239051662, 0.9920708678451424]
(5, 3);2;81;2;stop;1.0;True;False;407;[0.0019265964468945167, 0.9980015243147619]
(5, 3);3;86;2;stop;1.0;True;False;553;[0.0075765697508387774, 0.992334687214924]
(5, 3);4;87;2;stop;1.0;True;False;381;[0.007814925436241033, 0.992061716281514]
(5, 3);5;74;2;stop;1.0;True;False;554;[0.005219078041484695, 0.9945801211016294]
(5, 3);6;75;2;stop;1.0;True;False;371;[0.0064874102506872625, 0.9933799600108946]
(5, 3);7;103;2;stop;1.0;True;False;440;[0.0049049138127902564, 0.9949947845527558]
(5, 3);8;86;2;stop;1.0;True;False;424;[0.00590835851173722, 0.9936332952566732]
(5, 3);9;86;2;stop;1.0;True;False;407;[0.008314713343879758, 0.9915570096452297]
(6, 0);0;80;0;stop;1.0;True;True;436;[0.9993572792118264, 0.00013545206060892683]
(6, 0);1;60;0;stop;1.0;True;True;328;[0.9998581610609016, 8.480618364583534e-05]
(6, 0);2;73;0;stop;1.0;True;True;446;[0.9996079551993524, 0.00010227022734669892]
(6, 0);3;86;0;stop;1.0;True;True;480;[0.9997630680758202, 9.913911311154316e-05]
(6, 0);4;64;0;stop;1.0;True;True;532;[0.9996953938783856, 4.9846901392863796e-05]
(6, 0);5;59;0;stop;1.0;True;True;400;[0.9997195791862302, 0.00016863391429058048]
(6, 0);6;96;0;stop;1.0;True;True;389;[0.9999096475223637, 4.399913430789827e-05]
(6, 0);7;71;0;stop;1.0;True;True;312;[0.9990097562960065, 0.00015105510293536426]
(6, 0);8;249;0;stop;1.0;True;True;398;[0.9981787058305552, 0.0012248364569166497]
(6, 0);9;84;0;stop;1.0;True;True;323;[0.9995300594967972, 0.00010885757718657419]
(6, 1);0;63;0;stop;1.0;True;False;446;[0.008846008619237906, 0.9910018870953172]
(6, 1);1;80;0;stop;1.0;True;False;508;[0.005059685949705314, 0.9948124788304494]
(6, 1);2;89;0;stop;1.0;True;False;429;[0.005554119522917886, 0.994301081029879]
(6, 1);3;125;0;stop;1.0;True;False;496;[0.006289216964395119, 0.9936019892379526]
(6, 1);4;69;0;stop;1.0;True;False;414;[0.01000573258563208, 0.9892114429745414]
(6, 1);5;81;0;stop;1.0;True;False;673;[0.00538433341952012, 0.994503360419434]
(6, 1);6;123;0;stop;1.0;True;False;785;[0.0026315124708154196, 0.9973071804295607]
(6, 1);7;76;0;stop;1.0;True;False;462;[0.022965991943425777, 0.9765388066307905]
(6, 1);8;94;0;stop;1.0;True;False;466;[0.004467557378809549, 0.995347195932347]
(6, 1);9;116;0;stop;1.0;True;False;494;[0.012429774647038604, 0.9874190875241524]
(6, 2);0;130;0;stop;1.0;True;False;593;[0.05338715635857972, 0.9463099397407025]
(6, 2);1;100;0;stop;1.0;True;False;503;[0.013218731839415227, 0.9864720363777806]
(6, 2);2;79;0;stop;1.0;True;False;628;[0.0019877001049668605, 0.9979749285973688]
(6, 2);3;103;0;stop;1.0;True;False;456;[0.005384246126919352, 0.9944872080258873]
(6, 2);4;127;0;stop;1.0;True;False;818;[0.007120458135502173, 0.9927431333686055]
(6, 2);5;26;0;stop;1.0;True;False;252;[0.0018099440896401813, 0.9980427263279238]
(6, 2);6;83;0;stop;1.0;True;False;411;[0.0024724343856574907, 0.9974511429318167]
(6, 2);7;225;0;stop;1.0;True;False;811;[0.05181889048681268, 0.9476686014229696]
(6, 2);8;90;0;stop;1.0;True;False;523;[0.005909093879290473, 0.9937570095097924]
(6, 2);9;114;0;stop;1.0;True;False;588;[0.0029807186242498066, 0.996913689569918]
(6, 3);0;242;0;stop;1.0;True;False;418;[0.03961910367515308, 0.9598830474830506]
(6, 3);1;88;0;stop;1.0;True;False;495;[0.0040695305171018215, 0.995781293984399]
(6, 3);2;75;0;stop;1.0;True;False;444;[0.016395266790712435, 0.9831312844258555]
(6, 3);3;160;0;stop;1.0;True;False;681;[0.005383583776238164, 0.9943650804521021]
(6, 3);4;78;0;stop;1.0;True;False;439;[0.01639930912900375, 0.9833737703089726]
(6, 3);5;72;0;stop;1.0;True;False;604;[0.01590436877453703, 0.9839682739777421]
(6, 3);6;171;0;stop;1.0;True;False;335;[0.06752665513291145, 0.9321766230856406]
(6, 3);7;53;0;stop;1.0;True;False;402;[0.0052194687742139634, 0.9946546524372093]
(6, 3);8;65;0;stop;1.0;True;False;372;[0.008059369183994537, 0.9916151468142919]
(6, 3);9;179;0;stop;1.0;True;False;470;[0.010985862406580619, 0.988915821465633]
(7, 0);0;67;2;stop;1.0;True;False;482;[0.002251383236829732, 0.9975427124534882]
(7, 0);1;51;2;stop;1.0;True;False;561;[0.004754699197465777, 0.9951399691159625]
(7, 0);2;51;2;stop;1.0;True;False;374;[0.0023228232295986924, 0.9975312059686592]
(7, 0);3;41;2;stop;1.0;True;False;329;[0.009123882647699054, 0.9906840176445898]
(7, 0);4;34;2;stop;1.0;True;False;321;[0.010011655279269794, 0.989797027498509]
(7, 0);5;85;2;stop;1.0;True;False;703;[0.02095329339929664, 0.9785245299656244]
(7, 0);6;61;2;stop;1.0;True;False;370;[0.004904509209265606, 0.9949125324163969]
(7, 0);7;99;2;stop;1.0;True;False;362;[0.0064856874343706345, 0.9931161721306152]
(7, 0);8;98;2;stop;1.0;True;False;461;[0.033079394622693194, 0.9667215149281259]
(7, 0);9;159;2;stop;1.0;True;False;379;[0.014501048293141961, 0.9853243357705672]
(7, 1);0;90;2;stop;1.0;True;False;486;[0.003823763185912402, 0.995987841783912]
(7, 1);1;120;2;stop;1.0;True;False;499;[0.005219401576056783, 0.994641797176819]
(7, 1);2;87;2;stop;1.0;True;False;419;[0.01065045269004751, 0.9891563863520317]
(7, 1);3;52;2;stop;1.0;True;False;491;[0.010984893332853688, 0.9888286259861269]
(7, 1);4;118;2;stop;1.0;True;False;527;[0.008059888006597758, 0.9916793866520383]
(7, 1);5;180;2;stop;1.0;True;False;579;[0.008059999461737055, 0.9916927517727653]
(7, 1);6;149;2;stop;1.0;True;False;591;[0.010009173143800678, 0.9895515974618486]
(7, 1);7;70;2;stop;1.0;True;False;430;[0.000687792782906149, 0.9992274059325037]
(7, 1);8;63;2;stop;1.0;True;False;342;[0.0028003890597600887, 0.9970075301592953]
(7, 1);9;55;2;stop;1.0;True;False;381;[0.00711965689001723, 0.9926317698609006]
(7, 2);0;92;2;stop;1.0;True;True;619;[0.9997805838566004, 0.00010228788225094297]
(7, 2);1;43;2;stop;1.0;True;True;527;[0.999657033339134, 5.1427201020200154e-05]
(7, 2);2;134;2;stop;1.0;True;True;488;[0.9995731745939177, 0.0001397818945660143]
(7, 2);3;64;2;stop;1.0;True;True;461;[0.9992700187471832, 0.00013544017683234382]
(7, 2);4;60;2;stop;1.0;True;True;605;[0.999463131345445, 0.00011587055227425449]
(7, 2);5;261;2;stop;1.0;True;True;568;[0.9959103913676822, 0.0031697646443378464]
(7, 2);6;70;2;stop;1.0;True;True;414;[0.9985586942389476, 0.00029561815433597487]
(7, 2);7;159;2;stop;1.0;True;True;476;[0.9995373244981066, 7.719216991542848e-05]
(7, 2);8;57;2;stop;1.0;True;True;411;[0.9994883772015075, 7.481350634996795e-05]
(7, 2);9;87;2;stop;1.0;True;True;395;[0.9997848735274767, 3.426227955372371e-05]
(7, 3);0;36;2;stop;0.9;True;False;581;[0.008060556760552616, 0.9917616915400979]
(7, 3);1;115;2;stop;0.9;True;False;538;[0.012052067944950657, 0.9878059319613953]
(7, 3);2;81;2;stop;0.9;True;False;540;[0.0159015175235986, 0.9837918330467457]
(7, 3);3;47;2;stop;0.9;True;False;507;[0.0038239582853132194, 0.9960384577255685]
(7, 3);4;139;2;stop;0.9;True;False;555;[0.004904843647937204, 0.9949805043442813]
(7, 3);5;65;2;stop;0.9;True;False;385;[0.0022515668201988264, 0.9976238578196499]
(7, 3);6;36;2;stop;0.9;True;False;480;[0.004904200516885792, 0.9948498782820228]
(7, 3);7;341;2;stop;0.1;False;True;567;[0.36268019897114046, 0.3515217023293225]
(7, 3);8;163;2;stop;0.9;True;False;442;[0.008577043214986027, 0.9913712750261047]
(7, 3);9;57;2;stop;0.9;True;False;405;[0.01242866042503886, 0.9873306456494555]
(8, 0);0;141;1;stop;1.0;True;False;593;[0.008575591440081774, 0.9912035289951666]
(8, 0);1;66;1;stop;1.0;True;False;534;[0.016397713967397348, 0.983277868410192]
(8, 0);2;115;1;stop;1.0;True;False;320;[0.010986312924015255, 0.9889565093032449]
(8, 0);3;112;1;stop;1.0;True;False;576;[0.02031724399807464, 0.978939619431697]
(8, 0);4;97;1;stop;1.0;True;False;547;[0.0038234422964003173, 0.9959042428974841]
(8, 0);5;76;1;stop;1.0;True;False;499;[0.019711082653191048, 0.979880954970643]
(8, 0);6;79;1;stop;1.0;True;False;368;[0.0384082003626466, 0.9600841989980683]
(8, 0);7;53;1;stop;1.0;True;False;384;[0.033054064223074976, 0.9659814465408977]
(8, 0);8;74;1;stop;1.0;True;False;458;[0.013629146910619635, 0.9858070761740731]
(8, 0);9;104;1;stop;1.0;True;False;486;[0.005219493662639878, 0.9946592517474502]
(8, 1);0;74;1;stop;1.0;True;True;306;[0.9990065440940028, 0.00023033086745015622]
(8, 1);1;200;1;stop;1.0;True;True;501;[0.9996670401312365, 0.00010552287200001038]
(8, 1);2;84;1;stop;1.0;True;True;663;[0.9997404295638306, 0.00011233676144691683]
(8, 1);3;253;1;stop;1.0;True;True;633;[0.9998856913588614, 5.6494659809890235e-05]
(8, 1);4;217;1;stop;1.0;True;True;420;[0.9996448824834001, 0.00015594927453238655]
(8, 1);5;121;1;stop;1.0;True;True;502;[0.9995642415933003, 9.606977292729777e-05]
(8, 1);6;158;1;stop;1.0;True;True;602;[0.9997594935092181, 7.483384321365884e-05]
(8, 1);7;248;1;stop;1.0;True;True;696;[0.9994378867088114, 5.304803851556891e-05]
(8, 1);8;88;1;stop;1.0;True;True;472;[0.9992284771153399, 0.0001354346228160478]
(8, 1);9;105;1;stop;1.0;True;True;497;[0.9995563807014127, 0.00016341894193255967]
(8, 2);0;205;1;stop;1.0;True;False;390;[0.01848488237951883, 0.9781892883529839]
(8, 2);1;49;1;stop;1.0;True;False;337;[0.03019967298739641, 0.9693068156077458]
(8, 2);2;62;1;stop;1.0;True;False;404;[0.01064932531570534, 0.9890517731180125]
(8, 2);3;50;1;stop;1.0;True;False;426;[0.004904298735080889, 0.9948698182511245]
(8, 2);4;162;1;stop;1.0;True;False;354;[0.00781428451366845, 0.9919804175150855]
(8, 2);5;110;1;stop;1.0;True;False;745;[0.007120356277260049, 0.9927292705514187]
(8, 2);6;54;1;stop;1.0;True;False;545;[0.008057997347370916, 0.9914463807605058]
(8, 2);7;97;1;stop;1.0;True;False;762;[0.009706812962039712, 0.990121690539259]
(8, 2);8;199;1;stop;1.0;True;False;489;[0.008842263734361817, 0.9905824726968528]
(8, 2);9;42;1;stop;1.0;True;False;513;[0.0021154599315238443, 0.9977693358670365]
(8, 3);0;96;1;stop;1.0;True;False;450;[0.00433086705010184, 0.9955223729288925]
(8, 3);1;55;1;stop;1.0;True;False;435;[0.0027145278390391186, 0.9971166778350457]
(8, 3);2;92;1;stop;1.0;True;False;484;[0.009124004465487931, 0.9906970039776428]
(8, 3);3;69;1;stop;1.0;True;False;649;[0.005728112258859716, 0.9938995956856057]
(8, 3);4;35;1;stop;1.0;True;False;327;[0.00712013898454672, 0.9926988435761047]
(8, 3);5;54;1;stop;1.0;True;False;302;[0.00970521160923209, 0.9899585730976835]
(8, 3);6;227;1;stop;1.0;True;False;479;[0.008060587509195099, 0.9917652097293861]
(8, 3);7;65;1;stop;1.0;True;False;309;[0.015900084508066126, 0.9837035768065268]
(8, 3);8;208;1;stop;1.0;True;False;370;[0.004331255309751728, 0.9956115796543217]
(8, 3);9;102;1;stop;1.0;True;False;351;[0.0038232964464334687, 0.9958662909165509]
(9, 0);0;94;2;stop;0.4;False;True;1385;[0.9987245397635887, 0.00047247463591594335]
(9, 0);1;105;2;stop;0.6;True;False;932;[0.02095646588000995, 0.9786727112031093]
(9, 0);2;124;2;stop;0.4;False;True;625;[0.9991314808349865, 0.00039185495582222055]
(9, 0);3;86;2;stop;0.4;False;True;734;[0.9991774178630727, 0.000277879491814781]
(9, 0);4;102;2;stop;0.6;True;False;1482;[0.021608811821395003, 0.9780894923240657]
(9, 0);5;275;2;stop;0.6;True;False;1360;[0.19018289620543535, 0.8006999243165042]
(9, 0);6;110;2;stop;0.4;False;True;629;[0.9992047916620878, 0.0002452345730680394]
(9, 0);7;195;2;stop;0.6;True;False;557;[0.003477511020382814, 0.9948248665597581]
(9, 0);8;130;2;stop;0.6;True;False;2225;[0.007814500632847802, 0.9920081021030591]
(9, 0);9;241;2;stop;0.6;True;False;1049;[0.03731106821140098, 0.9622651461844758]
(9, 1);0;203;2;stop;0.9;True;False;510;[0.006486658588737044, 0.9932651606520095]
(9, 1);1;176;2;stop;0.9;True;False;600;[0.07155362426042818, 0.9279214974128404]
(9, 1);2;108;2;stop;0.9;True;False;564;[0.007345564488093466, 0.9926186144147023]
(9, 1);3;126;2;stop;0.9;True;False;625;[0.04601567129816328, 0.9535882425663137]
(9, 1);4;275;2;stop;0.1;False;True;703;[0.6498841118453991, 0.34785788771119047]
(9, 1);5;175;2;stop;0.9;True;False;459;[0.0600512459552909, 0.9393595976544268]
(9, 1);6;49;2;stop;0.9;True;False;581;[0.008575636420966915, 0.9912085656064574]
(9, 1);7;75;2;stop;0.9;True;False;1602;[0.019713944849363153, 0.980023136941727]
(9, 1);8;233;2;stop;0.9;True;False;637;[0.020960108580050825, 0.9788427533658257]
(9, 1);9;91;2;stop;0.9;True;False;606;[0.009409143758023004, 0.9902248943553662]
(9, 2);0;85;2;stop;1.0;True;True;537;[0.9991868199592371, 0.00015346109371682561]
(9, 2);1;82;2;stop;1.0;True;True;438;[0.9994806366062967, 8.216593543976513e-05]
(9, 2);2;73;2;stop;1.0;True;True;687;[0.9993177541813869, 0.00018513360010124257]
(9, 2);3;106;2;stop;1.0;True;True;502;[0.9989563401842891, 0.00028663690762715697]
(9, 2);4;102;2;stop;1.0;True;True;705;[0.9993352543365719, 0.0002233177950661309]
(9, 2);5;270;2;stop;1.0;True;True;565;[0.9938940608298781, 0.0043918729777961026]
(9, 2);6;136;2;stop;1.0;True;True;774;[0.9990831682195428, 0.00037978037430171384]
(9, 2);7;91;2;stop;1.0;True;True;882;[0.9980383328247858, 0.00047215009954703783]
(9, 2);8;111;2;stop;1.0;True;True;566;[0.9992233590970523, 0.00013973297967677408]
(9, 2);9;163;2;stop;1.0;True;True;927;[0.999493617064232, 0.0002002124708506334]
(9, 3);0;56;2;stop;1.0;True;False;1446;[0.009409596918501587, 0.9902722366668195]
(9, 3);1;173;2;stop;1.0;True;False;852;[0.03512149991018138, 0.9642141348188569]
(9, 3);2;77;2;stop;1.0;True;False;486;[0.03846252279266235, 0.9614421784226735]
(9, 3);3;131;2;stop;1.0;True;False;570;[0.03963310501745689, 0.9602223405085816]
(9, 3);4;167;2;stop;1.0;True;False;961;[0.03962605648993855, 0.9600514558534398]
(9, 3);5;68;2;stop;1.0;True;False;428;[0.00970616961225466, 0.9900561334754575]
(9, 3);6;53;2;stop;1.0;True;False;669;[0.028419637662548753, 0.9710037265678606]
(9, 3);7;74;2;stop;1.0;True;False;1297;[0.12246674651435634, 0.8770723938440921]
(9, 3);8;99;2;stop;1.0;True;False;479;[0.02441462230325912, 0.9752386613752317]
(9, 3);9;147;2;stop;1.0;True;False;568;[0.2016834559340019, 0.7976735657352731]
(10, 0);0;80;0;stop;1.0;True;True;248;[0.9996395219049129, 0.00014880698582902318]
(10, 0);1;61;0;stop;1.0;True;True;313;[0.9997121924341353, 7.965641303614493e-05]
(10, 0);2;113;0;stop;1.0;True;True;639;[0.9991183907447471, 0.00028668338229807913]
(10, 0);3;319;0;stop;1.0;True;True;432;[0.9984601642050177, 0.00048734360088588857]
(10, 0);4;265;0;stop;1.0;True;True;488;[0.9986831624155185, 0.0004169403045088496]
(10, 0);5;149;0;stop;1.0;True;True;529;[0.999199078719327, 0.0003051976109428745]
(10, 0);6;35;0;stop;1.0;True;True;394;[0.9996821698677187, 0.00013549611718079765]
(10, 0);7;116;0;stop;1.0;True;True;467;[0.9991386210410864, 0.00016853584150175403]
(10, 0);8;178;0;stop;1.0;True;True;669;[0.9992420462286222, 0.00023038513001712716]
(10, 0);9;135;0;stop;1.0;True;True;430;[0.9993822816214099, 0.00019708647208171702]
(10, 1);0;73;0;stop;1.0;True;False;380;[0.006486717357520369, 0.9932740989904291]
(10, 1);1;120;0;stop;1.0;True;False;478;[0.022281358148092113, 0.9775020691424084]
(10, 1);2;79;0;stop;1.0;True;False;559;[0.01281940409557857, 0.987039282513827]
(10, 1);3;113;0;stop;1.0;True;False;538;[0.005554564473715548, 0.9943807571672985]
(10, 1);4;55;0;stop;1.0;True;False;552;[0.010326730982528372, 0.9895358392901337]
(10, 1);5;111;0;stop;1.0;True;False;415;[0.008846658231353234, 0.9910744782529419]
(10, 1);6;78;0;stop;1.0;True;False;544;[0.005910432426751832, 0.9939816803022743]
(10, 1);7;93;0;stop;1.0;True;False;381;[0.012049648753901047, 0.9876078794666875]
(10, 1);8;108;0;stop;1.0;True;False;548;[0.007814608694678917, 0.9920215926838278]
(10, 1);9;88;0;stop;1.0;True;False;369;[0.015896665505962068, 0.9834918307699414]
(10, 2);0;87;0;stop;1.0;True;False;390;[0.007343435192805516, 0.992330813506524]
(10, 2);1;94;0;stop;1.0;True;False;710;[0.012052567933344705, 0.9878468786551521]
(10, 2);2;84;0;stop;1.0;True;False;538;[0.003375944663980527, 0.9964264049490599]
(10, 2);3;78;0;stop;1.0;True;False;478;[0.010323102507547647, 0.9891877637279708]
(10, 2);4;181;0;stop;1.0;True;False;589;[0.0018100700991214554, 0.9981119584492476]
(10, 2);5;85;0;stop;1.0;True;False;558;[0.02032863060748878, 0.9794882843540241]
(10, 2);6;73;0;stop;1.0;True;False;551;[0.004069654711212351, 0.9958119100362156]
(10, 2);7;41;0;stop;1.0;True;False;285;[0.0071203087439123715, 0.9927224566326058]
(10, 2);8;75;0;stop;1.0;True;False;503;[0.0050598065834568575, 0.9948365465865783]
(10, 2);9;91;0;stop;1.0;True;False;369;[0.010011779402199775, 0.9898092905501383]
(10, 3);0;75;0;stop;1.0;True;False;491;[0.008576409311210727, 0.991298289149294]
(10, 3);1;95;0;stop;1.0;True;False;416;[0.0018673115112898576, 0.9979966562728187]
(10, 3);2;86;0;stop;1.0;True;False;420;[0.0005357312110804595, 0.9993721614829648]
(10, 3);3;111;0;stop;1.0;True;False;377;[0.021611078794873048, 0.9781920268521753]
(10, 3);4;76;0;stop;1.0;True;False;383;[0.002322646019010376, 0.997454819717811]
(10, 3);5;218;0;stop;1.0;True;False;340;[0.012051309381478376, 0.9877435887554065]
(10, 3);6;122;0;stop;1.0;True;False;503;[0.0034830272691885157, 0.9964029703499344]
(10, 3);7;91;0;stop;1.0;True;False;598;[0.0059098349744243625, 0.9938815787071277]
(10, 3);8;77;0;stop;1.0;True;False;315;[0.011328539405084187, 0.9883879901328225]
(10, 3);9;71;0;stop;1.0;True;False;409;[0.004467663894947547, 0.9953709350212576]
(11, 0);0;55;0;stop;1.0;True;True;390;[0.999785826793404, 7.721131249795078e-05]
(11, 0);1;92;0;stop;1.0;True;True;560;[0.9993309685143967, 0.00031492706697160535]
(11, 0);2;66;0;stop;1.0;True;True;442;[0.9997768900010263, 8.219030887173676e-05]
(11, 0);3;52;0;stop;1.0;True;True;396;[0.999682527265608, 8.218254934216948e-05]
(11, 0);4;50;0;stop;1.0;True;True;415;[0.9997235109208278, 0.0001038927370523957]
(11, 0);5;51;0;stop;1.0;True;True;269;[0.9996482179709064, 7.965132345830722e-05]
(11, 0);6;62;0;stop;1.0;True;True;326;[0.999463131345445, 0.0001559208706791748]
(11, 0);7;81;0;stop;1.0;True;True;445;[0.9994879008411351, 0.00028678948212720846]
(11, 0);8;76;0;stop;1.0;True;True;434;[0.9998604253986084, 0.00010889360684020336]
(11, 0);9;83;0;stop;1.0;True;True;491;[0.9996975383250994, 7.72045384261258e-05]
(11, 1);0;72;0;stop;0.9;True;False;638;[0.0038238780563171764, 0.9960177610546695]
(11, 1);1;54;0;stop;0.9;True;False;392;[0.005383396381726118, 0.9943304278056743]
(11, 1);2;80;0;stop;0.1;False;True;717;[0.9987064664795767, 0.0012447829071371727]
(11, 1);3;68;0;stop;0.9;True;False;943;[0.017973265469473077, 0.9813071488739552]
(11, 1);4;105;0;stop;0.9;True;False;615;[0.005910260512110161, 0.9939531787924121]
(11, 1);5;56;0;stop;0.9;True;False;1072;[0.0062870910807397914, 0.9932658660030883]
(11, 1);6;73;0;stop;0.9;True;False;762;[0.006096229695212993, 0.9936852019124397]
(11, 1);7;78;0;stop;0.9;True;False;419;[0.007343221596923074, 0.9923019369956478]
(11, 1);8;54;0;stop;0.9;True;False;671;[0.006691549299595893, 0.9931140559353343]
(11, 1);9;55;0;stop;0.9;True;False;570;[0.006289088011626328, 0.9935815116071584]
(11, 2);0;70;0;stop;1.0;True;False;229;[0.039620841764471185, 0.9599252254779276]
(11, 2);1;90;0;stop;1.0;True;False;615;[0.0035919286567428245, 0.9959424342396723]
(11, 2);2;59;0;stop;1.0;True;False;510;[0.004466924725291711, 0.9952063192860079]
(11, 2);3;32;0;stop;1.0;True;False;357;[0.001064876133278691, 0.9988536876674046]
(11, 2);4;62;0;stop;1.0;True;False;697;[0.009410588563596386, 0.9903767576243032]
(11, 2);5;88;0;stop;1.0;True;False;273;[0.014498828863994893, 0.9851734389948323]
(11, 2);6;70;0;stop;1.0;True;False;339;[0.01363351486023732, 0.9861229822312957]
(11, 2);7;65;0;stop;1.0;True;False;409;[0.0015485480535624297, 0.9983141281104818]
(11, 2);8;102;0;stop;1.0;True;False;705;[0.008060122448506998, 0.9917082274979653]
(11, 2);9;54;0;stop;1.0;True;False;307;[0.002251503476877143, 0.9975957401069241]
(11, 3);0;117;0;stop;1.0;True;False;402;[0.03208131528042948, 0.9673145637828172]
(11, 3);1;94;0;stop;1.0;True;False;274;[0.015413587466242367, 0.9838756017998266]
(11, 3);2;84;0;stop;1.0;True;False;520;[0.008576797827321597, 0.9913428058972533]
(11, 3);3;62;0;stop;1.0;True;False;392;[0.01449961011962261, 0.985226780130546]
(11, 3);4;74;0;stop;1.0;True;False;367;[0.014492075869120899, 0.9847148996266961]
(11, 3);5;74;0;stop;1.0;True;False;527;[0.0029804059508228655, 0.9968094428193038]
(11, 3);6;64;0;stop;1.0;True;False;412;[0.0034828661717421576, 0.9963568147588471]
(11, 3);7;68;0;stop;1.0;True;False;558;[0.01797974579999403, 0.9816607289233834]
(11, 3);8;55;0;stop;1.0;True;False;349;[0.005910009694799766, 0.9939110181627908]
(11, 3);9;62;0;stop;1.0;True;False;610;[0.004904998011938835, 0.9950117796625537]
(12, 0);0;84;1;stop;1.0;True;False;407;[0.05031462369446159, 0.9493672414394326]
(12, 0);1;115;1;stop;1.0;True;False;455;[0.00711678197595388, 0.9922305746038143]
(12, 0);2;61;1;stop;1.0;True;False;401;[0.009706336231128817, 0.9900730765028312]
(12, 0);3;47;1;stop;1.0;True;False;448;[0.002182352706706024, 0.9976507907483014]
(12, 0);4;187;1;stop;1.0;True;False;232;[0.038104281167887985, 0.8947789344357399]
(12, 0);5;232;1;stop;1.0;True;False;492;[0.027573294267191475, 0.9719920190020386]
(12, 0);6;64;1;stop;1.0;True;False;400;[0.01321970256516531, 0.9865443131796375]
(12, 0);7;248;1;stop;1.0;True;False;544;[0.0038098838561844268, 0.9923728400996777]
(12, 0);8;107;1;stop;1.0;True;False;375;[0.026752977976122944, 0.9730113316019268]
(12, 0);9;141;1;stop;1.0;True;False;473;[0.004198232807629304, 0.9956679478984106]
(12, 1);0;120;1;stop;1.0;True;True;655;[0.999890577847346, 6.013853908829472e-05]
(12, 1);1;133;1;stop;1.0;True;True;517;[0.9997959553400235, 0.00010228944305206983]
(12, 1);2;80;1;stop;1.0;True;True;388;[0.9994250267553045, 0.00013976123360067322]
(12, 1);3;101;1;stop;1.0;True;True;435;[0.9998953451992663, 4.133277024707392e-05]
(12, 1);4;78;1;stop;1.0;True;True;511;[0.9995590009821427, 0.00024532135564157376]
(12, 1);5;70;1;stop;1.0;True;True;447;[0.9997792731339699, 7.966180682429465e-05]
(12, 1);6;182;1;stop;1.0;True;True;471;[0.9994160964166515, 0.00014419649373769193]
(12, 1);7;45;1;stop;1.0;True;True;274;[0.9997491274096325, 0.0001398065584261777]
(12, 1);8;185;1;stop;1.0;True;True;270;[0.9984283154509929, 0.0010316734506491578]
(12, 1);9;106;1;stop;1.0;True;True;317;[0.999831823980078, 7.03049853232568e-05]
(12, 2);0;103;1;stop;1.0;True;False;490;[0.007576327697776107, 0.9923029933033116]
(12, 2);1;133;1;stop;1.0;True;False;514;[0.03731218018445406, 0.9622937383121521]
(12, 2);2;85;1;stop;1.0;True;False;353;[0.004904789855562932, 0.9949697650175032]
(12, 2);3;122;1;stop;1.0;True;False;428;[0.00555401888422802, 0.9942830498284628]
(12, 2);4;72;1;stop;1.0;True;False;469;[0.004330951720781313, 0.9955421033923242]
(12, 2);5;85;1;stop;1.0;True;False;435;[0.006096502950768272, 0.9937295801350208]
(12, 2);6;75;1;stop;1.0;True;False;769;[0.007575594360331946, 0.9922069852601403]
(12, 2);7;153;1;stop;1.0;True;False;419;[0.17266176194045166, 0.8237231601230081]
(12, 2);8;75;1;stop;1.0;True;False;474;[0.004330893896723427, 0.995528752685408]
(12, 2);9;87;1;stop;1.0;True;False;406;[0.042071126206750374, 0.9575343511573841]
(12, 3);0;108;1;stop;1.0;True;False;449;[0.006096151209179454, 0.9936726071966997]
(12, 3);1;148;1;stop;1.0;True;False;470;[0.031140504532241993, 0.9687526031192331]
(12, 3);2;78;1;stop;1.0;True;False;459;[0.01362698945201542, 0.9856510511737878]
(12, 3);3;56;1;stop;1.0;True;False;467;[0.007814087030679184, 0.9919555495313838]
(12, 3);4;69;1;stop;1.0;True;False;405;[0.018538820572084506, 0.9810436536429507]
(12, 3);5;139;1;stop;1.0;True;False;442;[0.0293010252958677, 0.9703167967376587]
(12, 3);6;68;1;stop;1.0;True;False;446;[0.0019264338486751431, 0.9979173493387655]
(12, 3);7;76;1;stop;1.0;True;False;374;[0.005219645484607942, 0.9946883839853149]
(12, 3);8;125;1;stop;1.0;True;False;463;[0.0028891327835382113, 0.9969557498580505]
(12, 3);9;70;1;stop;1.0;True;False;215;[0.023678791459869765, 0.9758703639445181]
(13, 0);0;59;1;stop;1.0;True;False;580;[0.004754533693486816, 0.9951052625892696]
(13, 0);1;211;1;stop;1.0;True;False;810;[0.013219116339141232, 0.9865005751041561]
(13, 0);2;27;1;stop;1.0;True;False;682;[0.05664010589108148, 0.943142459064565]
(13, 0);3;118;1;stop;1.0;True;False;608;[0.014502037120182753, 0.9853918150736494]
(13, 0);4;85;1;stop;1.0;True;False;1213;[0.009410763570637653, 0.9903954660335844]
(13, 0);5;227;1;stop;1.0;True;False;693;[0.01590405025837813, 0.983948885149664]
(13, 0);6;124;1;stop;1.0;True;False;634;[0.013633235321544424, 0.9861029282834948]
(13, 0);7;174;1;stop;1.0;True;False;719;[0.01971367694145256, 0.980009855164179]
(13, 0);8;85;1;stop;1.0;True;False;752;[0.016910030887528172, 0.9828015178602022]
(13, 0);9;77;1;stop;1.0;True;False;665;[0.012430082853737492, 0.9874439613320589]
(13, 1);0;51;1;stop;1.0;True;True;689;[0.999833373179526, 7.253677429801703e-05]
(13, 1);1;85;1;stop;1.0;True;True;648;[0.9997735536331779, 0.00011590658177764399]
(13, 1);2;150;1;stop;1.0;True;True;906;[0.9996689462356391, 9.607985157618732e-05]
(13, 1);3;77;1;stop;1.0;True;True;626;[0.9999308633958958, 4.0062546421751844e-05]
(13, 1);4;204;1;stop;1.0;True;True;557;[0.9997332807798672, 9.608599090773889e-05]
(13, 1);5;119;1;stop;1.0;True;True;650;[0.9998412384322287, 8.749680234154603e-05]
(13, 1);6;149;1;stop;1.0;True;True;885;[0.9998381399822601, 7.25371201811349e-05]
(13, 1);7;53;1;stop;1.0;True;True;415;[0.9998755609865043, 6.60483190049553e-05]
(13, 1);8;135;1;stop;1.0;True;True;573;[0.9998454094489259, 8.480513224512305e-05]
(13, 1);9;80;1;stop;1.0;True;True;704;[0.9998062032627272, 8.74937149882495e-05]
(13, 2);0;123;1;stop;1.0;True;False;572;[0.006690828222316558, 0.993006958110726]
(13, 2);1;48;1;stop;1.0;True;False;463;[0.008061025690095735, 0.9918191488558997]
(13, 2);2;148;1;stop;1.0;True;False;886;[0.017984255979713232, 0.9819069708729702]
(13, 2);3;157;1;stop;1.0;True;False;1210;[0.003483123599056435, 0.9964307841642797]
(13, 2);4;146;1;stop;1.0;True;False;1027;[0.009706040021774396, 0.9900430467412742]
(13, 2);5;38;1;stop;1.0;True;False;567;[0.01640014586894535, 0.983423919223664]
(13, 2);6;222;1;stop;1.0;True;False;1494;[0.18224072679136522, 0.8167462490903914]
(13, 2);7;81;1;stop;1.0;True;False;1228;[0.0071206143209701245, 0.992765103565921]
(13, 2);8;67;1;stop;1.0;True;False;690;[0.008845958002115385, 0.990996151024722]
(13, 2);9;70;1;stop;1.0;True;False;712;[0.006288524249175288, 0.9934923151395966]
(13, 3);0;60;1;stop;1.0;True;False;835;[0.0053836351183387575, 0.9943743921762755]
(13, 3);1;147;1;stop;1.0;True;False;526;[0.002396610121814649, 0.9975530326815865]
(13, 3);2;98;1;stop;1.0;True;False;699;[0.013215624735654628, 0.9862399637615833]
(13, 3);3;132;1;stop;1.0;True;False;959;[0.0025508108393479945, 0.9974091595114215]
(13, 3);4;47;1;stop;1.0;True;False;993;[0.01281953246435388, 0.9870495028100958]
(13, 3);5;80;1;stop;1.0;True;False;1854;[0.00263149615842791, 0.9973010149766999]
(13, 3);6;139;1;stop;1.0;True;False;747;[0.005219625573278562, 0.9946847275869629]
(13, 3);7;54;1;stop;1.0;True;False;595;[0.006902908495202321, 0.9929624096348988]
(13, 3);8;143;1;stop;1.0;True;False;447;[0.020326251005670544, 0.979373699861294]
(13, 3);9;59;1;stop;1.0;True;False;566;[0.0008040165279768046, 0.9991098228980301]
(14, 0);0;114;0;stop;1.0;True;True;475;[0.9991840826471678, 0.0003351888863404741]
(14, 0);1;49;0;stop;1.0;True;True;291;[0.9997018272905177, 0.00011957718445633536]
(14, 0);2;63;0;stop;1.0;True;True;388;[0.9996353525762656, 0.0001739723283985638]
(14, 0);3;107;0;stop;1.0;True;True;448;[0.9992829937359831, 0.0003249084319802601]
(14, 0);4;122;0;stop;1.0;True;True;386;[0.9997030186795318, 0.00014881649433063103]
(14, 0);5;114;0;stop;1.0;True;True;320;[0.9997214854780982, 8.479461895489529e-05]
(14, 0);6;69;0;stop;1.0;True;True;404;[0.9995697204897156, 0.00017948299190983502]
(14, 0);7;98;0;stop;1.0;True;True;384;[0.9986616427796715, 0.00037962014045943873]
(14, 0);8;113;0;stop;1.0;True;True;469;[0.9993385877729901, 0.00023772123555058794]
(14, 0);9;112;0;stop;1.0;True;True;344;[0.9998019134130395, 7.483698343257072e-05]
(14, 1);0;75;0;stop;1.0;True;False;461;[0.026754394019950518, 0.9730627989713053]
(14, 1);1;119;0;stop;1.0;True;False;376;[0.002800559987160149, 0.9970685597986011]
(14, 1);2;64;0;stop;1.0;True;False;418;[0.004754687861393023, 0.9951377262714001]
(14, 1);3;92;0;stop;1.0;True;False;430;[0.0038241005135795166, 0.996075949650573]
(14, 1);4;113;0;stop;1.0;True;False;373;[0.01495245309923785, 0.9847376720826594]
(14, 1);5;71;0;stop;1.0;True;False;404;[0.010326839314815811, 0.9895458771584431]
(14, 1);6;121;0;stop;1.0;True;False;299;[0.003172460726251459, 0.9967573277093156]
(14, 1);7;160;0;stop;1.0;True;False;428;[0.02928533216274466, 0.9697970807788404]
(14, 1);8;70;0;stop;1.0;True;False;510;[0.008575149822102746, 0.991152466439081]
(14, 1);9;126;0;stop;1.0;True;False;292;[0.009704758094887241, 0.9899120782818117]
(14, 2);0;97;0;stop;1.0;True;False;567;[0.006691549299595893, 0.9931139384718297]
(14, 2);1;78;0;stop;1.0;True;False;403;[0.00669172798562531, 0.9931403930836917]
(14, 2);2;92;0;stop;1.0;True;False;600;[0.02368021980529328, 0.975929173771064]
(14, 2);3;77;0;stop;1.0;True;False;314;[0.007815171385602395, 0.9920931599475951]
(14, 2);4;102;0;stop;1.0;True;False;436;[0.014500578105336089, 0.9852926248840295]
(14, 2);5;107;0;stop;1.0;True;False;314;[0.01640070893293535, 0.9834575858969471]
(14, 2);6;102;0;stop;1.0;True;False;458;[0.010326405992484675, 0.9895043236995255]
(14, 2);7;121;0;stop;1.0;True;False;612;[0.006487509241467078, 0.9933953704736053]
(14, 2);8;109;0;stop;1.0;True;False;370;[0.004904198178381312, 0.9948497606132086]
(14, 2);9;83;0;stop;1.0;True;False;581;[0.007814400024900036, 0.9919950810302846]
(14, 3);0;69;0;stop;1.0;True;False;394;[0.015418872857753285, 0.9842130213608539]
(14, 3);1;91;0;stop;1.0;True;False;378;[0.02032742380922776, 0.9794301868139064]
(14, 3);2;83;0;stop;1.0;True;False;511;[0.005729590124306503, 0.9941557878480652]
(14, 3);3;55;0;stop;1.0;True;False;349;[0.009124474349337925, 0.9907481362623588]
(14, 3);4;113;0;stop;1.0;True;False;395;[0.008844114892548936, 0.9907897954734136]
(14, 3);5;83;0;stop;1.0;True;False;394;[0.014954399684606594, 0.9848660031717981]
(14, 3);6;107;0;stop;1.0;True;False;407;[0.0197141845595272, 0.980035159332632]
(14, 3);7;148;0;stop;1.0;True;False;409;[0.014498497015935674, 0.9851508784949254]
(14, 3);8;88;0;stop;1.0;True;False;403;[0.0069022304664700645, 0.992864863392078]
(14, 3);9;66;0;stop;1.0;True;False;431;[0.016400067667142297, 0.9834191932689542]
(15, 0);0;69;0;stop;1.0;True;True;754;[0.9997600892670062, 9.608855671476342e-05]
(15, 0);1;94;0;stop;1.0;True;True;520;[0.9998096589988692, 8.219297392968905e-05]
(15, 0);2;87;0;stop;1.0;True;True;564;[0.9995202936309318, 0.000230449294966175]
(15, 0);3;75;0;stop;1.0;True;True;577;[0.9997494848605565, 8.748870870095201e-05]
(15, 0);4;59;0;stop;1.0;True;True;552;[0.9998135914223677, 7.966454184233408e-05]
(15, 0);5;170;0;stop;1.0;True;True;697;[0.9964919798873565, 0.0023940607652561826]
(15, 0);6;69;0;stop;1.0;True;True;487;[0.9997480550576275, 0.00013550503359667827]
(15, 0);7;273;0;stop;1.0;True;True;897;[0.9990975663379306, 0.0007095336372158547]
(15, 0);8;84;0;stop;1.0;True;True;655;[0.999764140458477, 0.0001233807373983971]
(15, 0);9;80;0;stop;1.0;True;True;205;[0.9994066899524746, 0.0001910274953769889]
(15, 1);0;109;0;stop;0.7;True;False;646;[0.01001098217787314, 0.9897305784679841]
(15, 1);1;210;0;stop;0.7;True;False;651;[0.029252499484305253, 0.9687097557790824]
(15, 1);2;192;0;stop;0.3;False;True;1258;[0.5218366669736725, 0.41930754169200657]
(15, 1);3;86;0;stop;0.7;True;False;604;[0.011329425346164592, 0.9884652062844048]
(15, 1);4;156;0;stop;0.3;False;True;1141;[0.9961465648515538, 0.00033417007980189524]
(15, 1);5;189;0;stop;0.7;True;False;1256;[0.025168752529770008, 0.9744306015648311]
(15, 1);6;162;0;stop;0.7;True;False;583;[0.014953130453677833, 0.9847825261258587]
(15, 1);7;125;0;stop;0.3;False;True;827;[0.9992193122779903, 0.00022329181393923253]
(15, 1);8;296;0;stop;0.7;True;False;1354;[0.2940932934658435, 0.7054931147912937]
(15, 1);9;157;0;stop;0.7;True;False;1517;[0.0029807456294027044, 0.9969228120796819]
(15, 2);0;154;0;stop;1.0;True;False;731;[0.01282031493039962, 0.9871094358820373]
(15, 2);1;78;0;stop;1.0;True;False;423;[0.04466847123954895, 0.9550541156566851]
(15, 2);2;291;0;stop;1.0;True;False;1050;[0.19606525394145558, 0.7754530758167564]
(15, 2);3;164;0;stop;1.0;True;False;619;[0.03020437505993279, 0.9694575952988709]
(15, 2);4;214;0;stop;1.0;True;False;823;[0.1159123686056384, 0.8564830197121728]
(15, 2);5;158;0;stop;1.0;True;False;821;[0.0735961145645619, 0.8965842412542355]
(15, 2);6;192;0;stop;1.0;True;False;581;[0.15158686662786597, 0.7942584264550728]
(15, 2);7;220;0;stop;1.0;True;False;721;[0.25795220953289244, 0.701186824681117]
(15, 2);8;139;0;stop;1.0;True;False;561;[0.006096174464195158, 0.9936763741655594]
(15, 2);9;155;0;stop;1.0;True;False;606;[0.01168208919454676, 0.9878757285649385]
(15, 3);0;220;0;stop;0.9;True;False;679;[0.15498893078502118, 0.8378622313009437]
(15, 3);1;370;0;stop;0.9;True;False;869;[0.05316009338220901, 0.9422852787624544]
(15, 3);2;84;0;stop;0.9;True;False;1015;[0.007119901328234301, 0.9926657166263462]
(15, 3);3;198;0;stop;0.9;True;False;956;[0.05921072861805148, 0.9262115347553485]
(15, 3);4;192;0;stop;0.9;True;False;507;[0.02440785353554024, 0.9749683292991798]
(15, 3);5;117;0;stop;0.9;True;False;526;[0.2563688666620635, 0.7418279348934528]
(15, 3);6;212;0;stop;0.9;True;False;974;[0.22716453551266041, 0.699715988056411]
(15, 3);7;88;0;stop;0.9;True;False;763;[0.05337428940602389, 0.9460818675613948]
(15, 3);8;244;0;stop;0.1;False;True;628;[0.49507797489611827, 0.479846026926563]
(15, 3);9;182;0;stop;0.9;True;False;677;[0.05028952245316892, 0.9488937607234779]
(16, 0);0;39;3;stop;0.8;True;False;399;[0.0026311912608712575, 0.9971851887781954]
(16, 0);1;107;3;stop;0.8;True;False;448;[0.006686748899356589, 0.9924014862259988]
(16, 0);2;122;3;stop;0.8;True;False;353;[0.006288713163940876, 0.9935222024712129]
(16, 0);3;82;3;stop;0.8;True;False;549;[0.004331133458560852, 0.9955838116552345]
(16, 0);4;63;3;stop;0.2;False;True;523;[0.9997637830023131, 9.026718970608725e-05]
(16, 0);5;74;3;stop;0.8;True;False;1065;[0.0059086487033263154, 0.9936820239515458]
(16, 0);6;77;3;stop;0.8;True;False;911;[0.011674087193700682, 0.9871989998365078]
(16, 0);7;83;3;stop;0.2;False;True;666;[0.9993276351615621, 0.0002610829616571964]
(16, 0);8;62;3;stop;0.8;True;False;912;[0.0029800478379266716, 0.9966895859686911]
(16, 0);9;91;3;stop;0.8;True;False;390;[0.005384400173640331, 0.9945156225022392]
(16, 1);0;81;3;stop;0.6;True;False;1167;[0.0014548192243310411, 0.9983776942897773]
(16, 1);1;133;3;stop;0.4;False;True;667;[0.9984794170344221, 0.0004040299345319948]
(16, 1);2;197;3;stop;0.6;True;False;520;[0.023680473867852322, 0.975939733484981]
(16, 1);3;80;3;stop;0.6;True;False;346;[0.004467284709068183, 0.9952868493670164]
(16, 1);4;150;3;stop;0.4;False;True;908;[0.999138978070178, 0.0006069214586729889]
(16, 1);5;171;3;stop;0.6;True;False;558;[0.013220036662593393, 0.9865693744409844]
(16, 1);6;60;3;stop;0.4;False;True;786;[0.9993741854908211, 0.0003798910384857906]
(16, 1);7;123;3;stop;0.6;True;False;474;[0.04466392400921726, 0.9549566994716665]
(16, 1);8;147;3;stop;0.4;False;True;1076;[0.9994788503280827, 0.00023775456405630797]
(16, 1);9;48;3;stop;0.6;True;False;672;[0.008845953784034915, 0.9909957993857543]
(16, 2);0;105;3;stop;1.0;False;True;527;[0.9991736094515951, 0.00017389187922859834]
(16, 2);1;108;3;stop;1.0;False;True;651;[0.9992789464427402, 0.00037985481098063643]
(16, 2);2;60;3;stop;1.0;False;True;662;[0.9996228448983105, 0.00020339154266562536]
(16, 2);3;126;3;stop;1.0;False;True;609;[0.9994239551290687, 0.00033526945060100266]
(16, 2);4;114;3;stop;1.0;False;True;468;[0.9994241932358139, 0.00015591477419144378]
(16, 2);5;64;3;stop;1.0;False;True;478;[0.9995021915183533, 0.00013547169695911902]
(16, 2);6;93;3;stop;1.0;False;True;1394;[0.9995397064781977, 0.00018517474249028676]
(16, 2);7;66;3;stop;1.0;False;True;502;[0.999560787549058, 0.00013131130972313224]
(16, 2);8;73;3;stop;1.0;False;True;454;[0.9995125525267355, 0.00027797278977376616]
(16, 2);9;42;3;stop;1.0;False;True;335;[0.9997578253893002, 0.00011590470266166414]
(16, 3);0;98;3;stop;1.0;True;True;559;[0.9958671186863315, 0.0002726649495465102]
(16, 3);1;306;3;stop;1.0;True;True;912;[0.9949717716536896, 6.996320321832908e-05]
(16, 3);2;68;3;stop;1.0;True;True;366;[0.9978343758517945, 0.0002818761686522658]
(16, 3);3;173;3;stop;1.0;True;True;674;[0.9666241545900844, 0.00013517435644390621]
(16, 3);4;101;3;stop;1.0;True;True;423;[0.9991155348070632, 0.00016853198406661664]
(16, 3);5;183;3;stop;1.0;True;True;443;[0.9995114806612027, 0.00015351100783163728]
(16, 3);6;84;3;stop;1.0;True;True;781;[0.9979797965333285, 0.00024493399557043406]
(16, 3);7;188;3;stop;1.0;True;True;605;[0.9989399238178323, 0.0001909382490031732]
(16, 3);8;249;3;stop;1.0;True;True;484;[0.9979311203333733, 7.951448269626861e-05]
(16, 3);9;106;3;stop;1.0;True;True;564;[0.9983422864102259, 0.00014861382525328023]
(17, 0);0;63;0;stop;1.0;True;True;504;[0.9995722217343876, 0.00012727274195888444]
(17, 0);1;67;0;stop;1.0;True;True;588;[0.9996081934372119, 0.00010886609032283073]
(17, 0);2;64;0;stop;1.0;True;True;465;[0.999178965030747, 0.0001608246183757199]
(17, 0);3;179;0;stop;1.0;True;True;543;[0.9985073468156962, 0.0002910200322021358]
(17, 0);4;126;0;stop;1.0;True;True;483;[0.9992993022567985, 0.00026107549212059996]
(17, 0);5;79;0;stop;1.0;True;True;607;[0.9996279670574593, 0.0001535288696103761]
(17, 0);6;100;0;stop;1.0;True;True;598;[0.9993435879484659, 0.00026108694549743035]
(17, 0);7;113;0;stop;1.0;True;True;729;[0.9996756175860276, 9.608049298053564e-05]
(17, 0);8;94;0;stop;1.0;True;True;454;[0.9993822816214099, 0.00027793647406129657]
(17, 0);9;114;0;stop;1.0;True;True;542;[0.9993334686090304, 0.0001441845302991444]
(17, 1);0;264;0;stop;0.6;False;True;614;[0.7540217992860071, 0.24479504487564527]
(17, 1);1;55;0;stop;0.6;False;True;496;[0.9971448869841472, 0.0003560785819698038]
(17, 1);2;155;0;stop;0.6;False;True;836;[0.9991508785700958, 0.0003248653647359157]
(17, 1);3;225;0;stop;0.4;True;False;455;[0.01242806779445665, 0.9872839322113933]
(17, 1);4;74;0;stop;0.4;True;False;520;[0.0049044063096467866, 0.9948918827685002]
(17, 1);5;60;0;stop;0.6;False;True;392;[0.9994170489528312, 0.00022333611144755613]
(17, 1);6;85;0;stop;0.4;True;False;498;[0.0003920214754378103, 0.9995561425049928]
(17, 1);7;114;0;stop;0.4;True;False;627;[0.0041981287115029926, 0.9956432489606161]
(17, 1);8;92;0;stop;0.6;False;True;528;[0.9978278477330736, 0.00028631316106079627]
(17, 1);9;203;0;stop;0.6;False;True;904;[0.9983749614607499, 0.0009998787947814523]
(17, 2);0;93;0;stop;0.5;False;True;502;[0.9994539621451838, 0.0002958829990138421]
(17, 2);1;66;0;stop;0.5;False;True;422;[0.9997089756458994, 0.00016863214525969714]
(17, 2);2;73;0;stop;0.5;False;True;561;[0.9997380466107655, 0.00012337744282125355]
(17, 2);3;112;0;stop;0.5;True;False;696;[0.007814329227491028, 0.9919859301657674]
(17, 2);4;92;0;stop;0.5;True;False;673;[0.0009398233817855984, 0.9989319537833888]
(17, 2);5;123;0;stop;0.5;True;False;435;[0.005729325118532397, 0.9941097222324338]
(17, 2);6;66;0;stop;0.5;True;False;833;[0.002800393065751637, 0.9970091892216946]
(17, 2);7;106;0;stop;0.5;True;False;753;[0.004069520814596553, 0.9957788118185263]
(17, 2);8;172;0;stop;0.5;False;True;518;[0.9981048329003159, 0.0007313291995432285]
(17, 2);9;97;0;stop;0.5;False;True;475;[0.9994719434234494, 0.0003569094907741813]
(17, 3);0;171;0;stop;1.0;True;False;426;[0.037303569930429714, 0.9620716841186285]
(17, 3);1;55;0;stop;1.0;True;False;347;[0.00124457280507494, 0.998538012041029]
(17, 3);2;172;0;stop;1.0;True;False;565;[0.007813494611655685, 0.9918801317924592]
(17, 3);3;91;0;stop;1.0;True;False;648;[0.015418534656052698, 0.9841913123768149]
(17, 3);4;130;0;stop;1.0;True;False;492;[0.005728767826796031, 0.9940131283515771]
(17, 3);5;71;0;stop;1.0;True;False;360;[0.009707317489183836, 0.990173231161625]
(17, 3);6;96;0;stop;1.0;True;False;716;[0.012425750880119109, 0.9870995624636008]
(17, 3);7;66;0;stop;1.0;True;False;522;[0.003592773149172082, 0.9961763754714643]
(17, 3);8;164;0;stop;1.0;True;False;433;[0.026744719214083883, 0.972710987710758]
(17, 3);9;72;0;stop;1.0;True;False;650;[0.011327448280189834, 0.9882926208953708]
(18, 0);0;172;1;stop;1.0;True;False;678;[0.003272502181133304, 0.9965555511630106]
(18, 0);1;72;1;stop;1.0;True;False;604;[0.005384243559511342, 0.9944869723109707]
(18, 0);2;104;1;stop;1.0;True;False;529;[0.0023964341381912135, 0.9974799642159207]
(18, 0);3;55;1;stop;1.0;True;False;852;[0.002182244484195743, 0.9976016720900102]
(18, 0);4;35;1;stop;1.0;True;False;448;[0.0021155668595957636, 0.997819895283435]
(18, 0);5;144;1;stop;1.0;True;False;403;[0.0040693655776582426, 0.9957411057301035]
(18, 0);6;92;1;stop;1.0;True;False;424;[0.028428372971807565, 0.9713022298343126]
(18, 0);7;143;1;stop;1.0;True;False;349;[0.010650462847115542, 0.9891574365475758]
(18, 0);8;68;1;stop;1.0;True;False;433;[0.008060264654299135, 0.9917256966271365]
(18, 0);9;78;1;stop;1.0;True;False;480;[0.0034827681882800116, 0.996328886789312]
(18, 1);0;91;1;stop;1.0;True;True;482;[0.9994409826676494, 0.00028677608075593154]
(18, 1);1;100;1;stop;1.0;True;True;388;[0.9995803210984381, 0.00018518233629101526]
(18, 1);2;47;1;stop;1.0;True;True;338;[0.9996115286859287, 0.00011588779198870453]
(18, 1);3;65;1;stop;1.0;True;True;542;[0.9995865148099895, 0.00013131469092869923]
(18, 1);4;60;1;stop;1.0;True;True;299;[0.9996546507885062, 9.60784771527164e-05]
(18, 1);5;119;1;stop;1.0;True;True;424;[0.9996031905995482, 0.00011232133539964173]
(18, 1);6;51;1;stop;1.0;True;True;289;[0.9995127907127679, 0.00029590049444411313]
(18, 1);7;61;1;stop;1.0;True;True;432;[0.9997025421295748, 9.02616804021916e-05]
(18, 1);8;102;1;stop;1.0;True;True;587;[0.9994283607820444, 7.718370451781209e-05]
(18, 1);9;68;1;stop;1.0;True;True;567;[0.9992812081599926, 0.00019100344939241415]
(18, 2);0;81;1;stop;0.9;True;False;495;[0.026749782585062915, 0.972895210613848]
(18, 2);1;259;1;stop;0.1;False;True;562;[0.6854126086449454, 0.13925001346551985]
(18, 2);2;114;1;stop;0.9;True;False;395;[0.015901798076147285, 0.983809369798216]
(18, 2);3;72;1;stop;0.9;True;False;504;[0.010986019561726987, 0.9889298106279408]
(18, 2);4;103;1;stop;0.9;True;False;419;[0.03409085051723163, 0.9656283986455441]
(18, 2);5;94;1;stop;0.9;True;False;689;[0.018539960966966956, 0.9811040051046418]
(18, 2);6;136;1;stop;0.9;True;False;937;[0.004904719692483089, 0.9949556037760537]
(18, 2);7;186;1;stop;0.9;True;False;732;[0.01640170216237409, 0.9835170819525305]
(18, 2);8;45;1;stop;0.9;True;False;503;[0.0028892622851519156, 0.9970005390069908]
(18, 2);9;98;1;stop;0.9;True;False;626;[0.006486881294309049, 0.9932989153847317]
(18, 3);0;211;1;stop;1.0;True;False;312;[0.022971615990122447, 0.9767780508819277]
(18, 3);1;107;1;stop;1.0;True;False;408;[0.0028891644695668876, 0.9969665319762376]
(18, 3);2;65;1;stop;1.0;True;False;464;[0.010010003636000978, 0.9896338999483737]
(18, 3);3;92;1;stop;1.0;True;False;619;[0.010325696958799035, 0.9894366309630865]
(18, 3);4;68;1;stop;1.0;True;False;556;[0.005059283053820157, 0.994733205369692]
(18, 3);5;26;1;stop;1.0;True;False;432;[0.007575908639115926, 0.9922484142585724]
(18, 3);6;70;1;stop;1.0;True;False;292;[0.016396408239818774, 0.9831997306634404]
(18, 3);7;103;1;stop;1.0;True;False;557;[0.00806039917560089, 0.9917422285771821]
(18, 3);8;165;1;stop;1.0;True;False;545;[0.004754320587259361, 0.9950605254532069]
(18, 3);9;66;1;stop;1.0;True;False;521;[0.020329561199647288, 0.979533119146602]
(19, 0);0;80;0;stop;1.0;True;True;463;[0.9996494092378445, 7.029211327447095e-05]
(19, 0);1;148;0;stop;1.0;True;True;575;[0.9990769807381, 0.0001583151079767663]
(19, 0);2;53;0;stop;1.0;True;True;435;[0.9996247508020727, 0.0001123236920197642]
(19, 0);3;51;0;stop;1.0;True;True;415;[0.9997556806677812, 6.813672970643307e-05]
(19, 0);4;99;0;stop;1.0;True;True;509;[0.9998996358499792, 3.7634095027422596e-05]
(19, 0);5;72;0;stop;1.0;True;True;448;[0.9993221589008628, 0.00015110236114431144]
(19, 0);6;54;0;stop;1.0;True;True;393;[0.9992553776340778, 9.022131779388148e-05]
(19, 0);7;84;0;stop;1.0;True;True;420;[0.9993256113061515, 0.00013128050719348004]
(19, 0);8;67;0;stop;1.0;True;True;552;[0.9996794298020827, 8.748261810434688e-05]
(19, 0);9;83;0;stop;1.0;True;True;494;[0.999390020756833, 7.02738819061797e-05]
(19, 1);0;141;0;stop;1.0;True;False;527;[0.027570848852978863, 0.9719059817382737]
(19, 1);1;60;0;stop;1.0;True;False;321;[0.012427510747475185, 0.9872395471600834]
(19, 1);2;143;0;stop;1.0;True;False;560;[0.0032722088295619378, 0.9964664118229761]
(19, 1);3;169;0;stop;1.0;True;False;440;[0.012818750046064621, 0.9869889970352477]
(19, 1);4;84;0;stop;1.0;True;False;560;[0.0029806504017954407, 0.9968911798289706]
(19, 1);5;66;0;stop;1.0;True;False;297;[0.016398605362108517, 0.9833313495989361]
(19, 1);6;67;0;stop;1.0;True;False;444;[0.0050592589293361355, 0.9947284871366059]
(19, 1);7;81;0;stop;1.0;True;False;239;[0.003482739956268584, 0.9963207217351816]
(19, 1);8;65;0;stop;1.0;True;False;462;[0.0047538263989408405, 0.9949571378042857]
(19, 1);9;78;0;stop;1.0;True;False;478;[0.004330869115220669, 0.9955231999492299]
(19, 2);0;74;0;stop;1.0;True;False;425;[0.003706774055295438, 0.9961640725015651]
(19, 2);1;53;0;stop;1.0;True;False;343;[0.00538347852646266, 0.9943455140764353]
(19, 2);2;85;0;stop;1.0;True;False;428;[0.0021825306611546022, 0.997732547034565]
(19, 2);3;61;0;stop;1.0;True;False;339;[0.0059096123543331954, 0.9938437806299039]
(19, 2);4;110;0;stop;1.0;True;False;496;[0.003821415480592775, 0.99537636825003]
(19, 2);5;79;0;stop;1.0;True;False;482;[0.00348314020792362, 0.99643528195108]
(19, 2);6;65;0;stop;1.0;True;False;437;[0.006487391690084205, 0.9933774898442901]
(19, 2);7;81;0;stop;1.0;True;False;418;[0.017980560292476744, 0.9817051877288637]
(19, 2);8;40;0;stop;1.0;True;False;504;[0.008313742033368456, 0.991441224751798]
(19, 2);9;102;0;stop;1.0;True;False;441;[0.005059290291187795, 0.9947349748286715]
(19, 3);0;94;0;stop;1.0;True;False;622;[0.039622107594894214, 0.9599557650048247]
(19, 3);1;240;0;stop;1.0;True;False;431;[0.016795934373088458, 0.9761701651088942]
(19, 3);2;54;0;stop;1.0;True;False;549;[0.005910660714578448, 0.9940204311325544]
(19, 3);3;40;0;stop;1.0;True;False;390;[0.012817900442789168, 0.9869236216545452]
(19, 3);4;163;0;stop;1.0;True;False;543;[0.016399230931190573, 0.9833689292002082]
(19, 3);5;63;0;stop;1.0;True;False;411;[0.004754463412717877, 0.9950905072257173]
(19, 3);6;146;0;stop;1.0;True;False;497;[0.18558945286737558, 0.8061638353492091]
(19, 3);7;70;0;stop;1.0;True;False;463;[0.010983898156924571, 0.988738881954067]
(19, 3);8;75;0;stop;1.0;True;False;442;[0.017982480926084916, 0.9818099757764116]
(19, 3);9;140;0;stop;1.0;True;False;507;[0.003945127409407441, 0.9959839394374185]
(20, 0);0;65;2;stop;1.0;True;False;494;[0.022281103159643163, 0.9774907915470794]
(20, 0);1;80;2;stop;1.0;True;False;688;[0.016912474253349977, 0.9829432795751494]
(20, 0);2;99;2;stop;1.0;True;False;1503;[0.02517471793063311, 0.974661566433178]
(20, 0);3;40;2;stop;1.0;True;False;474;[0.005059314415821363, 0.9947398112115377]
(20, 0);4;74;2;stop;1.0;True;False;377;[0.014955369506681623, 0.9849296030590563]
(20, 0);5;141;2;stop;1.0;True;False;506;[0.024418347963214848, 0.9753875513777082]
(20, 0);6;88;2;stop;1.0;True;False;529;[0.019714955411968334, 0.9800734015928474]
(20, 0);7;151;2;stop;1.0;True;False;588;[0.01242810335149469, 0.9872866051428298]
(20, 0);8;79;2;stop;1.0;True;False;636;[0.010325815127699065, 0.9894480675754287]
(20, 0);9;100;2;stop;1.0;True;False;583;[0.015421968483192197, 0.984410754279624]
(20, 1);0;85;2;stop;0.4;False;True;564;[0.9997099287521741, 0.0002098662957354268]
(20, 1);1;109;2;stop;0.6;True;False;756;[0.0018101072131752824, 0.9981325042372193]
(20, 1);2;96;2;stop;0.6;True;False;2030;[0.023682438710358703, 0.9760206956936619]
(20, 1);3;135;2;stop;0.4;False;True;547;[0.9998138297528844, 9.914412419875821e-05]
(20, 1);4;194;2;stop;0.6;True;False;249;[0.0022513123840944616, 0.9975109221117353]
(20, 1);5;134;2;stop;0.6;True;False;1036;[0.005554360533508672, 0.9943442175982866]
(20, 1);6;87;2;stop;0.4;False;True;920;[0.99964226174479, 0.0001584046650619973]
(20, 1);7;84;2;stop;0.6;True;False;1158;[0.0032726426247044983, 0.9965982915285725]
(20, 1);8;82;2;stop;0.6;True;False;218;[0.0018673863066830069, 0.9980364331699005]
(20, 1);9;171;2;stop;0.4;False;True;1579;[0.9995327987457543, 0.00025310217413787134]
(20, 2);0;137;2;stop;1.0;True;True;508;[0.999022486579745, 0.00015830650229068307]
(20, 2);1;258;2;stop;1.0;True;True;329;[0.9955566359740597, 0.0024677383829605107]
(20, 2);2;120;2;stop;1.0;True;True;487;[0.9997332807798672, 0.00013133397798797793]
(20, 2);3;138;2;stop;1.0;True;True;449;[0.9997687874438836, 0.0001910967355685297]
(20, 2);4;137;2;stop;1.0;True;True;426;[0.9982472439574003, 0.001244210254711692]
(20, 2);5;301;2;stop;1.0;True;True;357;[0.9984266517024687, 0.0009691661296934118]
(20, 2);6;56;2;stop;1.0;True;True;349;[0.9997364977045027, 0.00014882146169993001]
(20, 2);7;161;2;stop;1.0;True;True;537;[0.9994407445569041, 0.00014877732888400006]
(20, 2);8;92;2;stop;1.0;True;True;441;[0.9996673975237168, 0.0001313253360332408]
(20, 2);9;165;2;stop;1.0;True;True;506;[0.9997270852278453, 0.00012729252790616172]
(20, 3);0;72;2;stop;1.0;True;False;372;[0.016906749430212222, 0.9826107611344961]
(20, 3);1;121;2;stop;1.0;True;False;476;[0.2119955450059356, 0.7876590276065979]
(20, 3);2;314;2;stop;1.0;True;False;442;[0.29778310315203504, 0.6710645819974103]
(20, 3);3;49;2;stop;1.0;True;False;317;[0.02675698391560721, 0.9731571716469763]
(20, 3);4;129;2;stop;1.0;True;False;421;[0.010646685086157785, 0.9888062470008009]
(20, 3);5;280;2;stop;1.0;True;False;393;[0.44475901388367856, 0.5199759672315674]
(20, 3);6;147;2;stop;1.0;True;False;557;[0.0055535580882551715, 0.9942003259753]
(20, 3);7;71;2;stop;1.0;True;False;597;[0.022971977465729366, 0.9767932920383896]
(20, 3);8;112;2;stop;1.0;True;False;463;[0.06553013031179451, 0.933331076519657]
(20, 3);9;128;2;stop;1.0;True;False;498;[0.01912093166388787, 0.9807167739105219]
(21, 0);0;65;1;stop;0.9;True;False;682;[0.0035927714360047516, 0.9961759023131878]
(21, 0);1;168;1;stop;0.9;True;False;923;[0.05664005187489297, 0.943141503398638]
(21, 0);2;74;1;stop;0.9;True;False;929;[0.02227629079997986, 0.9772797748479005]
(21, 0);3;59;1;stop;0.9;True;False;695;[0.007808138798637877, 0.9912004835932408]
(21, 0);4;67;1;stop;0.9;True;False;588;[0.0018672278152352477, 0.9979515400646248]
(21, 0);5;52;1;stop;0.9;True;False;1041;[0.022968943437897384, 0.9766642145885427]
(21, 0);6;65;1;stop;0.9;True;False;1076;[0.014945360546094572, 0.9842707609359732]
(21, 0);7;50;1;stop;0.9;True;False;616;[0.0011693692265159717, 0.9987102713665327]
(21, 0);8;67;1;stop;0.9;True;False;1246;[0.008573318168119057, 0.9909407781924497]
(21, 0);9;128;1;stop;0.1;False;True;1072;[0.8517373646735296, 0.1480097628489264]
(21, 1);0;105;1;stop;1.0;True;True;1018;[0.999724940630463, 9.608525783260178e-05]
(21, 1);1;83;1;stop;1.0;True;True;443;[0.9992216927441213, 0.00013973284641708374]
(21, 1);2;187;1;stop;1.0;True;True;848;[0.9983570195599085, 0.0013666481613305705]
(21, 1);3;169;1;stop;1.0;True;True;728;[0.998173835994736, 0.0016481897462625788]
(21, 1);4;307;1;stop;1.0;True;True;446;[0.9985740282198524, 0.00136694470272296]
(21, 1);5;53;1;stop;1.0;True;True;476;[0.998550136016087, 0.00011943950624777587]
(21, 1);6;55;1;stop;1.0;True;True;517;[0.9994658701782768, 0.0001354667876047125]
(21, 1);7;79;1;stop;1.0;True;True;520;[0.9984440018277375, 0.0014549156534758687]
(21, 1);8;52;1;stop;1.0;True;True;682;[0.9995756758472331, 8.478224729061461e-05]
(21, 1);9;65;1;stop;1.0;True;True;502;[0.9994755159583817, 0.000125287492575371]
(21, 2);0;80;1;stop;1.0;True;False;707;[0.014058758763652195, 0.9855952325810137]
(21, 2);1;68;1;stop;1.0;True;False;879;[0.026744814860824213, 0.9727144845207709]
(21, 2);2;59;1;stop;1.0;True;False;576;[0.02227052902171617, 0.9770269716299599]
(21, 2);3;84;1;stop;1.0;True;False;1182;[0.00734462934325235, 0.9924924828693257]
(21, 2);4;56;1;stop;1.0;True;False;1366;[0.005909516545735966, 0.9938278851517784]
(21, 2);5;100;1;stop;1.0;True;False;815;[0.01854031901238739, 0.9811229394824575]
(21, 2);6;117;1;stop;1.0;True;False;625;[0.4686405361169314, 0.531039298545309]
(21, 2);7;90;1;stop;1.0;True;False;1046;[0.014056224978827372, 0.985417512420415]
(21, 2);8;110;1;stop;1.0;True;False;968;[0.058298255254463964, 0.940886061975022]
(21, 2);9;54;1;stop;1.0;True;False;1056;[0.03959922498034225, 0.9594014343524042]
(21, 3);0;127;1;stop;1.0;True;False;531;[0.011678786382179156, 0.9875963684681355]
(21, 3);1;62;1;stop;1.0;True;False;560;[0.00912389134891575, 0.9906847188560943]
(21, 3);2;165;1;stop;1.0;True;False;708;[0.01495223920421043, 0.9847234542534017]
(21, 3);3;213;1;stop;1.0;True;False;1146;[0.045873050472783825, 0.9506327791910856]
(21, 3);4;180;1;stop;1.0;True;False;932;[0.11913168436046402, 0.8802707644848481]
(21, 3);5;140;1;stop;1.0;True;False;1062;[0.01242869598377243, 0.987333551347419]
(21, 3);6;56;1;stop;1.0;True;False;510;[0.02757675240047285, 0.9721140074916693]
(21, 3);7;104;1;stop;1.0;True;False;930;[0.007572856712848963, 0.9918483494027858]
(21, 3);8;73;1;stop;1.0;True;False;1483;[0.013214093511039826, 0.9861259964200901]
(21, 3);9;87;1;stop;1.0;True;False;714;[0.010649487812753742, 0.9890668170662373]
(22, 0);0;138;1;stop;1.0;True;False;428;[0.011684250730731345, 0.9880585271077288]
(22, 0);1;190;1;stop;1.0;True;False;719;[0.03098921349068041, 0.9640462568118295]
(22, 0);2;177;1;stop;1.0;True;False;613;[0.005554265187409309, 0.9943268921821762]
(22, 0);3;327;1;stop;1.0;True;False;614;[0.04658006217397311, 0.9355854610905406]
(22, 0);4;195;1;stop;1.0;True;False;450;[0.014495863241362433, 0.9849719303505944]
(22, 0);5;104;1;stop;1.0;True;False;605;[0.004198290862359344, 0.9956816565554728]
(22, 0);6;158;1;stop;1.0;True;False;504;[0.00970629920446516, 0.9900692203826258]
(22, 0);7;49;1;stop;1.0;True;False;527;[0.008572631398746667, 0.9908614187532326]
(22, 0);8;45;1;stop;1.0;True;False;597;[0.004754433940446531, 0.9950844870742834]
(22, 0);9;98;1;stop;1.0;True;False;651;[0.004904829615087039, 0.9949779083438423]
(22, 1);0;77;1;stop;1.0;True;True;408;[0.999479922071357, 9.911103679941609e-05]
(22, 1);1;109;1;stop;1.0;True;True;810;[0.9996023567860077, 0.0001971298947713336]
(22, 1);2;54;1;stop;1.0;True;True;454;[0.9998237205412498, 6.814134346031983e-05]
(22, 1);3;132;1;stop;1.0;True;True;525;[0.9994508660879637, 0.00013976483238787668]
(22, 1);4;101;1;stop;1.0;True;True;578;[0.9974107012704319, 0.0003242995149074588]
(22, 1);5;95;1;stop;1.0;True;True;687;[0.9995578099393064, 8.217228280784882e-05]
(22, 1);6;142;1;stop;1.0;True;True;652;[0.9996382115417758, 7.482478013900209e-05]
(22, 1);7;179;1;stop;1.0;True;True;502;[0.9998734157650628, 0.0001159180782092898]
(22, 1);8;158;1;stop;1.0;True;True;515;[0.9994777785277803, 0.00012334532530410754]
(22, 1);9;99;1;stop;1.0;True;True;399;[0.9992694235431716, 0.0001534738268606678]
(22, 2);0;124;1;stop;1.0;True;False;467;[0.004608790461139412, 0.9952214327491321]
(22, 2);1;180;1;stop;1.0;True;False;514;[0.016883611884024034, 0.9812658262311905]
(22, 2);2;47;1;stop;1.0;True;False;267;[0.019713601739886472, 0.9800061915719468]
(22, 2);3;115;1;stop;1.0;True;False;554;[0.028424997801742166, 0.9711868536974456]
(22, 2);4;63;1;stop;1.0;True;False;583;[0.00628826037773273, 0.9934508998958578]
(22, 2);5;120;1;stop;1.0;True;False;491;[0.012427552228836772, 0.9872425684395413]
(22, 2);6;114;1;stop;1.0;True;False;435;[0.0041979445477562235, 0.9955996452772196]
(22, 2);7;57;1;stop;1.0;True;False;591;[0.007814795011690103, 0.9920452907993438]
(22, 2);8;115;1;stop;1.0;True;False;717;[0.004198168748169194, 0.9956524664813537]
(22, 2);9;74;1;stop;1.0;True;False;399;[0.021604201325038597, 0.9778808381134059]
(22, 3);0;43;1;stop;1.0;True;False;417;[0.004754558632073905, 0.9951104566516359]
(22, 3);1;152;1;stop;1.0;True;False;476;[0.01205191852715732, 0.9877934858202814]
(22, 3);2;328;1;stop;1.0;True;False;177;[0.0419568232925696, 0.9549330033185964]
(22, 3);3;84;1;stop;1.0;True;False;410;[0.006902362117324017, 0.9928840182704496]
(22, 3);4;105;1;stop;1.0;True;False;369;[0.02095561650738402, 0.9786329778229389]
(22, 3);5;128;1;stop;1.0;True;False;421;[0.03845193269290749, 0.9611773446332247]
(22, 3);6;61;1;stop;1.0;True;False;480;[0.01065089453146101, 0.9891972112215229]
(22, 3);7;87;1;stop;1.0;True;False;493;[0.005384120325366546, 0.9944642184434747]
(22, 3);8;85;1;stop;1.0;True;False;541;[0.0060957384474124065, 0.993605166942882]
(22, 3);9;110;1;stop;1.0;True;False;711;[0.003482927620404511, 0.9963746847552354]
(23, 0);0;91;3;stop;1.0;True;False;330;[0.010986375788381918, 0.988962105543065]
(23, 0);1;84;3;stop;1.0;True;False;512;[0.003944636451106627, 0.995859906678285]
(23, 0);2;120;3;stop;1.0;True;False;446;[0.009412042567043487, 0.9905297198209073]
(23, 0);3;154;3;stop;1.0;True;False;430;[0.030202049134701186, 0.9693828724051533]
(23, 0);4;81;3;stop;1.0;True;False;726;[0.003075138827845819, 0.996849717361909]
(23, 0);5;127;3;stop;1.0;True;False;734;[0.014499326650325313, 0.9852074564234439]
(23, 0);6;99;3;stop;1.0;True;False;356;[0.0069028130405274744, 0.9929487754069579]
(23, 0);7;87;3;stop;1.0;True;False;494;[0.007812704789489665, 0.9917799836744159]
(23, 0);8;46;3;stop;1.0;True;False;477;[0.002980447164988638, 0.996823064840696]
(23, 0);9;56;3;stop;1.0;True;False;577;[0.01132434833055018, 0.9880221016142207]
(23, 1);0;74;3;stop;1.0;True;False;519;[0.005384772471412002, 0.9945846019666441]
(23, 1);1;90;3;stop;1.0;True;False;582;[0.026753475496494705, 0.9730293902723807]
(23, 1);2;73;3;stop;1.0;True;False;444;[0.00884569648492967, 0.990967000485581]
(23, 1);3;159;3;stop;1.0;True;False;492;[0.06952527123258777, 0.9302378801888569]
(23, 1);4;80;3;stop;1.0;True;False;517;[0.014952602827577632, 0.984747844701842]
(23, 1);5;166;3;stop;1.0;True;False;651;[0.044670249790461095, 0.9550919577397257]
(23, 1);6;194;3;stop;1.0;True;False;499;[0.03185145544471766, 0.960383831849778]
(23, 1);7;94;3;stop;1.0;True;False;427;[0.006692372571308753, 0.9932363471417093]
(23, 1);8;89;3;stop;1.0;True;False;376;[0.0012840791744919249, 0.9985377743197786]
(23, 1);9;115;3;stop;1.0;True;False;400;[0.022968456059233953, 0.9766436326157737]
(23, 2);0;118;3;stop;1.0;True;False;697;[0.006097055313226638, 0.9938196434092]
(23, 2);1;87;3;stop;1.0;True;False;556;[0.006288155431941169, 0.993434310781496]
(23, 2);2;46;3;stop;1.0;True;False;464;[0.01743728158844124, 0.9822643183138182]
(23, 2);3;45;3;stop;1.0;True;False;492;[0.005909381289184211, 0.9938052791810885]
(23, 2);4;59;3;stop;1.0;True;False;408;[0.012048717983167818, 0.9875314936464055]
(23, 2);5;112;3;stop;1.0;True;False;444;[0.0033761957983550594, 0.996500621513394]
(23, 2);6;96;3;stop;1.0;True;False;704;[0.03513732961465142, 0.9646488944177383]
(23, 2);7;129;3;stop;1.0;True;False;484;[0.007342549335680901, 0.992211327449968]
(23, 2);8;74;3;stop;1.0;True;False;488;[0.03620640958560222, 0.96341681934023]
(23, 2);9;192;3;stop;1.0;True;False;490;[0.039321855752661374, 0.9526812509007513]
(23, 3);0;59;3;stop;1.0;True;True;292;[0.9990807884323465, 0.00017387579385936167]
(23, 3);1;167;3;stop;1.0;True;True;699;[0.9996472649816528, 0.00011957068448469464]
(23, 3);2;93;3;stop;1.0;True;True;514;[0.9987254910593161, 0.0004874730557071248]
(23, 3);3;88;3;stop;1.0;True;True;458;[0.9986754342763099, 0.00014866343874883741]
(23, 3);4;76;3;stop;1.0;True;True;519;[0.9994809938157807, 5.647182036528076e-05]
(23, 3);5;72;3;stop;1.0;True;True;465;[0.9997076651044339, 7.252764358019847e-05]
(23, 3);6;83;3;stop;1.0;True;True;777;[0.9998070374063454, 3.3208900115092634e-05]
(23, 3);7;98;3;stop;1.0;True;True;378;[0.9960557248377758, 0.00031389499890630663]
(23, 3);8;93;3;stop;1.0;True;True;629;[0.9991069669848369, 7.960818905465148e-05]
(23, 3);9;92;3;stop;1.0;True;True;547;[0.9991838445976275, 0.0001195152780212157]
(24, 0);0;220;0;stop;1.0;True;True;764;[0.9996573907280367, 0.0002165168100247921]
(24, 0);1;110;0;stop;1.0;True;True;432;[0.9996105757607444, 0.00024919767545576846]
(24, 0);2;129;0;stop;1.0;True;True;489;[0.999718626070755, 0.0001159001708014028]
(24, 0);3;229;0;stop;1.0;True;True;442;[0.9996623940988085, 8.478960538320096e-05]
(24, 0);4;196;0;stop;1.0;True;True;475;[0.999937061454891, 1.3006478967936866e-05]
(24, 0);5;201;0;stop;1.0;True;True;586;[0.9995324414595751, 0.00014879109237698565]
(24, 0);6;76;0;stop;1.0;True;True;525;[0.9996391645223985, 0.00016862040579769476]
(24, 0);7;100;0;stop;1.0;True;True;322;[0.9985876984193401, 0.00011944394867957914]
(24, 0);8;103;0;stop;1.0;True;True;613;[0.9995267248108065, 0.0002611350053596773]
(24, 0);9;54;0;stop;1.0;True;True;496;[0.9991504025450513, 0.0002530054004491087]
(24, 1);0;82;0;stop;1.0;True;False;335;[0.0062881134541149545, 0.9934276048979946]
(24, 1);1;116;0;stop;1.0;True;False;345;[0.007575493215910338, 0.9921938405259428]
(24, 1);2;66;0;stop;1.0;True;False;502;[0.006901792745435402, 0.9928021144508395]
(24, 1);3;71;0;stop;1.0;True;False;591;[0.008314178117928905, 0.9914933714810483]
(24, 1);4;135;0;stop;1.0;True;False;676;[0.003483015643350144, 0.9963998931976117]
(24, 1);5;72;0;stop;1.0;True;False;446;[0.0017004432261498916, 0.998135235821583]
(24, 1);6;84;0;stop;1.0;True;False;593;[0.0027147491883669625, 0.9971981096478191]
(24, 1);7;214;0;stop;1.0;True;False;353;[0.03962666114018901, 0.9600661802948859]
(24, 1);8;59;0;stop;1.0;True;False;472;[0.0022513617660684195, 0.9975329852821808]
(24, 1);9;113;0;stop;1.0;True;False;561;[0.09166863435000537, 0.8973358706406991]
(24, 2);0;70;0;stop;0.9;True;False;479;[0.0011694255453407187, 0.9987580721478566]
(24, 2);1;131;0;stop;0.9;True;False;580;[0.008575354272043586, 0.9911763579526104]
(24, 2);2;100;0;stop;0.1;False;True;442;[0.7085582884380902, 0.2774754125808384]
(24, 2);3;86;0;stop;0.9;True;False;388;[0.003376300443191405, 0.9965311633919353]
(24, 2);4;57;0;stop;0.9;True;False;373;[0.0032721152122555906, 0.9964377673773366]
(24, 2);5;59;0;stop;0.9;True;False;374;[0.004197354077182257, 0.9954591695614048]
(24, 2);6;80;0;stop;0.9;True;False;379;[0.03108422595759663, 0.9670020082738208]
(24, 2);7;90;0;stop;0.9;True;False;343;[0.016402390419626496, 0.983558250244452]
(24, 2);8;237;0;stop;0.9;True;False;927;[0.002472223362866475, 0.9973659937810844]
(24, 2);9;74;0;stop;0.9;True;False;689;[0.004607876332508396, 0.9950240540375691]
(24, 3);0;55;0;stop;1.0;True;False;600;[0.01363463957382852, 0.9862044833719603]
(24, 3);1;86;0;stop;1.0;True;False;307;[0.007814899351156711, 0.9920586654710891]
(24, 3);2;90;0;stop;1.0;True;False;582;[0.25930441878989346, 0.7272372268750398]
(24, 3);3;68;0;stop;1.0;True;False;486;[0.0027147258875877705, 0.9971896932207696]
(24, 3);4;220;0;stop;1.0;True;False;777;[0.0209551568612604, 0.9786115158698393]
(24, 3);5;147;0;stop;1.0;True;False;621;[0.277653890783609, 0.5027662152556985]
(24, 3);6;89;0;stop;1.0;True;False;505;[0.0016482321863871747, 0.9981997294359302]
(24, 3);7;85;0;stop;1.0;True;False;468;[0.001987457480602808, 0.9978531296489743]
(24, 3);8;161;0;stop;1.0;True;False;614;[0.01064888861717372, 0.9890109606984725]
(24, 3);9;113;0;stop;1.0;True;False;568;[0.0066915429180402315, 0.9931128803760054]
(25, 0);0;58;0;stop;1.0;True;True;374;[0.9989972642376681, 0.00019094917489000798]
(25, 0);1;75;0;stop;1.0;True;True;477;[0.999183368556877, 0.00033518856667959446]
(25, 0);2;88;0;stop;1.0;True;True;431;[0.9970029088482254, 0.00031914142557228683]
(25, 0);3;41;0;stop;1.0;True;True;333;[0.9995236282954663, 0.00010226154732353667]
(25, 0);4;50;0;stop;1.0;True;True;429;[0.9995189835986223, 0.0001195552912243701]
(25, 0);5;75;0;stop;1.0;True;True;454;[0.9992207405686209, 0.0002530232561508284]
(25, 0);6;61;0;stop;1.0;True;True;375;[0.9995026678855368, 0.00013547169695911902]
(25, 0);7;68;0;stop;1.0;True;True;332;[0.9989702587912649, 0.00023763374212173327]
(25, 0);8;79;0;stop;1.0;True;True;539;[0.9993139447115013, 0.00018513289387395152]
(25, 0);9;89;0;stop;1.0;True;True;560;[0.9997176729270929, 0.00016344528244283257]
(25, 1);0;50;0;stop;1.0;True;False;465;[0.008060718192234247, 0.9917812731145087]
(25, 1);1;25;0;stop;1.0;True;False;358;[0.00521962806219058, 0.9946851991105965]
(25, 1);2;61;0;stop;1.0;True;False;378;[0.007815137846597332, 0.9920885845143861]
(25, 1);3;89;0;stop;1.0;True;False;391;[0.00940989305496145, 0.9903036844861389]
(25, 1);4;81;0;stop;1.0;True;False;364;[0.007345326312564378, 0.9925866673883353]
(25, 1);5;84;0;stop;1.0;True;False;430;[0.009704836764223703, 0.9899203719760333]
(25, 1);6;40;0;stop;1.0;True;False;326;[0.010983311569140583, 0.9886859758829496]
(25, 1);7;121;0;stop;1.0;True;False;579;[0.01281904955992452, 0.9870123386872143]
(25, 1);8;32;0;stop;1.0;True;False;423;[0.004330910417804043, 0.9955322972182853]
(25, 1);9;106;0;stop;1.0;True;False;544;[0.016401240733343026, 0.9834895244152192]
(25, 2);0;126;0;stop;1.0;True;False;558;[0.022966315001328792, 0.976552448815614]
(25, 2);1;40;0;stop;1.0;True;False;445;[0.007815044683449585, 0.9920768512856407]
(25, 2);2;80;0;stop;1.0;True;False;434;[0.00521927215982128, 0.994617031526351]
(25, 2);3;30;0;stop;1.0;True;False;524;[0.0016483477233741307, 0.9982695772250464]
(25, 2);4;24;0;stop;1.0;True;False;427;[0.0019876129084267016, 0.9979314765243696]
(25, 2);5;85;0;stop;1.0;True;False;351;[0.004904616788448202, 0.9949343625234448]
(25, 2);6;84;0;stop;1.0;True;False;387;[0.010983955769914282, 0.9887440100965962]
(25, 2);7;38;0;stop;1.0;True;False;342;[0.006691558871940796, 0.9931152314960547]
(25, 2);8;92;0;stop;1.0;True;False;410;[0.01032631243664081, 0.9894954529209902]
(25, 2);9;110;0;stop;1.0;True;False;520;[0.007814906804029062, 0.9920593695034313]
(25, 3);0;59;0;stop;1.0;True;False;405;[0.025951255926623847, 0.9738137614036829]
(25, 3);1;66;0;stop;1.0;True;False;489;[0.015902488104824752, 0.9838520621916286]
(25, 3);2;66;0;stop;1.0;True;False;387;[0.015418461134925496, 0.9841865772347396]
(25, 3);3;97;0;stop;1.0;True;False;549;[0.0655710456659947, 0.933913796979896]
(25, 3);4;111;0;stop;1.0;True;False;661;[0.01743802993144077, 0.9823065319797459]
(25, 3);5;80;0;stop;1.0;True;False;440;[0.01322065444988982, 0.9866155560488703]
(25, 3);6;64;0;stop;1.0;True;False;429;[0.012052487474041874, 0.9878403641276123]
(25, 3);7;103;0;stop;1.0;True;False;772;[0.003172339708787121, 0.9967193107296208]
(25, 3);8;72;0;stop;1.0;True;False;325;[0.003706745774961613, 0.9961566199129799]
(25, 3);9;65;0;stop;1.0;True;False;479;[0.036210803683110235, 0.9635337850107737]
(26, 0);0;115;0;stop;1.0;True;True;484;[0.9996967043746694, 0.00013979922547267175]
(26, 0);1;196;0;stop;1.0;True;True;580;[0.9967965318594842, 0.0013225300964673744]
(26, 0);2;137;0;stop;1.0;True;True;485;[0.9995181499135023, 0.0002453115296579637]
(26, 0);3;210;0;stop;1.0;True;True;791;[0.9991586141106332, 0.00020329710155397737]
(26, 0);4;83;0;stop;1.0;True;True;472;[0.9998053691198049, 0.00010553746500462659]
(26, 0);5;93;0;stop;1.0;True;True;535;[0.9968467558065298, 0.002549372336908133]
(26, 0);6;190;0;stop;1.0;True;True;488;[0.9992702568172541, 0.00020331998058975654]
(26, 0);7;77;0;stop;1.0;True;True;316;[0.9995919939157665, 0.00023778154769756905]
(26, 0);8;159;0;stop;1.0;True;True;532;[0.9997748643483101, 0.0001272985978316056]
(26, 0);9;252;0;stop;1.0;True;True;467;[0.9995166016970053, 0.00022687564434105683]
(26, 1);0;83;0;stop;0.6;False;True;508;[0.9997805838566004, 0.00017952082409512413]
(26, 1);1;138;0;stop;0.4;True;False;775;[0.02032990048863518, 0.9795494743038426]
(26, 1);2;260;0;stop;0.6;False;True;464;[0.9970208020393794, 0.0011314745673247563]
(26, 1);3;183;0;stop;0.4;True;False;1284;[0.007345326312564378, 0.9925865499872093]
(26, 1);4;101;0;stop;0.4;True;False;819;[0.0020504376229662892, 0.997800311804242]
(26, 1);5;82;0;stop;0.6;False;True;563;[0.9996874117647255, 0.0001397978922497212]
(26, 1);6;195;0;stop;0.4;True;False;798;[0.012051470284891827, 0.9877568474769867]
(26, 1);7;130;0;stop;0.6;False;True;622;[0.9990951864582834, 0.0006068948342082559]
(26, 1);8;95;0;stop;0.6;False;True;1049;[0.9996047390665377, 0.0002377844956758576]
(26, 1);9;101;0;stop;0.6;False;True;687;[0.9993819244472052, 0.00025306403943824363]
(26, 2);0;129;0;stop;0.8;True;False;415;[0.019710471729177278, 0.9798506247565623]
(26, 2);1;158;0;stop;0.8;True;False;603;[0.044672007110911266, 0.9551296910199792]
(26, 2);2;173;0;stop;0.8;True;False;455;[0.01450066107854695, 0.9852982958244817]
(26, 2);3;100;0;stop;0.8;True;False;390;[0.0020505011760663786, 0.9978314083508445]
(26, 2);4;213;0;stop;0.8;True;False;411;[0.021612609136416033, 0.978261269882939]
(26, 2);5;109;0;stop;0.8;True;False;341;[0.11274738373535106, 0.8868267746185549]
(26, 2);6;89;0;stop;0.2;False;True;321;[0.9994890917424918, 0.0003569156175842314]
(26, 2);7;112;0;stop;0.8;True;False;419;[0.011683883018513223, 0.9880273383001312]
(26, 2);8;87;0;stop;0.8;True;False;365;[0.016912441995396096, 0.9829414377170962]
(26, 2);9;288;0;stop;0.2;False;True;582;[0.4593944096764187, 0.4054141436041182]
(26, 3);0;228;0;stop;1.0;True;False;638;[0.012052090932467898, 0.9878077930542932]
(26, 3);1;245;0;stop;1.0;True;False;344;[0.08766473474759834, 0.8061499727234428]
(26, 3);2;133;0;stop;1.0;True;False;522;[0.013216777997243929, 0.9863262383558454]
(26, 3);3;214;0;stop;1.0;True;False;443;[0.02297470514687911, 0.9769094361147487]
(26, 3);4;220;0;stop;1.0;True;False;431;[0.012051458791719621, 0.987756150177683]
(26, 3);5;186;0;stop;1.0;True;False;848;[0.020322917123861976, 0.9792130753703673]
(26, 3);6;93;0;stop;1.0;True;False;354;[0.03408309738989239, 0.9654086966562766]
(26, 3);7;175;0;stop;1.0;True;False;675;[0.012430420704475717, 0.9874708121007202]
(26, 3);8;183;0;stop;1.0;True;False;393;[0.024415198579116466, 0.9752616788169082]
(26, 3);9;102;0;stop;1.0;True;False;541;[0.014061279595331218, 0.9857719749140834]
(27, 0);0;95;3;stop;1.0;True;False;475;[0.005554156600789621, 0.9943077988287001]
(27, 0);1;73;3;stop;1.0;True;False;448;[0.002251500256077888, 0.9975945539003561]
(27, 0);2;94;3;stop;1.0;True;False;565;[0.004331015741174521, 0.9955568719425096]
(27, 0);3;171;3;stop;1.0;True;False;403;[0.00348296415796095, 0.9963849810678906]
(27, 0);4;94;3;stop;1.0;True;False;492;[0.025171783064805685, 0.9745477680482398]
(27, 0);5;104;3;stop;1.0;True;False;501;[0.005059449515895211, 0.9947659983101048]
(27, 0);6;89;3;stop;1.0;True;False;662;[0.01065153955126112, 0.9892572885208349]
(27, 0);7;80;3;stop;1.0;True;False;485;[0.007813427548181297, 0.9918716877349694]
(27, 0);8;133;3;stop;1.0;True;False;518;[0.009123234430392084, 0.9906135890133035]
(27, 0);9;80;3;stop;1.0;True;False;349;[0.015905688409438755, 0.9840502266494187]
(27, 1);0;125;3;stop;0.7;True;False;372;[0.02161259367787888, 0.9782606995490256]
(27, 1);1;228;3;stop;0.3;False;True;230;[0.9988750966688504, 0.0010003800154763712]
(27, 1);2;189;3;stop;0.7;True;False;970;[0.025171170927332225, 0.9745242192674016]
(27, 1);3;175;3;stop;0.3;False;True;671;[0.9992863268235795, 0.00019706748940898764]
(27, 1);4;230;3;stop;0.7;True;False;800;[0.013635114191792475, 0.9862388036872398]
(27, 1);5;124;3;stop;0.7;True;False;699;[0.02032486505234097, 0.9793068132627266]
(27, 1);6;86;3;stop;0.7;True;False;546;[0.010985359525219352, 0.9888704734046843]
(27, 1);7;82;3;stop;0.3;False;True;470;[0.9994555102064784, 0.0002611163281965532]
(27, 1);8;80;3;stop;0.7;True;False;397;[0.008060633632378753, 0.9917707202604531]
(27, 1);9;79;3;stop;0.7;True;False;475;[0.005059611158223737, 0.9947977319774272]
(27, 2);0;221;3;stop;0.5;True;False;617;[0.02228123596576286, 0.9774967161829723]
(27, 2);1;72;3;stop;0.5;True;False;689;[0.003593465335608466, 0.9963685308667845]
(27, 2);2;102;3;stop;0.5;False;True;643;[0.9994071662159685, 0.0003352636953688463]
(27, 2);3;123;3;stop;0.5;True;False;519;[0.047416784443700996, 0.9523915924624625]
(27, 2);4;183;3;stop;0.5;False;True;621;[0.9990321237775858, 0.0005190717403749192]
(27, 2);5;73;3;stop;0.5;True;False;388;[0.0007321407837374485, 0.9992126470262583]
(27, 2);6;172;3;stop;0.5;False;True;366;[0.9994412208366265, 0.00026111259292423307]
(27, 2);7;204;3;stop;0.5;False;True;950;[0.9997608041913689, 0.00012930140936902364]
(27, 2);8;223;3;stop;0.5;False;True;366;[0.9992746611528783, 0.0004304300442433843]
(27, 2);9;83;3;stop;0.5;True;False;538;[0.004330978567927765, 0.9955483650602494]
(27, 3);0;162;3;stop;1.0;True;True;520;[0.9990723401812424, 0.0002414005610603545]
(27, 3);1;231;3;stop;1.0;True;True;543;[0.9992397846581703, 0.00010547779739480725]
(27, 3);2;133;3;stop;1.0;True;True;382;[0.9995299404017163, 0.00019105099778671218]
(27, 3);3;202;3;stop;1.0;True;True;630;[0.9986798333743361, 0.00017380599728185838]
(27, 3);4;97;3;stop;1.0;True;True;402;[0.9996021185495394, 0.000345973574871427]
(27, 3);5;113;3;stop;1.0;True;True;434;[0.9993702564970769, 8.74555075799823e-05]
(27, 3);6;113;3;stop;1.0;True;True;409;[0.9987216859981096, 0.00010217956234390066]
(27, 3);7;128;3;stop;1.0;True;True;550;[0.9996662062353423, 0.0001910770542248497]
(27, 3);8;157;3;stop;1.0;True;True;570;[0.9998488654660775, 8.480545575164618e-05]
(27, 3);9;70;3;stop;1.0;True;True;484;[0.9998123997851859, 0.00010553816954556681]
(28, 0);0;130;0;stop;1.0;True;True;446;[0.9994424116241882, 0.00019709831368475573]
(28, 0);1;124;0;stop;1.0;True;True;488;[0.9992490689775487, 0.00025303025399924065]
(28, 0);2;131;0;stop;1.0;True;True;715;[0.9989092339231751, 0.00036803170071612255]
(28, 0);3;151;0;stop;1.0;True;True;731;[0.9989499163667025, 0.0003457479653225171]
(28, 0);4;127;0;stop;1.0;True;True;667;[0.9991513545953671, 0.00026932310370077466]
(28, 0);5;138;0;stop;1.0;True;True;456;[0.9991544487942379, 0.0003458186998468442]
(28, 0);6;96;0;stop;1.0;True;True;432;[0.9989122077693192, 0.0002957227664381585]
(28, 0);7;173;0;stop;1.0;True;True;490;[0.9989745414964722, 0.0002609906034062837]
(28, 0);8;230;0;stop;1.0;True;True;566;[0.9988978149386144, 0.00015103824916312512]
(28, 0);9;148;0;stop;1.0;True;True;482;[0.9990788845834093, 0.0002452037036544529]
(28, 1);0;123;0;stop;0.9;True;False;476;[0.006095334433032486, 0.9935392649589728]
(28, 1);1;178;0;stop;0.9;True;False;483;[0.010649767110348934, 0.9890927060519095]
(28, 1);2;125;0;stop;0.9;True;False;566;[0.005728590269738599, 0.9939825051169782]
(28, 1);3;81;0;stop;0.9;True;False;542;[0.0015976059705081645, 0.9982525895741137]
(28, 1);4;167;0;stop;0.9;True;False;461;[0.065570232736546, 0.9339022603555276]
(28, 1);5;130;0;stop;0.9;True;False;771;[0.002050570597857436, 0.9978651184542364]
(28, 1);6;102;0;stop;0.9;True;False;711;[0.007576233768819569, 0.9922909031299249]
(28, 1);7;257;0;stop;0.1;False;True;323;[0.9254243486010787, 0.023532379246010537]
(28, 1);8;177;0;stop;0.9;True;False;682;[0.004467859891276902, 0.99541463715306]
(28, 1);9;176;0;stop;0.9;True;False;574;[0.01495472770562269, 0.9848876261406615]
(28, 2);0;164;0;stop;0.9;True;False;628;[0.0071202815821418824, 0.9927188143949132]
(28, 2);1;115;0;stop;0.9;True;False;765;[0.012053096679268703, 0.9878900388302456]
(28, 2);2;137;0;stop;0.9;True;False;958;[0.0080611102540641, 0.9918294685257951]
(28, 2);3;182;0;stop;0.9;True;False;727;[0.017983312692685622, 0.9818557123902687]
(28, 2);4;139;0;stop;0.9;True;False;737;[0.00307522974229821, 0.9968789778162738]
(28, 2);5;127;0;stop;0.9;True;False;764;[0.004330990958974565, 0.9955509644034273]
(28, 2);6;313;0;stop;0.1;False;True;1063;[0.9633173551368162, 0.024881708329856676]
(28, 2);7;121;0;stop;0.9;True;False;494;[0.005059864488679209, 0.9948475188859796]
(28, 2);8;233;0;stop;0.9;True;False;1504;[0.0030752180112500957, 0.9968753052418574]
(28, 2);9;131;0;stop;0.9;True;False;928;[0.016909748673295585, 0.9827848210038485]
(28, 3);0;148;0;stop;0.1;False;True;568;[0.9994278845084504, 0.0003352707295548985]
(28, 3);1;129;0;stop;0.9;True;False;690;[0.006289189974061932, 0.9935976344846869]
(28, 3);2;125;0;stop;0.9;True;False;773;[0.00781252597291448, 0.9917570012562248]
(28, 3);3;127;0;stop;0.9;True;False;585;[0.0010321723986630434, 0.9989111372162482]
(28, 3);4;124;0;stop;0.9;True;False;1027;[0.004608755298992805, 0.9952141123395217]
(28, 3);5;96;0;stop;0.9;True;False;664;[0.002631468553079406, 0.9972903439477755]
(28, 3);6;204;0;stop;0.9;True;False;727;[0.011686685723329275, 0.9882645613931198]
(28, 3);7;167;0;stop;0.9;True;False;525;[0.012819966482590293, 0.9870828367136267]
(28, 3);8;119;0;stop;0.9;True;False;584;[0.004198258832064184, 0.9956739748252461]
(28, 3);9;95;0;stop;0.9;True;False;703;[0.002631369427169508, 0.9972527605717969]
(29, 0);0;146;1;stop;1.0;True;False;677;[0.10662343427323495, 0.892747104956324]
(29, 0);1;123;1;stop;1.0;True;False;432;[0.16383947036289814, 0.8320454357386695]
(29, 0);2;68;1;stop;1.0;True;False;447;[0.008314836252480917, 0.9915717777183634]
(29, 0);3;184;1;stop;1.0;True;False;524;[0.06007127924462766, 0.9396729570437461]
(29, 0);4;170;1;stop;1.0;True;False;351;[0.011685092055241719, 0.9881296400556995]
(29, 0);5;115;1;stop;1.0;True;False;376;[0.03513734636943982, 0.9646492250287343]
(29, 0);6;81;1;stop;1.0;True;False;368;[0.027577160041713365, 0.9721283157755554]
(29, 0);7;142;1;stop;1.0;True;False;426;[0.02594803875004374, 0.9736930413621281]
(29, 0);8;188;1;stop;1.0;True;False;677;[0.03513873704472768, 0.9646874976109029]
(29, 0);9;120;1;stop;1.0;True;False;350;[0.182219046743045, 0.8166490858576861]
(29, 1);0;89;1;stop;1.0;True;True;585;[0.9992673999801472, 0.00020331939888745815]
(29, 1);1;153;1;stop;1.0;True;True;636;[0.9997759367581687, 9.914034222269929e-05]
(29, 1);2;202;1;stop;1.0;True;True;758;[0.9997247023647791, 6.813458539195425e-05]
(29, 1);3;192;1;stop;1.0;True;True;753;[0.9991419531818692, 0.00022327456584431883]
(29, 1);4;248;1;stop;1.0;True;True;737;[0.9996377350518052, 5.3058663595376585e-05]
(29, 1);5;232;1;stop;1.0;True;True;483;[0.999594137937033, 0.00011588569214272372]
(29, 1);6;152;1;stop;1.0;True;True;490;[0.9996135536731443, 0.00011956669344912501]
(29, 1);7;251;1;stop;1.0;True;True;596;[0.9998806857355593, 8.887815161237704e-05]
(29, 1);8;162;1;stop;1.0;True;True;509;[0.9998875982730323, 6.604907487230613e-05]
(29, 1);9;100;1;stop;1.0;True;True;489;[0.9998819967293698, 2.8407190574099708e-05]
(29, 2);0;136;1;stop;0.9;True;False;493;[0.09007547461881352, 0.9097300466062744]
(29, 2);1;104;1;stop;0.9;True;False;399;[0.08504949609912839, 0.9143683289692001]
(29, 2);2;345;1;stop;0.1;False;True;716;[0.9952554388803386, 0.004329704544527973]
(29, 2);3;115;1;stop;0.9;True;False;460;[0.014062426186919738, 0.9858520275895559]
(29, 2);4;90;1;stop;0.9;True;False;483;[0.018543678787722104, 0.9813007204274496]
(29, 2);5;73;1;stop;0.9;True;False;405;[0.06369997980240445, 0.9360644467388121]
(29, 2);6;182;1;stop;0.9;True;False;629;[0.060067813394225476, 0.9396186440090444]
(29, 2);7;116;1;stop;0.9;True;False;501;[0.0032728345739993538, 0.9966566660339758]
(29, 2);8;81;1;stop;0.9;True;False;487;[0.04602745565115765, 0.9538325292910792]
(29, 2);9;111;1;stop;0.9;True;False;704;[0.031141358358554055, 0.9687793417147827]
(29, 3);0;105;1;stop;1.0;True;False;435;[0.0900349376843559, 0.9093206990551881]
(29, 3);1;134;1;stop;1.0;True;False;584;[0.01854460283267176, 0.9813495096789813]
(29, 3);2;112;1;stop;1.0;True;False;618;[0.056618800502609264, 0.942787681951319]
(29, 3);3;96;1;stop;1.0;True;False;595;[0.0826419011611896, 0.9166877729309386]
(29, 3);4;224;1;stop;1.0;True;False;483;[0.013625072719626118, 0.9855125583213036]
(29, 3);5;181;1;stop;1.0;True;False;543;[0.016356832342961987, 0.9808265115610462]
(29, 3);6;184;1;stop;1.0;True;False;524;[0.10060214040535032, 0.8966571705787514]
(29, 3);7;91;1;stop;1.0;True;False;593;[0.030201941123949715, 0.969379624106863]
(29, 3);8;192;1;stop;1.0;True;False;899;[0.05498098926694831, 0.9445773266218256]
(29, 3);9;192;1;stop;1.0;True;False;527;[0.06752353188096358, 0.9321335287617293]
(30, 0);0;81;0;stop;1.0;True;True;530;[0.9994113336330238, 0.0002779446910699434]
(30, 0);1;69;0;stop;1.0;True;True;456;[0.9996111713425146, 9.025341707681229e-05]
(30, 0);2;62;0;stop;1.0;True;True;435;[0.9995561425049928, 0.00021649471709430277]
(30, 0);3;192;0;stop;1.0;True;True;446;[0.9994299087455104, 0.00016858503153968098]
(30, 0);4;86;0;stop;1.0;True;True;554;[0.9992600198554241, 0.00021643072226454137]
(30, 0);5;81;0;stop;1.0;True;True;493;[0.9997418593267574, 0.00020987290059452989]
(30, 0);6;55;0;stop;1.0;True;True;395;[0.999456939125612, 0.0002779571495786763]
(30, 0);7;329;0;stop;1.0;True;True;547;[0.996304510364437, 0.0008805602866688632]
(30, 0);8;222;0;stop;1.0;True;True;774;[0.9989154194354162, 0.00043705116760935184]
(30, 0);9;144;0;stop;1.0;True;True;518;[0.9992420462286222, 0.0003352083862306181]
(30, 1);0;137;0;stop;1.0;True;False;443;[0.047414320008509134, 0.9523421816512727]
(30, 1);1;59;0;stop;1.0;True;False;369;[0.014949437461920076, 0.9845392298172081]
(30, 1);2;138;0;stop;1.0;True;False;479;[0.010625085212004108, 0.9868004419535943]
(30, 1);3;163;0;stop;1.0;True;False;468;[0.006487444278597453, 0.9933851362788136]
(30, 1);4;199;0;stop;1.0;True;False;683;[0.017439917561444022, 0.9824129451074121]
(30, 1);5;79;0;stop;1.0;True;False;452;[0.0018672260345088865, 0.9979507089357882]
(30, 1);6;75;0;stop;1.0;True;False;732;[0.003172363911910674, 0.9967270086471255]
(30, 1);7;176;0;stop;1.0;True;False;652;[0.009706961077381197, 0.9901367664377613]
(30, 1);8;153;0;stop;1.0;True;False;559;[0.024421119291471966, 0.9754982553378396]
(30, 1);9;67;0;stop;1.0;True;False;490;[0.00263110720067989, 0.9971536582498922]
(30, 2);0;94;0;stop;1.0;True;False;525;[0.005059437453241945, 0.9947639930153636]
(30, 2);1;184;0;stop;1.0;True;False;610;[0.01243055703281242, 0.9874812741384422]
(30, 2);2;84;0;stop;1.0;True;False;525;[0.009412038079032927, 0.9905293692699476]
(30, 2);3;146;0;stop;1.0;True;False;522;[0.05817096484052531, 0.9388317374854399]
(30, 2);4;109;0;stop;1.0;True;False;406;[0.004198168748169194, 0.995652821163576]
(30, 2);5;51;0;stop;1.0;True;False;457;[0.0020503066120220897, 0.9977364632013548]
(30, 2);6;90;0;stop;1.0;True;False;413;[0.01363456155601828, 0.986198802623548]
(30, 2);7;62;0;stop;1.0;True;False;588;[0.004068983331942622, 0.9956473850348913]
(30, 2);8;185;0;stop;1.0;True;False;410;[0.018543139414345693, 0.9812721393001065]
(30, 2);9;190;0;stop;1.0;True;False;731;[0.049396866402524255, 0.9320504710280194]
(30, 3);0;65;0;stop;1.0;True;False;362;[0.004198262835837715, 0.995675156661704]
(30, 3);1;42;0;stop;1.0;True;False;423;[0.003593105519086291, 0.996268775992837]
(30, 3);2;75;0;stop;1.0;True;False;461;[0.0014101539495356425, 0.9984447149246852]
(30, 3);3;133;0;stop;1.0;True;False;642;[0.001867402334657027, 0.9980447449709854]
(30, 3);4;114;0;stop;1.0;True;False;402;[0.0020504796655658247, 0.9978209635053836]
(30, 3);5;125;0;stop;1.0;True;False;531;[0.0029804144778448867, 0.9968120487043507]
(30, 3);6;77;0;stop;1.0;True;False;597;[0.0034827200279277178, 0.9963149233300773]
(30, 3);7;64;0;stop;1.0;True;False;496;[0.0012064688551008459, 0.9986931497219119]
(30, 3);8;135;0;stop;1.0;True;False;382;[0.022261164666329936, 0.9766161166838191]
(30, 3);9;40;0;stop;1.0;True;False;446;[0.006287891575974473, 0.9933925473166807]
(31, 0);0;53;0;stop;1.0;True;True;1889;[0.9990820973087875, 0.00042367521934428946]
(31, 0);1;65;0;stop;1.0;True;True;443;[0.9993337066942177, 0.00043045549538066054]
(31, 0);2;68;0;stop;1.0;True;True;452;[0.9997536551016823, 8.748912588061896e-05]
(31, 0);3;107;0;stop;1.0;True;True;653;[0.9990913786510084, 0.00041711072175079427]
(31, 0);4;100;0;stop;1.0;True;True;431;[0.9990341464571049, 0.00041708665628422]
(31, 0);5;108;0;stop;1.0;True;True;291;[0.9989568159424357, 0.0004170544385772297]
(31, 0);6;124;0;stop;1.0;True;True;706;[0.9985871040286229, 0.0008291049420045915]
(31, 0);7;153;0;stop;1.0;True;True;460;[0.9961937658176281, 0.0005865144416356804]
(31, 0);8;70;0;stop;1.0;True;True;610;[0.9993301351896878, 0.00037987437340431755]
(31, 0);9;44;0;stop;1.0;True;True;368;[0.9991430242149413, 0.00034045338164701456]
(31, 1);0;147;0;stop;1.0;True;False;1313;[0.015901206646825972, 0.9837729112974989]
(31, 1);1;64;0;stop;1.0;True;False;386;[0.038438825180589116, 0.9608497016419348]
(31, 1);2;181;0;stop;1.0;True;False;678;[0.17312995641766046, 0.825956790951191]
(31, 1);3;49;0;stop;1.0;True;False;930;[0.026745050790912866, 0.9727230562880242]
(31, 1);4;88;0;stop;1.0;True;False;934;[0.00940865024173532, 0.9901727636211992]
(31, 1);5;142;0;stop;1.0;True;False;665;[0.03730158665145019, 0.9620204916773576]
(31, 1);6;68;0;stop;1.0;True;False;1330;[0.015414337161140823, 0.9839232636715545]
(31, 1);7;143;0;stop;1.0;True;False;2104;[0.02675198296313562, 0.9729752170787851]
(31, 1);8;127;0;stop;1.0;True;False;1489;[0.020958509511673468, 0.9787680600311874]
(31, 1);9;69;0;stop;1.0;True;False;318;[0.08264708330856152, 0.916745179669196]
(31, 2);0;67;0;stop;0.9;True;False;2640;[0.030203438907496636, 0.9694275714673085]
(31, 2);1;152;0;stop;0.9;True;False;3840;[0.024412905198274954, 0.9751700736740263]
(31, 2);2;136;0;stop;0.9;True;False;642;[0.02441679359533978, 0.9753252915982976]
(31, 2);3;117;0;stop;0.9;True;False;2069;[0.022278372841259494, 0.9773709810484154]
(31, 2);4;116;0;stop;0.9;True;False;759;[0.020952459141613672, 0.9784856081777603]
(31, 2);5;136;0;stop;0.9;True;False;1364;[0.0047534138590472445, 0.9948707619373699]
(31, 2);6;102;0;stop;0.1;False;True;3140;[0.9017280138980397, 0.09805836361414733]
(31, 2);7;65;0;stop;0.9;True;False;499;[0.010649690937551083, 0.9890858258991927]
(31, 2);8;46;0;stop;0.9;True;False;509;[0.018539518945121253, 0.9810807127210788]
(31, 2);9;40;0;stop;0.9;True;False;549;[0.024418417824768692, 0.9753902729492401]
(31, 3);0;171;0;stop;1.0;True;False;961;[0.04207005295286015, 0.9575099775182007]
(31, 3);1;125;0;stop;1.0;True;False;917;[0.008314713343879758, 0.9915570096452297]
(31, 3);2;76;0;stop;1.0;True;False;552;[0.013633157311769357, 0.9860970166896823]
(31, 3);3;94;0;stop;1.0;True;False;390;[0.036200747252258136, 0.9632661394739556]
(31, 3);4;97;0;stop;1.0;True;False;2500;[0.01639353131489269, 0.9830272507294723]
(31, 3);5;61;0;stop;1.0;True;False;1201;[0.040818413492297756, 0.9585131478577343]
(31, 3);6;99;0;stop;1.0;True;False;422;[0.022280603815716792, 0.9774689231420239]
(31, 3);7;258;0;stop;1.0;True;False;3378;[0.15806563501447865, 0.8282046977615954]
(31, 3);8;78;0;stop;1.0;True;False;1408;[0.025167696429042038, 0.9743897409115687]
(31, 3);9;118;0;stop;1.0;True;False;861;[0.010008796103993743, 0.9895143612481402]
(32, 0);0;65;2;stop;1.0;True;False;385;[0.006487626794979978, 0.9934133698488637]
(32, 0);1;77;2;stop;1.0;True;False;492;[0.00805970737567951, 0.9916567612090025]
(32, 0);2;60;2;stop;1.0;True;False;407;[0.004467746979298153, 0.9953898327919899]
(32, 0);3;59;2;stop;1.0;True;False;332;[0.017434313477544056, 0.9820971098644815]
(32, 0);4;198;2;stop;1.0;True;False;341;[0.025165392363089418, 0.9743004480259088]
(32, 0);5;58;2;stop;1.0;True;False;560;[0.01242910491652074, 0.9873662070151711]
(32, 0);6;37;2;stop;1.0;True;False;603;[0.010325480319327932, 0.98941574112613]
(32, 0);7;57;2;stop;1.0;True;False;572;[0.007344426218914546, 0.9924647708988635]
(32, 0);8;144;2;stop;1.0;True;False;398;[0.008573191438678893, 0.990926380360099]
(32, 0);9;57;2;stop;1.0;True;False;430;[0.03513511805271194, 0.9645879956489014]
(32, 1);0;45;2;stop;1.0;True;False;186;[0.0032724959393366955, 0.9965535385483558]
(32, 1);1;85;2;stop;1.0;True;False;316;[0.006691539727264683, 0.9931125275234964]
(32, 1);2;114;2;stop;1.0;True;False;415;[0.021595637171071946, 0.9774931839740916]
(32, 1);3;121;2;stop;1.0;True;False;527;[0.006691108986532553, 0.993048454268505]
(32, 1);4;79;2;stop;1.0;True;False;390;[0.01242805001597578, 0.9872821897986841]
(32, 1);5;72;2;stop;1.0;True;False;434;[0.0420787300417207, 0.9577074029281533]
(32, 1);6;60;2;stop;1.0;True;False;569;[0.012051889793178667, 0.9877911601783657]
(32, 1);7;177;2;stop;1.0;True;False;402;[0.019713188136400772, 0.9799856979780015]
(32, 1);8;37;2;stop;1.0;True;False;452;[0.0057292458923820485, 0.9940961745544739]
(32, 1);9;111;2;stop;1.0;True;False;355;[0.01690881336836875, 0.9827307087365779]
(32, 2);0;99;2;stop;1.0;True;True;510;[0.9995267248108065, 9.911566837049513e-05]
(32, 2);1;45;2;stop;1.0;True;True;368;[0.9997523444434523, 6.013022353913415e-05]
(32, 2);2;118;2;stop;1.0;True;True;367;[0.9996746645124647, 0.00013549508343140565]
(32, 2);3;43;2;stop;1.0;True;True;308;[0.9995574526441869, 8.747193972558634e-05]
(32, 2);4;35;2;stop;1.0;True;True;450;[0.9998158555572949, 2.429635888075578e-05]
(32, 2);5;196;2;stop;1.0;True;True;516;[0.9997973852696536, 0.00016345837634700532]
(32, 2);6;66;2;stop;1.0;True;True;323;[0.9978760388891493, 0.000165713246555339]
(32, 2);7;56;2;stop;1.0;True;True;295;[0.999560787549058, 0.00011588182410499067]
(32, 2);8;52;2;stop;1.0;True;True;417;[0.9993733520719033, 8.4765107837125e-05]
(32, 2);9;85;2;stop;1.0;True;True;241;[0.9996030714666614, 6.812633365974867e-05]
(32, 3);0;131;2;stop;1.0;True;False;282;[0.004069293782577027, 0.9957231402210894]
(32, 3);1;80;2;stop;1.0;True;False;652;[0.01541679229963773, 0.98408012596189]
(32, 3);2;80;2;stop;1.0;True;False;424;[0.0034828429211796567, 0.9963500694294792]
(32, 3);3;72;2;stop;1.0;True;False;318;[0.010984500489479318, 0.9887934254269256]
(32, 3);4;41;2;stop;1.0;True;False;307;[0.005059309590885446, 0.9947386314117291]
(32, 3);5;33;2;stop;1.0;True;False;492;[0.006096064003660641, 0.9936582474073253]
(32, 3);6;60;2;stop;1.0;True;False;450;[0.005219396598449926, 0.9946408537077585]
(32, 3);7;56;2;stop;1.0;True;False;519;[0.005059394027928315, 0.9947550278362421]
(32, 3);8;50;2;stop;1.0;True;False;375;[0.0583255183255032, 0.9413262304138995]
(32, 3);9;77;2;stop;1.0;True;False;463;[0.022969534877580557, 0.9766895724518833]
(33, 0);0;201;0;stop;1.0;True;True;499;[0.9978394796116412, 0.0006657056624736126]
(33, 0);1;47;0;stop;1.0;True;True;498;[0.9996380924047152, 0.00017949514527198054]
(33, 0);2;182;0;stop;1.0;True;True;591;[0.9980857132463278, 0.0004948326508235029]
(33, 0);3;56;0;stop;1.0;True;True;308;[0.9987707960850586, 0.00018216362435346397]
(33, 0);4;61;0;stop;1.0;True;True;466;[0.9984561234989934, 0.00023751139602143785]
(33, 0);5;79;0;stop;1.0;True;True;384;[0.9995956864190912, 0.00015352389152873118]
(33, 0);6;106;0;stop;1.0;True;True;381;[0.9996577480879734, 0.00017949874008608665]
(33, 0);7;129;0;stop;1.0;True;True;487;[0.999276922802266, 0.00027790731889411314]
(33, 0);8;99;0;stop;1.0;True;True;356;[0.9994516996296995, 0.00022334377921606424]
(33, 0);9;220;0;stop;1.0;True;True;486;[0.9954817329575257, 0.001202589028570723]
(33, 1);0;51;0;stop;1.0;True;False;447;[0.0010648609002123696, 0.9988396534741204]
(33, 1);1;66;0;stop;1.0;True;False;448;[0.0038238780563171764, 0.9960176427839138]
(33, 1);2;47;0;stop;1.0;True;False;607;[0.0023228664267290365, 0.9975495926711105]
(33, 1);3;106;0;stop;1.0;True;False;462;[0.006095979706178251, 0.9936445943708968]
(33, 1);4;82;0;stop;1.0;True;False;459;[0.014062567002858921, 0.9858618756754055]
(33, 1);5;52;0;stop;1.0;True;False;506;[0.0010986281140675674, 0.998807542620686]
(33, 1);6;76;0;stop;1.0;True;False;536;[0.0017001975610391306, 0.9979910758297011]
(33, 1);7;112;0;stop;1.0;True;False;702;[0.006485316330976265, 0.9930595048816129]
(33, 1);8;161;0;stop;1.0;True;False;502;[0.3802415052385877, 0.607624195253643]
(33, 1);9;93;0;stop;1.0;True;False;390;[0.00247224929765769, 0.9973767847482544]
(33, 2);0;124;0;stop;1.0;True;False;465;[0.13462984769816022, 0.850886888138213]
(33, 2);1;140;0;stop;1.0;True;False;300;[0.014956096914512424, 0.9849777131944193]
(33, 2);2;191;0;stop;1.0;True;False;410;[0.013632916784439546, 0.9860795126287397]
(33, 2);3;209;0;stop;1.0;True;False;528;[0.02809581925193143, 0.959939944407306]
(33, 2);4;77;0;stop;1.0;True;False;431;[0.013632305734092144, 0.9860356996550135]
(33, 2);5;82;0;stop;1.0;True;False;504;[0.02095930903061224, 0.9788054050744354]
(33, 2);6;392;0;stop;1.0;True;False;390;[0.0018073119810521313, 0.9965913060303487]
(33, 2);7;129;0;stop;1.0;True;False;492;[0.033075995611419114, 0.9666222604893023]
(33, 2);8;183;0;stop;1.0;True;False;606;[0.3133257262770786, 0.6429026087069435]
(33, 2);9;57;0;stop;1.0;True;False;368;[0.0027145459605279745, 0.9971235523283054]
(33, 3);0;56;0;stop;1.0;True;False;390;[0.0053835914775220385, 0.9943664945690934]
(33, 3);1;53;0;stop;1.0;True;False;490;[0.007813431273914774, 0.9918719223681306]
(33, 3);2;90;0;stop;1.0;True;False;304;[0.016908579550220466, 0.9827171230184089]
(33, 3);3;111;0;stop;1.0;True;False;630;[0.0016980553749761551, 0.9967339960248228]
(33, 3);4;61;0;stop;1.0;True;False;478;[0.011684735459973264, 0.9880993775243416]
(33, 3);5;131;0;stop;1.0;True;False;406;[0.011329727878499042, 0.9884915306189073]
(33, 3);6;61;0;stop;1.0;True;False;631;[0.014060367752975958, 0.9857076872039633]
(33, 3);7;181;0;stop;1.0;True;False;327;[0.010325125828179347, 0.9893817829513073]
(33, 3);8;192;0;stop;1.0;True;False;481;[0.15384088517140168, 0.6476943382987818]
(33, 3);9;72;0;stop;1.0;True;False;309;[0.0026311987887806076, 0.9971882706774832]
(34, 0);0;72;0;stop;1.0;True;True;403;[0.9996413087321212, 0.00021651329978239356]
(34, 0);1;166;0;stop;1.0;True;True;748;[0.9996168889688386, 0.00020339037885321257]
(34, 0);2;133;0;stop;1.0;True;True;561;[0.9995640033950071, 0.00019712237500605706]
(34, 0);3;60;0;stop;1.0;True;True;438;[0.9994501516324829, 0.00011230409072994884]
(34, 0);4;65;0;stop;1.0;True;True;546;[0.9997762942186781, 7.84264658101359e-05]
(34, 0);5;53;0;stop;1.0;True;True;586;[0.9998266997287968, 3.763133154731069e-05]
(34, 0);6;62;0;stop;1.0;True;True;606;[0.9994982615559317, 0.0002779688133695537]
(34, 0);7;319;0;stop;1.0;True;True;697;[0.9922934856506717, 0.001827856690226782]
(34, 0);8;172;0;stop;1.0;True;True;417;[0.9990466393837057, 0.00024519575307122037]
(34, 0);9;77;0;stop;1.0;True;True;640;[0.9992558537091356, 0.0001685556122426269]
(34, 1);0;38;0;stop;1.0;True;False;507;[0.02096045339515915, 0.978858858148137]
(34, 1);1;256;0;stop;1.0;True;False;527;[0.029302848674800343, 0.9703770721207771]
(34, 1);2;50;0;stop;1.0;True;False;441;[0.015903731748598143, 0.9839290330277363]
(34, 1);3;561;0;stop;1.0;True;False;308;[0.07778929383375376, 0.9185110449166651]
(34, 1);4;241;0;stop;1.0;True;False;551;[0.011325109737826916, 0.9880886696783757]
(34, 1);5;43;0;stop;1.0;True;False;293;[0.003945042757065246, 0.995962772697435]
(34, 1);6;131;0;stop;1.0;True;False;548;[0.024415227684318582, 0.9752628123550225]
(34, 1);7;210;0;stop;1.0;True;False;483;[0.02930890646073116, 0.970577593470063]
(34, 1);8;39;0;stop;1.0;True;False;481;[0.010010113418861795, 0.9896446411301001]
(34, 1);9;119;0;stop;1.0;True;False;438;[0.013219601707223598, 0.9865366560052453]
(34, 2);0;154;0;stop;1.0;True;False;519;[0.048811505820537164, 0.9502413421979045]
(34, 2);1;87;0;stop;1.0;True;False;363;[0.006096750054103002, 0.9937698417657298]
(34, 2);2;47;0;stop;1.0;True;False;513;[0.01321882008426513, 0.9864786484542413]
(34, 2);3;60;0;stop;1.0;True;False;479;[0.011683816162989594, 0.9880217519507133]
(34, 2);4;102;0;stop;1.0;True;False;486;[0.007814366489205287, 0.9919907397868107]
(34, 2);5;233;0;stop;1.0;True;False;542;[0.32077392721104053, 0.6581853630455848]
(34, 2);6;103;0;stop;1.0;True;False;361;[0.005384751930174359, 0.994580592575675]
(34, 2);7;50;0;stop;1.0;True;False;387;[0.01064883783943692, 0.9890062963186534]
(34, 2);8;129;0;stop;1.0;True;False;516;[0.011686942067857082, 0.9882859837746033]
(34, 2);9;129;0;stop;1.0;True;False;507;[0.014951633184915518, 0.9846836907262302]
(34, 3);0;58;0;stop;1.0;True;False;656;[0.0071195380689151955, 0.9926149734824451]
(34, 3);1;84;0;stop;1.0;True;False;628;[0.004069274378718458, 0.9957184126558547]
(34, 3);2;76;0;stop;1.0;True;False;520;[0.008845721792706518, 0.9909695763305663]
(34, 3);3;121;0;stop;1.0;True;False;361;[0.010325017513867003, 0.9893716306481076]
(34, 3);4;23;0;stop;1.0;True;False;443;[0.013633807406867697, 0.98614419746704]
(34, 3);5;123;0;stop;1.0;True;False;520;[0.016398855586877713, 0.9833463358428005]
(34, 3);6;78;0;stop;1.0;True;False;372;[0.004069542160138679, 0.9957842491284855]
(34, 3);7;113;0;stop;1.0;True;False;390;[0.007342867951826262, 0.9922544001560633]
(34, 3);8;97;0;stop;1.0;True;False;482;[0.020325969930572712, 0.9793599781319208]
(34, 3);9;77;0;stop;1.0;True;False;471;[0.00475447701536627, 0.9950933403052743]
(35, 0);0;65;1;stop;1.0;True;False;401;[0.012050211847644019, 0.9876539257224081]
(35, 0);1;66;1;stop;1.0;True;False;488;[0.0069032080339586814, 0.9930055477767874]
(35, 0);2;95;1;stop;1.0;True;False;449;[0.003706464750869644, 0.9960810351396293]
(35, 0);3;64;1;stop;1.0;True;False;384;[0.006288071476568971, 0.9934206640601785]
(35, 0);4;73;1;stop;1.0;True;False;504;[0.050300518445249666, 0.9491011797849733]
(35, 0);5;97;1;stop;1.0;True;False;631;[0.004904794533137275, 0.9949705911154477]
(35, 0);6;103;1;stop;1.0;True;False;581;[0.006288974055566266, 0.9935632709134232]
(35, 0);7;91;1;stop;1.0;True;False;518;[0.004198170750012526, 0.9956532936097651]
(35, 0);8;67;1;stop;1.0;True;False;491;[0.007814526716601256, 0.9920111518341075]
(35, 0);9;79;1;stop;1.0;True;False;488;[0.012051826578666774, 0.9877862743242805]
(35, 1);0;86;1;stop;1.0;True;True;617;[0.9986172986643055, 0.00019693560094353698]
(35, 1);1;84;1;stop;1.0;True;True;457;[0.9998411192709713, 8.219556068622452e-05]
(35, 1);2;67;1;stop;1.0;True;True;411;[0.9997176729270929, 0.00014881862318288523]
(35, 1);3;97;1;stop;1.0;True;True;485;[0.9997511529374614, 9.913788401562517e-05]
(35, 1);4;72;1;stop;1.0;True;True;380;[0.9998965370444355, 4.3998588820303355e-05]
(35, 1);5;74;1;stop;1.0;True;True;474;[0.9997854693149376, 0.00011590790823079573]
(35, 1);6;74;1;stop;1.0;True;True;477;[0.9996882457074038, 0.00020986169247170133]
(35, 1);7;56;1;stop;1.0;True;True;360;[0.9997677150562424, 9.91394912979682e-05]
(35, 1);8;55;1;stop;1.0;True;True;397;[0.9997503188841127, 0.00011410689623272857]
(35, 1);9;84;1;stop;1.0;True;True;305;[0.9998921272324081, 4.832276587440028e-05]
(35, 2);0;104;1;stop;1.0;True;False;811;[0.01854359036478196, 0.9812960138150427]
(35, 2);1;173;1;stop;1.0;True;False;423;[0.06370414124720615, 0.9361255568807074]
(35, 2);2;120;1;stop;1.0;True;False;1452;[0.008575943115108557, 0.9912442888019146]
(35, 2);3;117;1;stop;1.0;True;False;605;[0.012818163263686113, 0.9869440581193496]
(35, 2);4;133;1;stop;1.0;True;False;1796;[0.0069008976429868465, 0.9926729998009689]
(35, 2);5;92;1;stop;1.0;True;False;588;[0.0021825275390216807, 0.9977308858392608]
(35, 2);6;110;1;stop;1.0;True;False;934;[0.006096883784790279, 0.9937920929108294]
(35, 2);7;145;1;stop;1.0;True;False;1187;[0.010011149255557579, 0.9897471610410649]
(35, 2);8;61;1;stop;1.0;True;False;390;[0.006902931536183666, 0.9929659357827175]
(35, 2);9;75;1;stop;1.0;True;False;829;[0.008846206872423195, 0.9910240148870898]
(35, 3);0;63;1;stop;1.0;True;False;557;[0.0029805551772304683, 0.9968590757954788]
(35, 3);1;47;1;stop;1.0;True;False;635;[0.004904710337481612, 0.9949533618103249]
(35, 3);2;69;1;stop;1.0;True;False;453;[0.008575877686104646, 0.9912369099460913]
(35, 3);3;64;1;stop;1.0;True;False;619;[0.0075751934028807635, 0.9921547631143335]
(35, 3);4;98;1;stop;1.0;True;False;719;[0.0037069278333869216, 0.9962052413346791]
(35, 3);5;67;1;stop;1.0;True;False;516;[0.0034827964205202946, 0.9963370519103567]
(35, 3);6;51;1;stop;1.0;True;False;683;[0.005384040738147079, 0.9944494818468206]
(35, 3);7;263;1;stop;1.0;True;False;641;[0.012815590295629379, 0.9867457704014955]
(35, 3);8;105;1;stop;1.0;True;False;475;[0.012428672277938745, 0.9873318079276147]
(35, 3);9;60;1;stop;1.0;True;False;383;[0.011328312528877504, 0.9883681929645097]
(36, 0);0;76;1;stop;1.0;True;False;438;[0.0049044063096467866, 0.994891646957667]
(36, 0);1;112;1;stop;1.0;True;False;284;[0.010326809769533804, 0.9895429594201579]
(36, 0);2;115;1;stop;1.0;True;False;450;[0.01405726390942842, 0.9854904452889607]
(36, 0);3;145;1;stop;1.0;True;False;422;[0.02368120219562872, 0.9759697099523219]
(36, 0);4;88;1;stop;1.0;True;False;422;[0.002322674814810985, 0.997467391771514]
(36, 0);5;145;1;stop;1.0;True;False;464;[0.01242866635148739, 0.9873314594279281]
(36, 0);6;228;1;stop;1.0;True;False;682;[0.3783011626851031, 0.585924302775208]
(36, 0);7;49;1;stop;1.0;True;False;390;[0.0017545072575588117, 0.99818464453383]
(36, 0);8;100;1;stop;1.0;True;False;344;[0.01168474660341068, 0.9881004247571702]
(36, 0);9;110;1;stop;1.0;True;False;638;[0.0028003316411776176, 0.996987030624896]
(36, 1);0;219;1;stop;1.0;True;True;698;[0.9981373736389945, 0.0010978907572964062]
(36, 1);1;183;1;stop;1.0;True;True;421;[0.9976085531788346, 0.0009097013497819491]
(36, 1);2;108;1;stop;1.0;True;True;549;[0.9994884962916362, 0.0002453042773987008]
(36, 1);3;115;1;stop;1.0;True;True;474;[0.9990843581734209, 0.00027785352238798107]
(36, 1);4;98;1;stop;1.0;True;True;563;[0.9994895681034318, 0.00015838049627226955]
(36, 1);5;120;1;stop;1.0;True;True;404;[0.999371804312377, 0.00030525029719122364]
(36, 1);6;127;1;stop;1.0;True;True;695;[0.9994482463815804, 0.00031496401069455157]
(36, 1);7;109;1;stop;1.0;True;True;715;[0.9992131230809579, 0.0002867107238596695]
(36, 1);8;206;1;stop;1.0;True;True;690;[0.9995264865923635, 0.00021313197650344088]
(36, 1);9;219;1;stop;1.0;True;True;642;[0.9978782944107555, 0.0008682778136512033]
(36, 2);0;79;1;stop;1.0;True;False;380;[0.005383134553743406, 0.9942821071626914]
(36, 2);1;293;1;stop;1.0;True;False;591;[0.10254484217106112, 0.885852247012833]
(36, 2);2;85;1;stop;1.0;True;False;538;[0.008312778764003804, 0.9913264043202021]
(36, 2);3;105;1;stop;1.0;True;False;777;[0.003074797189497581, 0.9967390885866928]
(36, 2);4;102;1;stop;1.0;True;False;703;[0.0028888558899886523, 0.9968603788020265]
(36, 2);5;229;1;stop;1.0;True;False;398;[0.3332178726581961, 0.662682849140367]
(36, 2);6;83;1;stop;1.0;True;False;614;[0.008312390316583302, 0.9912800151312401]
(36, 2);7;278;1;stop;1.0;True;False;596;[0.005729748587223169, 0.9941833586139638]
(36, 2);8;322;1;stop;1.0;True;False;391;[0.002800718905585723, 0.9971249745471064]
(36, 2);9;201;1;stop;1.0;True;False;400;[0.007814180182410752, 0.991967279477818]
(36, 3);0;249;1;stop;1.0;True;False;527;[0.01494856781664807, 0.9844816881237815]
(36, 3);1;86;1;stop;1.0;True;False;379;[0.006097101830244549, 0.9938272964866695]
(36, 3);2;139;1;stop;1.0;True;False;578;[0.00912453091106268, 0.9907539871590472]
(36, 3);3;139;1;stop;1.0;True;False;506;[0.013627873188940038, 0.9857151001772928]
(36, 3);4;268;1;stop;1.0;True;False;739;[0.014500377588703267, 0.9852786220220029]
(36, 3);5;108;1;stop;1.0;True;False;441;[0.006485254482474996, 0.9930498651258072]
(36, 3);6;152;1;stop;1.0;True;False;476;[0.0757986557420994, 0.9234166795675482]
(36, 3);7;147;1;stop;1.0;True;False;523;[0.002550409484867366, 0.997252523504812]
(36, 3);8;129;1;stop;1.0;True;False;451;[0.01743954334542612, 0.9823916600958237]
(36, 3);9;179;1;stop;1.0;True;False;511;[0.007814876992582306, 0.9920554982556555]
(37, 0);0;97;0;stop;1.0;True;True;479;[0.9995486390268218, 0.00011231522984114357]
(37, 0);1;195;0;stop;1.0;True;True;484;[0.999756395574443, 6.604044590105359e-05]
(37, 0);2;68;0;stop;1.0;True;True;451;[0.9994172871161049, 0.00010549650906706516]
(37, 0);3;193;0;stop;1.0;True;True;567;[0.9990259369611751, 0.00015830695520986705]
(37, 0);4;92;0;stop;1.0;True;True;502;[0.9996922963168039, 8.748370270010839e-05]
(37, 0);5;210;0;stop;1.0;True;True;460;[0.998450300345339, 0.000791029200903675]
(37, 0);6;80;0;stop;1.0;True;True;344;[0.9992746611528783, 0.0001272348780478011]
(37, 0);7;256;0;stop;1.0;True;True;278;[0.9842457012326828, 0.003440530408234169]
(37, 0);8;107;0;stop;1.0;True;True;696;[0.999471705247151, 0.00010550224395367292]
(37, 0);9;182;0;stop;1.0;True;True;436;[0.9995605493515878, 0.00017948128023480078]
(37, 1);0;90;0;stop;1.0;True;False;562;[0.0018674815861058722, 0.9980873758457589]
(37, 1);1;102;0;stop;1.0;True;False;772;[0.005554217514973396, 0.9943184059962491]
(37, 1);2;141;0;stop;1.0;True;False;507;[0.03403744337639585, 0.9344528999011239]
(37, 1);3;231;0;stop;1.0;True;False;1508;[0.47360720683312374, 0.5201557576075148]
(37, 1);4;90;0;stop;1.0;True;False;586;[0.005909930788184147, 0.9938973579506922]
(37, 1);5;141;0;stop;1.0;True;False;376;[0.011684991761722531, 0.9881210263900005]
(37, 1);6;113;0;stop;1.0;True;False;646;[0.027577600564021778, 0.9721438628284428]
(37, 1);7;224;0;stop;1.0;True;False;773;[0.03301481012620806, 0.9648342915348095]
(37, 1);8;303;0;stop;1.0;True;False;1628;[0.05157744076698997, 0.8861039648998112]
(37, 1);9;45;0;stop;1.0;True;False;625;[0.004467644721855289, 0.9953666832924518]
(37, 2);0;284;0;stop;0.8;True;False;443;[0.0632865631502409, 0.9299892358796377]
(37, 2);1;163;0;stop;0.2;False;True;468;[0.9997716471547335, 9.31333772594849e-05]
(37, 2);2;223;0;stop;0.8;True;False;573;[0.015903443578579375, 0.9839111459344734]
(37, 2);3;111;0;stop;0.8;True;False;516;[0.004069476183370263, 0.9957678185828952]
(37, 2);4;93;0;stop;0.8;True;False;596;[0.01168398330251595, 0.9880356005605421]
(37, 2);5;146;0;stop;0.8;True;False;722;[0.008577190450954607, 0.9913882636423135]
(37, 2);6;97;0;stop;0.8;True;False;340;[0.006096677375611949, 0.9937584222992726]
(37, 2);7;136;0;stop;0.8;True;False;731;[0.00940989305496145, 0.9903036844861389]
(37, 2);8;62;0;stop;0.8;True;False;384;[0.016909103629878627, 0.9827474028430907]
(37, 2);9;108;0;stop;0.2;False;True;377;[0.9996820507254192, 0.00013979722564301387]
(37, 3);0;117;0;stop;1.0;True;False;408;[0.01690969223101426, 0.9827814820327322]
(37, 3);1;260;0;stop;1.0;True;False;723;[0.07641495669390187, 0.9022831848081349]
(37, 3);2;108;0;stop;1.0;True;False;631;[0.01589850758203756, 0.9836057648309017]
(37, 3);3;83;0;stop;1.0;True;False;504;[0.007345203725228956, 0.9925699900966176]
(37, 3);4;133;0;stop;1.0;True;False;585;[0.006902447691725641, 0.9928963579435618]
(37, 3);5;72;0;stop;1.0;True;False;423;[0.0029807697921153176, 0.9969312241651703]
(37, 3);6;215;0;stop;1.0;True;False;946;[0.01744030841785809, 0.9824348051772159]
(37, 3);7;76;0;stop;1.0;True;False;395;[0.009122307864147626, 0.9905127606766575]
(37, 3);8;94;0;stop;1.0;True;False;372;[0.012819514125878707, 0.9870478766378699]
(37, 3);9;133;0;stop;1.0;True;False;391;[0.01132431593137607, 0.9880193089104502]
(38, 0);0;68;3;stop;1.0;True;False;496;[0.010982955441841127, 0.9886540490796496]
(38, 0);1;78;3;stop;1.0;True;False;527;[0.006689765891634141, 0.992849351586508]
(38, 0);2;82;3;stop;1.0;True;False;460;[0.009410790495086713, 0.9903982719103864]
(38, 0);3;107;3;stop;1.0;True;False;696;[0.013217074206353598, 0.9863480421990388]
(38, 0);4;67;3;stop;1.0;True;False;435;[0.07147186967507528, 0.9268613776156303]
(38, 0);5;47;3;stop;1.0;True;False;477;[0.006286209754436432, 0.9931267540995815]
(38, 0);6;59;3;stop;1.0;True;False;593;[0.008311704632277987, 0.9911984924094684]
(38, 0);7;247;3;stop;1.0;True;False;629;[0.0049047360637786116, 0.9949586722981966]
(38, 0);8;100;3;stop;1.0;True;False;656;[0.0032729126053864335, 0.9966807043805596]
(38, 0);9;140;3;stop;1.0;True;False;485;[0.0044679344573556115, 0.9954311740461872]
(38, 1);0;67;3;stop;1.0;True;False;432;[0.006096883784790279, 0.9937918573606701]
(38, 1);1;164;3;stop;1.0;True;False;533;[0.03961926425629537, 0.9598868915219775]
(38, 1);2;75;3;stop;1.0;True;False;584;[0.002550184510738506, 0.9971644448301712]
(38, 1);3;125;3;stop;1.0;True;False;559;[0.0014549101034236895, 0.9984400802104468]
(38, 1);4;154;3;stop;1.0;True;False;497;[0.012048539880914436, 0.987516962329423]
(38, 1);5;23;3;stop;1.0;True;False;424;[0.00475418003306052, 0.9950312539688607]
(38, 1);6;144;3;stop;1.0;True;False;746;[0.015783331725068708, 0.9764803783998511]
(38, 1);7;284;3;stop;1.0;True;False;451;[0.0066914503861670496, 0.9930991243079801]
(38, 1);8;150;3;stop;1.0;True;False;607;[0.007812812826487188, 0.9917935856892247]
(38, 1);9;156;3;stop;1.0;True;False;254;[0.008060226220053849, 0.9917206546173212]
(38, 2);0;101;3;stop;1.0;True;False;465;[0.004330596528048987, 0.995460469347476]
(38, 2);1;235;3;stop;1.0;True;False;489;[0.01690335576722539, 0.9824135196920061]
(38, 2);2;173;3;stop;1.0;True;False;284;[0.016397807796137743, 0.9832835167654822]
(38, 2);3;115;3;stop;1.0;True;False;773;[0.00857673648150245, 0.9913358934742247]
(38, 2);4;374;3;stop;1.0;True;False;428;[0.012630247970238167, 0.9724753099534855]
(38, 2);5;152;3;stop;1.0;True;False;681;[0.0075748069144351, 0.9921037199284177]
(38, 2);6;142;3;stop;1.0;True;False;765;[0.002322959469430573, 0.9975895710120031]
(38, 2);7;85;3;stop;1.0;True;False;568;[0.00475337306034392, 0.9948623850738726]
(38, 2);8;123;3;stop;1.0;True;False;408;[0.02843192478826955, 0.9714235961652126]
(38, 2);9;131;3;stop;1.0;True;False;560;[0.007814843454840638, 0.9920512740855802]
(38, 3);0;96;3;stop;1.0;True;True;657;[0.9998054882768016, 6.604365801409944e-05]
(38, 3);1;116;3;stop;1.0;True;True;681;[0.9998426684993716, 4.133060231385315e-05]
(38, 3);2;386;3;stop;1.0;True;True;462;[0.9989188689237598, 0.0008038628053065636]
(38, 3);3;184;3;stop;1.0;True;True;525;[0.9985621414492043, 0.0002777083503168518]
(38, 3);4;151;3;stop;1.0;True;True;613;[0.9989942900220055, 0.00020971604133247063]
(38, 3);5;85;3;stop;1.0;True;True;479;[0.9983545244650409, 0.0006256953319297058]
(38, 3);6;99;3;stop;1.0;True;True;565;[0.9993350162510158, 0.00015348377993858254]
(38, 3);7;89;3;stop;1.0;True;True;667;[0.9994319329866702, 0.00011954491614480651]
(38, 3);8;199;3;stop;1.0;True;True;307;[0.9993551362221273, 0.00011585806613407257]
(38, 3);9;92;3;stop;1.0;True;True;329;[0.9987956502797392, 0.00016329446645311444]
(39, 0);0;192;3;stop;1.0;True;False;476;[0.004196461523437042, 0.9952477636825395]
(39, 0);1;119;3;stop;1.0;True;False;407;[0.013632331735676644, 0.986037438031207]
(39, 0);2;98;3;stop;1.0;True;False;563;[0.025949603980366436, 0.9737517018370229]
(39, 0);3;79;3;stop;1.0;True;False;445;[0.015898113374967764, 0.9835814310667224]
(39, 0);4;127;3;stop;1.0;True;False;434;[0.01690993412783212, 0.9827955299515638]
(39, 0);5;49;3;stop;1.0;True;False;555;[0.007341614574691051, 0.9920850642540066]
(39, 0);6;220;3;stop;1.0;True;False;328;[0.030042708357583693, 0.9346011581400594]
(39, 0);7;92;3;stop;1.0;True;False;393;[0.016391366136455265, 0.9828974410383494]
(39, 0);8;101;3;stop;1.0;True;False;643;[0.0064870668881264965, 0.9933276146090043]
(39, 0);9;201;3;stop;1.0;True;False;548;[0.006486912226243217, 0.9933038553333109]
(39, 1);0;121;3;stop;1.0;True;False;398;[0.013218416684045919, 0.9864486036899973]
(39, 1);1;148;3;stop;1.0;True;False;652;[0.05497619176917112, 0.9444947997114781]
(39, 1);2;107;3;stop;1.0;True;False;404;[0.027574661690110365, 0.972040338192349]
(39, 1);3;108;3;stop;1.0;True;False;552;[0.02095364809376394, 0.9785409667069845]
(39, 1);4;263;3;stop;1.0;True;False;703;[0.008049882545169269, 0.9904479700837576]
(39, 1);5;88;3;stop;1.0;True;False;769;[0.0735469125782785, 0.9244263537513449]
(39, 1);6;97;3;stop;1.0;True;False;602;[0.040818715181325176, 0.9585201572454545]
(39, 1);7;90;3;stop;1.0;True;False;411;[0.0064868936670650175, 0.9933010324364656]
(39, 1);8;103;3;stop;1.0;True;False;500;[0.015901578183189716, 0.9837958699535819]
(39, 1);9;105;3;stop;1.0;True;False;612;[0.007343197086317552, 0.992298650250254]
(39, 2);0;80;3;stop;1.0;True;False;355;[0.023673575625846977, 0.9756555081711064]
(39, 2);1;90;3;stop;1.0;True;False;334;[0.025941685997948286, 0.9734546288831191]
(39, 2);2;87;3;stop;1.0;True;False;506;[0.012819263502680499, 0.9870285981060563]
(39, 2);3;203;3;stop;1.0;True;False;358;[0.010983007812778604, 0.9886589429090216]
(39, 2);4;191;3;stop;1.0;True;False;515;[0.026744776602087034, 0.9727130169461259]
(39, 2);5;76;3;stop;1.0;True;False;406;[0.017978999928717668, 0.9816201776074472]
(39, 2);6;187;3;stop;1.0;True;False;704;[0.008310900115304222, 0.9911025806148791]
(39, 2);7;73;3;stop;1.0;True;False;559;[0.012426633745382963, 0.9871697247130483]
(39, 2);8;60;3;stop;1.0;True;False;473;[0.023673835261402813, 0.9756660612892772]
(39, 2);9;50;3;stop;1.0;True;False;398;[0.021610254413365115, 0.9781548418582166]
(39, 3);0;71;3;stop;1.0;True;True;274;[0.9994196685192676, 8.476898816463902e-05]
(39, 3);1;121;3;stop;1.0;True;True;396;[0.9990449736743936, 0.0001685200908640569]
(39, 3);2;78;3;stop;1.0;True;True;544;[0.9991399300514504, 7.248650044256305e-05]
(39, 3);3;79;3;stop;1.0;True;True;386;[0.9988234787911795, 0.0002777811917814674]
(39, 3);4;133;3;stop;1.0;True;True;423;[0.9981060205270035, 0.00023742805551184656]
(39, 3);5;110;3;stop;1.0;True;True;523;[0.9993984743702162, 0.00026110138742786834]
(39, 3);6;152;3;stop;1.0;True;True;371;[0.9951991171611124, 0.0014501877609817153]
(39, 3);7;75;3;stop;1.0;True;True;454;[0.9986742452745222, 0.0001353594722502888]
(39, 3);8;73;3;stop;1.0;True;True;363;[0.9995989024645956, 5.1424209374371764e-05]
(39, 3);9;80;3;stop;1.0;True;True;302;[0.9985232735467703, 0.000237527252146964]
(40, 0);0;67;3;stop;1.0;True;False;571;[0.022973500107240405, 0.9768580145654439]
(40, 0);1;135;3;stop;1.0;True;False;796;[0.002800658809322514, 0.9971036405494623]
(40, 0);2;52;3;stop;1.0;True;False;449;[0.03963178214193318, 0.9601901363545827]
(40, 0);3;79;3;stop;1.0;True;False;645;[0.003706381684934874, 0.9960587999995616]
(40, 0);4;114;3;stop;1.0;True;False;468;[0.020324579150650494, 0.9792929793778066]
(40, 0);5;49;3;stop;1.0;True;False;715;[0.03619633711531217, 0.9631487936724368]
(40, 0);6;55;3;stop;1.0;True;False;510;[0.0064842618947300555, 0.9928978860227121]
(40, 0);7;70;3;stop;1.0;True;False;508;[0.0031718087992199766, 0.9965527097439636]
(40, 0);8;57;3;stop;1.0;True;False;582;[0.006287918560735528, 0.9933968997833282]
(40, 0);9;79;3;stop;1.0;True;False;598;[0.009703120066539074, 0.989745058477091]
(40, 1);0;63;3;stop;1.0;True;False;567;[0.01542060809618556, 0.9843235425824767]
(40, 1);1;79;3;stop;1.0;True;False;625;[0.022969387016232034, 0.9766830905708176]
(40, 1);2;78;3;stop;1.0;True;False;470;[0.0169113130057715, 0.9828760210386891]
(40, 1);3;104;3;stop;1.0;True;False;739;[0.014500260045759364, 0.9852709847650708]
(40, 1);4;83;3;stop;1.0;True;False;518;[0.025165746359507486, 0.9743141424218712]
(40, 1);5;146;3;stop;1.0;True;False;780;[0.017939564322258336, 0.9794670116251059]
(40, 1);6;72;3;stop;1.0;True;False;550;[0.006095863435701514, 0.9936256450612108]
(40, 1);7;59;3;stop;1.0;True;False;593;[0.015420130150861164, 0.984293397533636]
(40, 1);8;80;3;stop;1.0;True;False;542;[0.011328955356597586, 0.9884242091060637]
(40, 1);9;56;3;stop;1.0;True;False;546;[0.004467427432560195, 0.9953182617719786]
(40, 2);0;59;3;stop;1.0;True;False;359;[0.0060963052753114375, 0.9936976792552683]
(40, 2);1;206;3;stop;1.0;True;False;627;[0.006902783416931255, 0.9929443093097834]
(40, 2);2;53;3;stop;1.0;True;False;476;[0.006691657786973282, 0.9931299284347811]
(40, 2);3;122;3;stop;1.0;True;False;448;[0.009705109798044594, 0.9899481751659798]
(40, 2);4;179;3;stop;1.0;True;False;692;[0.13005125570922862, 0.8219492695193203]
(40, 2);5;194;3;stop;1.0;True;False;716;[0.008826037376724029, 0.9887642890345999]
(40, 2);6;176;3;stop;1.0;True;False;619;[0.02929984470106244, 0.9702775146528879]
(40, 2);7;109;3;stop;1.0;True;False;772;[0.024419454127955854, 0.9754316715683751]
(40, 2);8;46;3;stop;1.0;True;False;338;[0.005728915339921205, 0.9940386885511682]
(40, 2);9;108;3;stop;1.0;True;False;863;[0.007576277120500961, 0.9922963029116907]
(40, 3);0;39;3;stop;1.0;True;True;576;[0.9993502550043574, 0.0002097906549017519]
(40, 3);1;87;3;stop;1.0;True;True;503;[0.9991241027609191, 8.743399197660306e-05]
(40, 3);2;165;3;stop;1.0;True;True;530;[0.9993226351240737, 0.00011585419901844167]
(40, 3);3;120;3;stop;1.0;True;True;815;[0.9991575430026908, 0.00014873519497143943]
(40, 3);4;149;3;stop;1.0;True;True;395;[0.9985394383697195, 0.00018498940908256328]
(40, 3);5;60;3;stop;1.0;True;True;522;[0.999388949168132, 0.00017392936225332455]
(40, 3);6;111;3;stop;1.0;True;True;477;[0.9972171953492456, 0.00020290216592441546]
(40, 3);7;120;3;stop;1.0;True;True;511;[0.9974892156946636, 0.0003046753161786748]
(40, 3);8;133;3;stop;1.0;True;True;524;[0.9987918447186827, 0.00016847734655278516]
(40, 3);9;231;3;stop;1.0;True;True;949;[0.998108395668423, 0.000260764451312855]
(41, 0);0;115;1;stop;0.6;False;True;675;[0.9992533540413328, 0.0002164292774384163]
(41, 0);1;75;1;stop;0.4;True;False;418;[0.011329555001890155, 0.9884765046268347]
(41, 0);2;103;1;stop;0.6;False;True;658;[0.9997991726845671, 9.313586422216628e-05]
(41, 0);3;59;1;stop;0.6;False;True;765;[0.9992315717856975, 9.02191667756844e-05]
(41, 0);4;95;1;stop;0.4;True;False;719;[0.0014102077436658317, 0.9984831013304609]
(41, 0);5;55;1;stop;0.4;True;False;588;[0.004467614897208657, 0.9953601873088578]
(41, 0);6;81;1;stop;0.6;False;True;456;[0.9998829501824777, 8.75003904836027e-05]
(41, 0);7;199;1;stop;0.4;True;False;395;[0.014034813313857569, 0.9839164552150035]
(41, 0);8;68;1;stop;0.6;False;True;438;[0.9998525598494739, 6.81432930276828e-05]
(41, 0);9;67;1;stop;0.6;False;True;1301;[0.9996940833547248, 8.479227386026632e-05]
(41, 1);0;97;1;stop;1.0;True;True;496;[0.9997034952297159, 0.00011957741253193216]
(41, 1);1;67;1;stop;1.0;True;True;473;[0.9996148639748663, 0.00012727820402962025]
(41, 1);2;111;1;stop;1.0;True;True;543;[0.9997671192939102, 6.604113869653554e-05]
(41, 1);3;203;1;stop;1.0;True;True;782;[0.9998433835264354, 6.502222635546612e-05]
(41, 1);4;114;1;stop;1.0;True;True;473;[0.9996205816223115, 0.00016342938411216206]
(41, 1);5;140;1;stop;1.0;True;True;460;[0.9996210581041057, 0.0001535278446980187]
(41, 1);6;65;1;stop;1.0;True;True;307;[0.9998349223959241, 5.4753734275042254e-05]
(41, 1);7;63;1;stop;1.0;True;True;566;[0.9998824734521726, 4.8322305034790615e-05]
(41, 1);8;65;1;stop;1.0;True;True;391;[0.999853394075417, 4.2643023806061104e-05]
(41, 1);9;270;1;stop;1.0;True;True;419;[0.9989314780370829, 0.0006664342526427003]
(41, 2);0;136;1;stop;1.0;True;False;393;[0.014954428207887588, 0.9848676220804458]
(41, 2);1;136;1;stop;1.0;True;False;602;[0.01907289236763635, 0.9782527149091518]
(41, 2);2;47;1;stop;1.0;True;False;463;[0.007120536227807918, 0.9927539420439505]
(41, 2);3;126;1;stop;1.0;True;False;541;[0.01854200766547276, 0.9812123385843509]
(41, 2);4;155;1;stop;1.0;True;False;582;[0.012428796734070024, 0.9873415696469161]
(41, 2);5;121;1;stop;1.0;True;False;753;[0.009693098951504907, 0.9887229166484893]
(41, 2);6;47;1;stop;1.0;True;False;594;[0.008845591036638836, 0.9909550599487384]
(41, 2);7;177;1;stop;1.0;True;False;758;[0.014501075951722975, 0.9853261875996883]
(41, 2);8;66;1;stop;1.0;True;False;544;[0.0023964798469808964, 0.9974989419746672]
(41, 2);9;84;1;stop;1.0;True;False;430;[0.008060772003513244, 0.991788074107437]
(41, 3);0;152;1;stop;1.0;True;False;623;[0.008846354510660289, 0.9910407575780086]
(41, 3);1;171;1;stop;1.0;True;False;514;[0.007575511277315154, 0.9921959529122569]
(41, 3);2;98;1;stop;1.0;True;False;427;[0.012817631515356602, 0.98690272145479]
(41, 3);3;57;1;stop;1.0;True;False;579;[0.0021822933917809255, 0.9976238578196499]
(41, 3);4;131;1;stop;1.0;True;False;675;[0.012049258051257032, 0.9875754402252708]
(41, 3);5;82;1;stop;1.0;True;False;514;[0.0032723305360644853, 0.9965032256630463]
(41, 3);6;64;1;stop;1.0;True;False;739;[0.004608715741898533, 0.9952053748180404]
(41, 3);7;79;1;stop;1.0;True;False;645;[0.017980105886857264, 0.9816803725406672]
(41, 3);8;82;1;stop;1.0;True;False;501;[0.007813975250067093, 0.9919411212500636]
(41, 3);9;58;1;stop;1.0;True;False;603;[0.0024722056802102712, 0.9973588788985763]
(42, 0);0;47;0;stop;1.0;True;True;346;[0.9988429835131764, 0.00011947448062895912]
(42, 0);1;102;0;stop;1.0;True;True;418;[0.9995108851970086, 6.812003182876886e-05]
(42, 0);2;138;0;stop;1.0;True;True;387;[0.9995107661042124, 5.2229440128307874e-05]
(42, 0);3;120;0;stop;1.0;True;True;499;[0.9986906528568843, 0.00016846031612665791]
(42, 0);4;92;0;stop;1.0;True;True;455;[0.999342397453156, 8.215457409168732e-05]
(42, 0);5;236;0;stop;1.0;True;True;97;[0.995031017661646, 0.004328728115868771]
(42, 0);6;96;0;stop;1.0;True;True;524;[0.9993000165462781, 8.744941929469983e-05]
(42, 0);7;95;0;stop;1.0;True;True;470;[0.9993990696510955, 5.9177105942276544e-05]
(42, 0);8;80;0;stop;1.0;True;True;344;[0.9992347855255381, 0.0001088253993939066]
(42, 0);9;65;0;stop;1.0;True;True;386;[0.998696122227172, 0.00016327827136343803]
(42, 1);0;62;0;stop;1.0;True;False;403;[0.0088460044011333, 0.9910015363772563]
(42, 1);1;182;0;stop;1.0;True;False;595;[0.031136072436191327, 0.9686149014765645]
(42, 1);2;70;0;stop;1.0;True;False;436;[0.006691351474200329, 0.993084781130078]
(42, 1);3;55;0;stop;1.0;True;False;401;[0.0025505724514952592, 0.9973160731732625]
(42, 1);4;90;0;stop;1.0;True;False;369;[0.0013247701024764339, 0.9984848839692397]
(42, 1);5;61;0;stop;1.0;True;False;470;[0.003706614981224225, 0.9961212510291777]
(42, 1);6;127;0;stop;1.0;True;False;538;[0.016400184969986714, 0.9834263408263115]
(42, 1);7;76;0;stop;1.0;True;False;551;[0.006903191575447795, 0.9930033143668117]
(42, 1);8;271;0;stop;1.0;True;False;704;[0.04332075451363279, 0.9556405552276322]
(42, 1);9;50;0;stop;1.0;True;False;356;[0.002980531016257566, 0.996851375697506]
(42, 2);0;42;0;stop;1.0;True;False;426;[0.004330943460154347, 0.995539976464701]
(42, 2);1;89;0;stop;1.0;True;False;456;[0.012051820831909407, 0.9877856929175328]
(42, 2);2;105;0;stop;1.0;True;False;430;[0.009123878297093817, 0.9906833155109358]
(42, 2);3;83;0;stop;1.0;True;False;513;[0.03113555280125708, 0.968598573732261]
(42, 2);4;170;0;stop;1.0;True;False;347;[0.019119313363571935, 0.980633655858717]
(42, 2);5;98;0;stop;1.0;True;False;601;[0.0106516411327425, 0.9892667385210546]
(42, 2);6;248;0;stop;1.0;True;False;406;[0.010985511434870593, 0.9888841119568015]
(42, 2);7;219;0;stop;1.0;True;False;442;[0.011329646842260179, 0.9884846583303736]
(42, 2);8;79;0;stop;1.0;True;False;455;[0.00831432480605837, 0.9915109504057167]
(42, 2);9;181;0;stop;1.0;True;False;466;[0.01798372430275864, 0.9818780081388843]
(42, 3);0;66;0;stop;1.0;True;False;422;[0.008314039361269454, 0.9914768482962758]
(42, 3);1;67;0;stop;1.0;True;False;448;[0.0222766678899651, 0.9772962853390347]
(42, 3);2;103;0;stop;1.0;True;False;580;[0.0758360736168412, 0.9238725983246618]
(42, 3);3;80;0;stop;1.0;True;False;701;[0.013631642710443693, 0.9859873707179123]
(42, 3);4;86;0;stop;1.0;True;False;463;[0.003376046081383015, 0.9964564689413322]
(42, 3);5;40;0;stop;1.0;True;False;404;[0.009408443869872647, 0.9901511417314818]
(42, 3);6;191;0;stop;1.0;True;False;457;[0.026753099166130355, 0.9730157338703644]
(42, 3);7;81;0;stop;1.0;True;False;521;[0.029299502407322136, 0.970266181249229]
(42, 3);8;60;0;stop;1.0;True;False;473;[0.10084764241357702, 0.8988453330778664]
(42, 3);9;89;0;stop;1.0;True;False;429;[0.017979334280980672, 0.9816384435939133]
(43, 0);0;50;0;stop;1.0;True;True;456;[0.9995406592776416, 0.00014879222756726253]
(43, 0);1;46;0;stop;1.0;True;True;436;[0.9996519108855794, 7.482577916426599e-05]
(43, 0);2;73;0;stop;1.0;True;True;426;[0.999557690840919, 7.964410745015619e-05]
(43, 0);3;74;0;stop;1.0;True;True;351;[0.9995469716078068, 0.00015351642470890837]
(43, 0);4;39;0;stop;1.0;True;True;316;[0.999744361438622, 9.913722220105783e-05]
(43, 0);5;63;0;stop;1.0;True;True;508;[0.9995432794880681, 0.00012726910070861766]
(43, 0);6;49;0;stop;1.0;True;True;495;[0.999605811119357, 0.00011956578123112773]
(43, 0);7;68;0;stop;1.0;True;True;525;[0.9996267758451663, 0.00020984888392140035]
(43, 0);8;38;0;stop;1.0;True;True;414;[0.9997156475252866, 7.029680593591899e-05]
(43, 0);9;51;0;stop;1.0;True;True;365;[0.9998375441343129, 6.814231823702912e-05]
(43, 1);0;70;0;stop;1.0;True;False;619;[0.009707141596009375, 0.9901553495113771]
(43, 1);1;39;0;stop;1.0;True;False;403;[0.006901875021706787, 0.9928137471508965]
(43, 1);2;104;0;stop;1.0;True;False;677;[0.015903754499085168, 0.983930418557956]
(43, 1);3;60;0;stop;1.0;True;False;411;[0.03308156354791778, 0.9667850190590808]
(43, 1);4;122;0;stop;1.0;True;False;435;[0.019114062808405545, 0.9803643336788026]
(43, 1);5;66;0;stop;1.0;True;False;531;[0.014499962735507282, 0.9852508490442891]
(43, 1);6;67;0;stop;1.0;True;False;392;[0.02160981647347983, 0.9781348825407614]
(43, 1);7;52;0;stop;1.0;True;False;537;[0.011685599107876796, 0.9881723588734]
(43, 1);8;58;0;stop;1.0;True;False;375;[0.006902480605239533, 0.9929008238250591]
(43, 1);9;38;0;stop;1.0;True;False;387;[0.011329706268778671, 0.9884897833131536]
(43, 2);0;61;0;stop;1.0;True;False;371;[0.004069945806010692, 0.9958830792424513]
(43, 2);1;27;0;stop;1.0;True;False;528;[0.0034828213315105994, 0.9963440340025579]
(43, 2);2;36;0;stop;1.0;True;False;420;[0.004331075632076521, 0.9955705781430472]
(43, 2);3;46;0;stop;1.0;True;False;435;[0.012051849565723643, 0.987788135380142]
(43, 2);4;299;0;stop;1.0;True;False;585;[0.3468823162155199, 0.6281227666602854]
(43, 2);5;263;0;stop;1.0;True;False;525;[0.014947085259390723, 0.9843841838258998]
(43, 2);6;35;0;stop;1.0;True;False;264;[0.0035932151736378683, 0.9962988303578109]
(43, 2);7;73;0;stop;1.0;True;False;443;[0.005383660789572669, 0.99437910687763]
(43, 2);8;54;0;stop;1.0;True;False;479;[0.004467542466752884, 0.9953442434757634]
(43, 2);9;48;0;stop;1.0;True;False;378;[0.0169135146053515, 0.9830038669114621]
(43, 3);0;41;0;stop;1.0;True;False;395;[0.005728879827155042, 0.9940326812434382]
(43, 3);1;67;0;stop;1.0;True;False;484;[0.006286752325059586, 0.9932122390110969]
(43, 3);2;70;0;stop;1.0;True;False;464;[0.004467516903342974, 0.9953383381253792]
(43, 3);3;91;0;stop;1.0;True;False;609;[0.010983217299025773, 0.988677935616058]
(43, 3);4;35;0;stop;1.0;True;False;569;[0.005728781485259166, 0.9940153663471447]
(43, 3);5;57;0;stop;1.0;True;False;319;[0.014500052619359194, 0.9852568665939971]
(43, 3);6;73;0;stop;1.0;True;False;542;[0.010649929614138638, 0.9891077506227437]
(43, 3);7;45;0;stop;1.0;True;False;415;[0.0055537831849596766, 0.9942406256607513]
(43, 3);8;67;0;stop;1.0;True;False;360;[0.0222781125754579, 0.9773595939165435]
(43, 3);9;77;0;stop;1.0;True;False;591;[0.013215820089827711, 0.9862544579171046]
(44, 0);0;165;1;stop;1.0;True;False;574;[0.018531537844141566, 0.9806583021114716]
(44, 0);1;76;1;stop;1.0;True;False;598;[0.007121025173015731, 0.9928222075501189]
(44, 0);2;115;1;stop;1.0;True;False;664;[0.0035932682887643186, 0.9963137400383184]
(44, 0);3;163;1;stop;1.0;True;False;659;[0.005910113965872019, 0.9939284474127557]
(44, 0);4;169;1;stop;1.0;True;False;497;[0.002250465544489188, 0.9971361160277208]
(44, 0);5;78;1;stop;1.0;True;False;449;[0.011329500978490848, 0.9884716126211122]
(44, 0);6;203;1;stop;1.0;True;False;555;[0.0031724743410050877, 0.9967619467216834]
(44, 0);7;137;1;stop;1.0;True;False;600;[0.015419916918495319, 0.9842795390413106]
(44, 0);8;102;1;stop;1.0;True;False;492;[0.014057344345967848, 0.9854958869965029]
(44, 0);9;127;1;stop;1.0;True;False;642;[0.00690254643273815, 0.9929105781864455]
(44, 1);0;107;1;stop;1.0;True;True;456;[0.9998485079505216, 5.6492558626228534e-05]
(44, 1);1;334;1;stop;1.0;True;True;540;[0.999921208870625, 4.469253131554989e-05]
(44, 1);2;198;1;stop;1.0;True;True;414;[0.9995378008820346, 0.00033010904059285425]
(44, 1);3;61;1;stop;1.0;True;True;691;[0.9995074315116789, 9.606427592806826e-05]
(44, 1);4;118;1;stop;1.0;True;True;308;[0.9994100238598707, 0.00034590709711732206]
(44, 1);5;138;1;stop;1.0;True;True;537;[0.999931697745375, 4.264635867609436e-05]
(44, 1);6;77;1;stop;1.0;True;True;360;[0.9998915313159117, 6.401720267843772e-05]
(44, 1);7;43;1;stop;1.0;True;True;359;[0.9998821159100493, 4.683553934035038e-05]
(44, 1);8;214;1;stop;1.0;True;True;338;[0.9997846352038625, 6.813867914179359e-05]
(44, 1);9;244;1;stop;1.0;True;True;485;[0.999319182729067, 0.00043044933770944923]
(44, 2);0;71;1;stop;1.0;True;False;540;[0.005059143133414096, 0.9947059579516628]
(44, 2);1;86;1;stop;1.0;True;False;480;[0.05182278232761883, 0.947739694559113]
(44, 2);2;72;1;stop;1.0;True;False;554;[0.001648044357824149, 0.9980859507437637]
(44, 2);3;91;1;stop;1.0;True;False;391;[0.006903547088013246, 0.9930542147037404]
(44, 2);4;93;1;stop;1.0;True;False;530;[0.004069464540522166, 0.9957650999690626]
(44, 2);5;127;1;stop;1.0;True;False;862;[0.008843975725957673, 0.9907738800971511]
(44, 2);6;56;1;stop;1.0;True;False;288;[0.003707148790088596, 0.9962647530857212]
(44, 2);7;287;1;stop;1.0;True;False;457;[0.038106388892488956, 0.9525398615691131]
(44, 2);8;244;1;stop;1.0;True;False;408;[0.040829898712225296, 0.9587828694887898]
(44, 2);9;85;1;stop;1.0;True;False;529;[0.0031722081075345795, 0.99667809930299]
(44, 3);0;153;1;stop;0.5;False;True;517;[0.9998058457769751, 4.005750346512729e-05]
(44, 3);1;78;1;stop;0.5;True;False;627;[0.020331058960851998, 0.9796051831424554]
(44, 3);2;65;1;stop;0.5;False;True;919;[0.9994250267553045, 0.00013976123360067322]
(44, 3);3;201;1;stop;0.5;True;False;638;[0.04208039544494719, 0.9577453465744432]
(44, 3);4;186;1;stop;0.5;False;True;624;[0.999794167930862, 0.00012338438506856878]
(44, 3);5;62;1;stop;0.5;False;True;560;[0.9992708519635968, 0.00013127324586112391]
(44, 3);6;222;1;stop;0.5;False;True;999;[0.9998259847282137, 0.00010553967929199077]
(44, 3);7;73;1;stop;0.5;True;False;451;[0.006487719601889515, 0.9934273698968276]
(44, 3);8;80;1;stop;0.5;True;False;462;[0.004609067372418775, 0.9952816534570252]
(44, 3);9;146;1;stop;0.5;True;False;1148;[0.0034830555035289777, 0.9964109001391752]
(45, 0);0;263;3;stop;1.0;True;False;844;[0.003706809406016136, 0.9961735362932367]
(45, 0);1;91;3;stop;1.0;True;False;609;[0.004609432217439813, 0.9953600691161848]
(45, 0);2;104;3;stop;1.0;True;False;651;[0.0032726753957383645, 0.996608473899386]
(45, 0);3;90;3;stop;1.0;True;False;786;[0.008313722211886459, 0.9914392330844102]
(45, 0);4;54;3;stop;1.0;True;False;634;[0.003172416856887219, 0.9967435891575825]
(45, 0);5;62;3;stop;1.0;True;False;1000;[0.003482989070151011, 0.9963923186736126]
(45, 0);6;163;3;stop;1.0;True;False;890;[0.002115472036317301, 0.9977750326204262]
(45, 0);7;92;3;stop;1.0;True;False;885;[0.0064877041339790635, 0.9934253696135532]
(45, 0);8;113;3;stop;1.0;True;False;1035;[0.0025506235327309853, 0.9973361118013925]
(45, 0);9;180;3;stop;1.0;True;False;925;[0.009707771123132081, 0.9902197511544862]
(45, 1);0;220;3;stop;1.0;True;False;612;[0.012427587784399764, 0.9872455888088012]
(45, 1);1;75;3;stop;1.0;True;False;586;[0.0038241114544344972, 0.996078551298927]
(45, 1);2;101;3;stop;1.0;True;False;676;[0.006487091634370016, 0.9933313788823445]
(45, 1);3;291;3;stop;1.0;True;False;1052;[0.05029085335594972, 0.9489187705039624]
(45, 1);4;99;3;stop;1.0;True;False;758;[0.004754182300030756, 0.9950316079664401]
(45, 1);5;238;3;stop;1.0;True;False;649;[0.005059934458373694, 0.994861323262123]
(45, 1);6;151;3;stop;1.0;True;False;931;[0.015905331945539947, 0.9840279493928045]
(45, 1);7;190;3;stop;1.0;True;False;848;[0.002115576947428708, 0.9978247617661984]
(45, 1);8;191;3;stop;1.0;True;False;721;[0.0038237449528321613, 0.9959832298371913]
(45, 1);9;59;3;stop;1.0;True;False;374;[0.005059295116105306, 0.9947356826131446]
(45, 2);0;203;3;stop;1.0;True;False;842;[0.004904930184733726, 0.9949982071814318]
(45, 2);1;94;3;stop;1.0;True;False;462;[0.008061436986822452, 0.9918699279880295]
(45, 2);2;103;3;stop;1.0;True;False;609;[0.0037071258099779987, 0.9962584820408041]
(45, 2);3;241;3;stop;1.0;True;False;961;[0.02930940958577351, 0.9705943269965903]
(45, 2);4;179;3;stop;1.0;True;False;928;[0.010012667403427966, 0.9898972427362079]
(45, 2);5;56;3;stop;1.0;True;False;364;[0.002182470300709634, 0.9977048980520883]
(45, 2);6;195;3;stop;1.0;True;False;992;[0.0022516570069858197, 0.997663723690343]
(45, 2);7;223;3;stop;1.0;True;False;851;[0.006487701040401399, 0.9934246636866062]
(45, 2);8;185;3;stop;1.0;True;False;1218;[0.008314412027254147, 0.9915213813737198]
(45, 2);9;98;3;stop;1.0;True;False;375;[0.0038243466903879167, 0.9961397040519181]
(45, 3);0;211;3;stop;1.0;True;True;1301;[0.9997517486902793, 0.00015842203865766]
(45, 3);1;179;3;stop;1.0;True;True;815;[0.9997948828941432, 7.253400729244809e-05]
(45, 3);2;163;3;stop;1.0;True;True;619;[0.9996544125395745, 0.00018519611188713063]
(45, 3);3;142;3;stop;1.0;True;True;460;[0.9998483887738482, 7.72161725243142e-05]
(45, 3);4;138;3;stop;1.0;True;True;883;[0.99969849142047, 0.00017950610112056088]
(45, 3);5;96;3;stop;1.0;True;True;856;[0.9997836819390714, 0.00011234158252115324]
(45, 3);6;105;3;stop;1.0;True;True;568;[0.9996890796507776, 0.00013979815889329412]
(45, 3);7;146;3;stop;1.0;True;True;654;[0.9996508387251318, 0.00010887076244882504]
(45, 3);8;78;3;stop;1.0;True;True;483;[0.9998866448154923, 7.721911814371898e-05]
(45, 3);9;72;3;stop;1.0;True;True;648;[0.9998365907754261, 0.0001233896802655494]
(46, 0);0;145;3;stop;1.0;True;False;345;[0.038454389702985335, 0.9612386941182584]
(46, 0);1;111;3;stop;1.0;True;False;413;[0.01798212079165687, 0.9817904411180945]
(46, 0);2;124;3;stop;1.0;True;False;529;[0.02442005962882447, 0.9754559436113069]
(46, 0);3;78;3;stop;1.0;True;False;437;[0.004198186764793553, 0.9956569572776158]
(46, 0);4;77;3;stop;1.0;True;False;559;[0.007119901328234301, 0.9926654818054083]
(46, 0);5;77;3;stop;1.0;True;False;412;[0.009707248057286864, 0.9901664523081392]
(46, 0);6;57;3;stop;1.0;True;False;362;[0.007573867865802045, 0.9919808868329048]
(46, 0);7;99;3;stop;1.0;True;False;423;[0.008575219334535717, 0.9911606643701483]
(46, 0);8;90;3;stop;1.0;True;False;310;[0.004467960023154792, 0.9954369617455643]
(46, 0);9;57;3;stop;1.0;True;False;463;[0.013217408237355985, 0.9863733253765138]
(46, 1);0;57;3;stop;1.0;True;False;418;[0.013217004880222266, 0.9863431708317936]
(46, 1);1;217;3;stop;1.0;True;False;364;[0.007791974479589103, 0.9891484555692294]
(46, 1);2;70;3;stop;1.0;True;False;389;[0.006289126997068278, 0.993587631394445]
(46, 1);3;91;3;stop;1.0;True;False;286;[0.014050750078025948, 0.985033808724941]
(46, 1);4;204;3;stop;1.0;True;False;301;[0.04970632185403034, 0.9090337499564254]
(46, 1);5;97;3;stop;1.0;True;False;403;[0.0066915333457181515, 0.9931118218188546]
(46, 1);6;176;3;stop;1.0;True;False;437;[0.004330926938947684, 0.995536195940877]
(46, 1);7;38;3;stop;1.0;True;False;534;[0.020960403421603564, 0.978856573597623]
(46, 1);8;64;3;stop;1.0;True;False;310;[0.007118831972989318, 0.9925166733595159]
(46, 1);9;106;3;stop;1.0;True;False;476;[0.0017006337829374538, 0.9982472439574003]
(46, 2);0;70;3;stop;1.0;True;False;551;[0.00669133552079424, 0.9930824296196774]
(46, 2);1;101;3;stop;1.0;True;False;446;[0.004331110740921359, 0.9955783763669346]
(46, 2);2;77;3;stop;1.0;True;False;415;[0.0015010996339409764, 0.9984437641288681]
(46, 2);3;100;3;stop;1.0;True;False;423;[0.007345224740055442, 0.9925728090670771]
(46, 2);4;59;3;stop;1.0;True;False;482;[0.005219314468622139, 0.9946250506182407]
(46, 2);5;60;3;stop;1.0;True;False;540;[0.003272784634887959, 0.9966415091948272]
(46, 2);6;110;3;stop;1.0;True;False;502;[0.006902684672528685, 0.9929302055632001]
(46, 2);7;132;3;stop;1.0;True;False;353;[0.007576584202012515, 0.9923365656200636]
(46, 2);8;83;3;stop;1.0;True;False;318;[0.0024723459660945927, 0.9974153263295333]
(46, 2);9;76;3;stop;1.0;True;False;518;[0.003482636994401512, 0.9962916124397285]
(46, 3);0;73;3;stop;1.0;True;True;332;[0.9996293965140844, 7.02907055371229e-05]
(46, 3);1;72;3;stop;1.0;True;True;757;[0.9997717663077113, 6.40095716880389e-05]
(46, 3);2;94;3;stop;1.0;True;True;441;[0.999557690840919, 9.311339514868366e-05]
(46, 3);3;79;3;stop;1.0;True;True;398;[0.9994942125181384, 8.884383011269373e-05]
(46, 3);4;190;3;stop;1.0;True;True;475;[0.9993796622693111, 0.00010549248477137629]
(46, 3);5;127;3;stop;1.0;True;True;455;[0.9999322937076363, 3.426734456175296e-05]
(46, 3);6;91;3;stop;1.0;True;True;492;[0.9998641198829178, 4.264351181953247e-05]
(46, 3);7;115;3;stop;1.0;True;True;510;[0.999691104969663, 8.74836192691878e-05]
(46, 3);8;70;3;stop;1.0;True;True;491;[0.9987663962375344, 0.00012325760358570455]
(46, 3);9;46;3;stop;1.0;True;True;510;[0.9996271332232517, 0.00010551864543763856]
(47, 0);0;101;2;stop;0.2;False;True;1251;[0.9993609700046409, 0.0002164526022390775]
(47, 0);1;84;2;stop;0.8;True;False;426;[0.0018100528370301233, 0.9981025765180775]
(47, 0);2;85;2;stop;0.8;True;False;532;[0.010648700740756984, 0.9889938203160518]
(47, 0);3;71;2;stop;0.8;True;False;532;[0.01690975673649401, 0.9827853976365222]
(47, 0);4;87;2;stop;0.8;True;False;345;[0.002800566664223437, 0.997070574614123]
(47, 0);5;109;2;stop;0.2;False;True;732;[0.9980050862493733, 0.00037937060008432595]
(47, 0);6;120;2;stop;0.8;True;False;497;[0.005909547542465095, 0.9938330660676772]
(47, 0);7;66;2;stop;0.8;True;False;521;[0.011325082736693385, 0.9880863424212577]
(47, 0);8;69;2;stop;0.8;True;False;621;[0.010008595658233496, 0.9894946355158332]
(47, 0);9;65;2;stop;0.8;True;False;671;[0.0034826071028166983, 0.9962828564116506]
(47, 1);0;313;2;stop;1.0;True;False;447;[0.02158516190218463, 0.9770191189891364]
(47, 1);1;91;2;stop;1.0;True;False;708;[0.004609146492983033, 0.9952984217307175]
(47, 1);2;172;2;stop;1.0;True;False;539;[0.034087493863039865, 0.9655332597704058]
(47, 1);3;246;2;stop;1.0;True;False;597;[0.015422784773001099, 0.9844627402702815]
(47, 1);4;104;2;stop;1.0;True;False;418;[0.0826539605001356, 0.9168214292986193]
(47, 1);5;183;2;stop;1.0;True;False;755;[0.10080108003178082, 0.898430226641831]
(47, 1);6;92;2;stop;1.0;True;False;634;[0.018540827360355564, 0.9811499062052413]
(47, 1);7;183;2;stop;1.0;True;False;686;[0.048837709021036284, 0.9507516212691953]
(47, 1);8;64;2;stop;1.0;True;False;434;[0.004753987344541284, 0.9949911261014411]
(47, 1);9;109;2;stop;1.0;True;False;440;[0.010326721134194958, 0.9895346716526805]
(47, 2);0;108;2;stop;1.0;True;True;417;[0.9997882099621987, 0.00013551046126753037]
(47, 2);1;116;2;stop;1.0;True;True;667;[0.9996821698677187, 9.913107699105715e-05]
(47, 2);2;199;2;stop;1.0;True;True;450;[0.9996249890439352, 9.025470817153441e-05]
(47, 2);3;171;2;stop;1.0;True;True;781;[0.999728514971688, 0.0001442414686431514]
(47, 2);4;130;2;stop;1.0;True;True;438;[0.9994147866372565, 0.00013335970173955491]
(47, 2);5;87;2;stop;1.0;True;True;572;[0.9996142683618033, 8.478548153837173e-05]
(47, 2);6;79;2;stop;1.0;True;True;463;[0.9997455529365188, 9.913731674572552e-05]
(47, 2);7;88;2;stop;1.0;True;True;297;[0.9996521491339148, 8.218004136806826e-05]
(47, 2);8;128;2;stop;1.0;True;True;418;[0.999591874813306, 0.0001354838419160116]
(47, 2);9;82;2;stop;1.0;True;True;589;[0.9994089522497214, 0.00025307079706736224]
(47, 3);0;129;2;stop;0.2;False;True;668;[0.9995461378993423, 0.0004044615227528087]
(47, 3);1;75;2;stop;0.8;True;False;582;[0.0015976623445466912, 0.9982877535890722]
(47, 3);2;92;2;stop;0.8;True;False;476;[0.006096979723829455, 0.9938075162459113]
(47, 3);3;107;2;stop;0.8;True;False;597;[0.007344639849836417, 0.9924936572321169]
(47, 3);4;95;2;stop;0.8;True;False;494;[0.003172133989692203, 0.996654889675868]
(47, 3);5;123;2;stop;0.8;True;False;526;[0.022277485825392695, 0.9773322653413372]
(47, 3);6;95;2;stop;0.8;True;False;586;[0.0033760589600013344, 0.9964602566719737]
(47, 3);7;129;2;stop;0.2;False;True;568;[0.621250218767768, 0.3768073050358321]
(47, 3);8;51;2;stop;0.8;True;False;404;[0.003706825313950439, 0.9961780317591425]
(47, 3);9;85;2;stop;0.8;True;False;625;[0.009125070440521426, 0.990812615217657]
(48, 0);0;34;2;stop;1.0;True;False;546;[0.0026313869935142196, 0.9972593998634125]
(48, 0);1;70;2;stop;1.0;True;False;421;[0.008312917499624591, 0.9913429231512719]
(48, 0);2;86;2;stop;1.0;True;False;591;[0.004754588105118201, 0.995116713287693]
(48, 0);3;177;2;stop;1.0;True;False;635;[0.00348233642959053, 0.9962053596277111]
(48, 0);4;69;2;stop;1.0;True;False;480;[0.027581000054912742, 0.9722638601822963]
(48, 0);5;86;2;stop;1.0;True;False;455;[0.013633131308610196, 0.9860953939234308]
(48, 0);6;66;2;stop;1.0;True;False;472;[0.006487738163430737, 0.993430546118091]
(48, 0);7;25;2;stop;1.0;True;False;380;[0.0009398820903142994, 0.9989945279682365]
(48, 0);8;212;2;stop;1.0;True;False;608;[0.0159048844808905, 0.9840004765148607]
(48, 0);9;76;2;stop;1.0;True;False;426;[0.005059102122993927, 0.9946977015162151]
(48, 1);0;48;2;stop;1.0;True;False;713;[0.0073439639568795186, 0.9924023078809504]
(48, 1);1;65;2;stop;1.0;True;False;519;[0.012052711612007156, 0.9878588608611982]
(48, 1);2;110;2;stop;1.0;True;False;599;[0.005059702838257387, 0.9948157822407322]
(48, 1);3;51;2;stop;1.0;True;False;321;[0.017436233962194295, 0.9822054322557737]
(48, 1);4;215;2;stop;1.0;True;False;753;[0.014061272890392213, 0.9857715112879871]
(48, 1);5;57;2;stop;1.0;True;False;504;[0.01322050945640107, 0.9866045325789476]
(48, 1);6;139;2;stop;1.0;True;False;703;[0.012051751871034746, 0.9877801097742722]
(48, 1);7;88;2;stop;1.0;True;False;403;[0.0037063958236859206, 0.9960624660871944]
(48, 1);8;181;2;stop;1.0;True;False;659;[0.005384659495574645, 0.9945637303388615]
(48, 1);9;36;2;stop;1.0;True;False;591;[0.004197798423575229, 0.9955650247099841]
(48, 2);0;49;2;stop;1.0;True;True;570;[0.9997549657616306, 0.00013980735840801067]
(48, 2);1;54;2;stop;1.0;True;True;305;[0.9987108658305629, 0.0005189049436241369]
(48, 2);2;189;2;stop;1.0;True;True;489;[0.9999048800367747, 6.013939938315034e-05]
(48, 2);3;83;2;stop;1.0;True;True;450;[0.9997566338767772, 0.00010888228788358815]
(48, 2);4;43;2;stop;1.0;True;True;472;[0.9997056397229033, 0.00015354072980817794]
(48, 2);5;147;2;stop;1.0;True;True;489;[0.9992810891527284, 0.0001441769677178974]
(48, 2);6;191;2;stop;1.0;True;True;630;[0.9997386423557733, 0.00011590249197598537]
(48, 2);7;148;2;stop;1.0;True;True;453;[0.9994409826676494, 0.0002694011963645743]
(48, 2);8;54;2;stop;1.0;True;True;621;[0.9997729578673664, 0.00012729835502903062]
(48, 2);9;58;2;stop;1.0;True;True;672;[0.9997703364583678, 7.721013435580867e-05]
(48, 3);0;77;2;stop;1.0;True;False;468;[0.025953112171476722, 0.9738834037847095]
(48, 3);1;58;2;stop;1.0;True;False;525;[0.004330809227174422, 0.9955090229501415]
(48, 3);2;73;2;stop;1.0;True;False;571;[0.022972574460625266, 0.9768186568919976]
(48, 3);3;69;2;stop;1.0;True;False;497;[0.022973620608359988, 0.9768631347639789]
(48, 3);4;64;2;stop;1.0;True;False;648;[0.00394417564546129, 0.9957435878019867]
(48, 3);5;53;2;stop;1.0;True;False;477;[0.017982669570806645, 0.9818205479156388]
(48, 3);6;62;2;stop;1.0;True;False;456;[0.003593127792396249, 0.9962745736654441]
(48, 3);7;24;2;stop;1.0;True;False;458;[0.006487342195402331, 0.9933698434686238]
(48, 3);8;98;2;stop;1.0;True;False;472;[0.03307769113022824, 0.9666719404518299]
(48, 3);9;57;2;stop;1.0;True;False;492;[0.014498248134875692, 0.9851342178758342]
(49, 0);0;29;1;stop;1.0;True;False;553;[0.0075754354197043, 0.9921860951479343]
(49, 0);1;87;1;stop;1.0;True;False;522;[0.00628864119574195, 0.9935106711158008]
(49, 0);2;43;1;stop;1.0;True;False;411;[0.07794845483573606, 0.9203901544256278]
(49, 0);3;59;1;stop;1.0;True;False;561;[0.01242543093101248, 0.9870742422851903]
(49, 0);4;17;1;stop;1.0;True;False;392;[0.004330418942606832, 0.9954197160210709]
(49, 0);5;101;1;stop;1.0;True;False;534;[0.008061018002506236, 0.9918180939869914]
(49, 0);6;65;1;stop;1.0;True;False;360;[0.0075757460794964255, 0.9922270533775649]
(49, 0);7;103;1;stop;1.0;True;False;625;[0.008574569210849545, 0.9910852507616028]
(49, 0);8;75;1;stop;1.0;True;False;491;[0.0021148255355575895, 0.9974701196777347]
(49, 0);9;125;1;stop;1.0;True;False;343;[0.020953168508307852, 0.9785185936322237]
(49, 1);0;219;1;stop;1.0;True;True;745;[0.999265257357677, 0.0005526781096801269]
(49, 1);1;23;1;stop;1.0;True;True;408;[0.9998392125181896, 6.013544212871131e-05]
(49, 1);2;74;1;stop;1.0;True;True;252;[0.9985799717163635, 0.00019692827639519026]
(49, 1);3;55;1;stop;1.0;True;True;374;[0.9996587011163146, 0.0001397938926571563]
(49, 1);4;24;1;stop;1.0;True;True;505;[0.9996497665949279, 8.478855418802083e-05]
(49, 1);5;67;1;stop;1.0;True;True;683;[0.998916252065433, 0.00021635622309341263]
(49, 1);6;93;1;stop;1.0;True;True;540;[0.9979250658029294, 0.0004575716366517611]
(49, 1);7;39;1;stop;1.0;True;True;248;[0.9993999031496331, 6.201713369701021e-05]
(49, 1);8;67;1;stop;1.0;True;True;315;[0.9983286229407158, 0.00015819648133570693]
(49, 1);9;83;1;stop;1.0;True;True;433;[0.999603905280798, 7.719732322072801e-05]
(49, 2);0;182;1;stop;1.0;True;False;582;[0.005554069203345008, 0.9942920065868768]
(49, 2);1;34;1;stop;1.0;True;False;229;[0.010980059717708384, 0.988393696378682]
(49, 2);2;38;1;stop;1.0;True;False;465;[0.013632474745277899, 0.9860476378522665]
(49, 2);3;34;1;stop;1.0;True;False;406;[0.013220169043155178, 0.9865790054997995]
(49, 2);4;107;1;stop;1.0;True;False;552;[0.007813844841373974, 0.9919247005359807]
(49, 2);5;192;1;stop;1.0;True;False;675;[0.01690815223575195, 0.9826919125087317]
(49, 2);6;30;1;stop;1.0;True;False;334;[0.006287534788355609, 0.9933363189923735]
(49, 2);7;38;1;stop;1.0;True;False;342;[0.034070309396816136, 0.9650465180311795]
(49, 2);8;49;1;stop;1.0;True;False;838;[0.005384256396563635, 0.9944890946734212]
(49, 2);9;95;1;stop;1.0;True;False;344;[0.025944692072342745, 0.973567380222114]
(49, 3);0;150;1;stop;1.0;True;False;575;[0.0066911568452446245, 0.9930556255692268]
(49, 3);1;210;1;stop;1.0;True;False;729;[0.002800493217402827, 0.9970447395972554]
(49, 3);2;72;1;stop;1.0;True;False;385;[0.0005356742472988658, 0.999265852501042]
(49, 3);3;113;1;stop;1.0;True;False;566;[0.0267478757371292, 0.9728257095676254]
(49, 3);4;119;1;stop;1.0;True;False;743;[0.005552938457396515, 0.9940894595741676]
(49, 3);5;46;1;stop;1.0;True;False;487;[0.004607966418861888, 0.9950436467391952]
(49, 3);6;171;1;stop;1.0;True;False;538;[0.016394836813367415, 0.9831053619505059]
(49, 3);7;55;1;stop;1.0;True;False;409;[0.0034813485678271317, 0.9959228062176738]
(49, 3);8;193;1;stop;1.0;True;False;421;[0.004608032336821736, 0.9950576924670755]
(49, 3);9;56;1;stop;1.0;True;False;646;[0.012042078273750513, 0.9869871393234204]
(50, 0);0;116;0;stop;1.0;True;True;781;[0.998805401972587, 0.00015340256411971195]
(50, 0);1;142;0;stop;1.0;True;True;354;[0.9996886031365599, 0.0001584119164180785]
(50, 0);2;103;0;stop;1.0;True;True;513;[0.9994351480108374, 0.00022334015829257492]
(50, 0);3;90;0;stop;1.0;True;True;442;[0.9997606850251493, 8.613330770613119e-05]
(50, 0);4;184;0;stop;1.0;True;True;416;[0.9643459298901159, 0.018223279158944002]
(50, 0);5;120;0;stop;1.0;True;True;338;[0.9996993254014859, 0.00013339773449678674]
(50, 0);6;58;0;stop;1.0;True;True;611;[0.9991511166117822, 0.00017388806503739151]
(50, 0);7;88;0;stop;1.0;True;True;680;[0.9996221301744268, 0.0001272791750889583]
(50, 0);8;115;0;stop;1.0;True;True;419;[0.9996856247678255, 0.00014423527860369593]
(50, 0);9;71;0;stop;1.0;True;True;354;[0.9997621148606896, 8.218913313834686e-05]
(50, 1);0;88;0;stop;1.0;True;False;724;[0.003074773730746207, 0.9967313905758924]
(50, 1);1;63;0;stop;1.0;True;False;406;[0.015905824929643323, 0.9840585390510155]
(50, 1);2;134;0;stop;1.0;True;False;481;[0.010984055283971922, 0.988752983719386]
(50, 1);3;65;0;stop;1.0;True;False;416;[0.003944431432967939, 0.995808363580375]
(50, 1);4;136;0;stop;1.0;True;False;585;[0.01691207909765451, 0.9829204744665359]
(50, 1);5;87;0;stop;1.0;True;False;449;[0.039627133529616845, 0.9600774964873959]
(50, 1);6;65;0;stop;1.0;True;False;501;[0.027580040001487022, 0.972229942881489]
(50, 1);7;98;0;stop;1.0;True;False;572;[0.002714513600811313, 0.9971118185202034]
(50, 1);8;64;0;stop;1.0;True;False;303;[0.0027147478938739826, 0.9971978725938258]
(50, 1);9;97;0;stop;1.0;True;False;510;[0.014954050278829583, 0.984842993860438]
(50, 2);0;64;0;stop;1.0;True;False;446;[0.07584865884833056, 0.9240258627698902]
(50, 2);1;158;0;stop;1.0;True;False;644;[0.004904394616644888, 0.9948896409463559]
(50, 2);2;165;0;stop;1.0;True;False;700;[0.008844599884146782, 0.9908440968079567]
(50, 2);3;68;0;stop;1.0;True;False;443;[0.007575695506103987, 0.9922204813178057]
(50, 2);4;68;0;stop;1.0;True;False;181;[0.004198036628619723, 0.9956211510891878]
(50, 2);5;72;0;stop;1.0;True;False;404;[0.015902480521929323, 0.9838518312881795]
(50, 2);6;121;0;stop;1.0;True;False;473;[0.019713390237019856, 0.9799956590487414]
(50, 2);7;445;0;stop;1.0;True;False;345;[0.060867215465817484, 0.8944372886032694]
(50, 2);8;65;0;stop;1.0;True;False;359;[0.005383835357209616, 0.994411523254111]
(50, 2);9;105;0;stop;1.0;True;False;1141;[0.011686802749481391, 0.9882742246474752]
(50, 3);0;78;0;stop;1.0;True;False;1012;[0.009410763570637653, 0.9903954660335844]
(50, 3);1;161;0;stop;1.0;True;False;944;[0.012050953102993573, 0.987714629559268]
(50, 3);2;284;0;stop;1.0;True;False;421;[0.008508721766921362, 0.9834746495647333]
(50, 3);3;204;0;stop;1.0;True;False;1579;[0.033080601316268284, 0.9667568301002193]
(50, 3);4;194;0;stop;1.0;True;False;277;[0.0216120526360442, 0.9782362866538269]
(50, 3);5;70;0;stop;1.0;True;False;542;[0.03409370352674829, 0.9657091062345162]
(50, 3);6;99;0;stop;1.0;True;False;534;[0.020331611560811275, 0.9796319530487595]
(50, 3);7;135;0;stop;1.0;True;False;812;[0.01322206664355039, 0.9867206991455306]
(50, 3);8;220;0;stop;1.0;True;False;679;[0.04602034517766569, 0.9536850537426903]
(50, 3);9;64;0;stop;1.0;True;False;354;[0.015419159599788628, 0.984231034938107]
(51, 0);0;87;0;stop;1.0;True;True;547;[0.999133265852649, 0.0003051775285241428]
(51, 0);1;82;0;stop;1.0;True;True;333;[0.9994568200392435, 0.0002611165772166077]
(51, 0);2;89;0;stop;1.0;True;True;354;[0.9991005412100002, 0.0004876562569937668]
(51, 0);3;66;0;stop;1.0;True;True;466;[0.999005711272425, 0.00044397394383428044]
(51, 0);4;97;0;stop;1.0;True;True;458;[0.9983375338576694, 0.0005027519328092692]
(51, 0);5;137;0;stop;1.0;True;True;446;[0.9990838821800687, 0.00025298851108019607]
(51, 0);6;143;0;stop;1.0;True;True;470;[0.9989872708662823, 0.0002866459285915857]
(51, 0);7;69;0;stop;1.0;True;True;322;[0.9996448824834001, 0.00012728208831142446]
(51, 0);8;101;0;stop;1.0;True;True;488;[0.9969871492428896, 0.0008811634463782713]
(51, 0);9;104;0;stop;1.0;True;True;317;[0.999582822398728, 0.00012727407711008462]
(51, 1);0;54;0;stop;1.0;True;False;465;[0.009124222001299188, 0.9907207562597368]
(51, 1);1;123;0;stop;1.0;True;False;418;[0.006096819826269522, 0.99378137936861]
(51, 1);2;110;0;stop;1.0;True;False;426;[0.010651422733755151, 0.9892462060529623]
(51, 1);3;117;0;stop;1.0;True;False;473;[0.004754021347830121, 0.9949982071814318]
(51, 1);4;188;0;stop;1.0;True;False;421;[0.027577469064088467, 0.9721392435930795]
(51, 1);5;125;0;stop;1.0;True;False;530;[0.007815048409954171, 0.992077320649084]
(51, 1);6;56;0;stop;1.0;True;False;338;[0.005728617585850773, 0.9939872161088037]
(51, 1);7;110;0;stop;1.0;True;False;383;[0.0037066945174064917, 0.9961426614193077]
(51, 1);8;52;0;stop;1.0;True;False;544;[0.008313924393220196, 0.9914631379739909]
(51, 1);9;75;0;stop;1.0;True;False;303;[0.006288743150933509, 0.9935271449182015]
(51, 2);0;84;0;stop;1.0;True;False;403;[0.002714305213477283, 0.9970352594041146]
(51, 2);1;65;0;stop;1.0;True;False;374;[0.0011694305639814715, 0.9987623531294957]
(51, 2);2;83;0;stop;1.0;True;False;438;[0.0038241388067088954, 0.9960855297242637]
(51, 2);3;206;0;stop;1.0;True;False;672;[0.02161103242257851, 0.9781899734325683]
(51, 2);4;88;0;stop;1.0;True;False;409;[0.004904672917654131, 0.9949461633692677]
(51, 2);5;69;0;stop;1.0;True;False;543;[0.003592982161715684, 0.9962344638515669]
(51, 2);6;123;0;stop;1.0;True;False;408;[0.003376216727062857, 0.9965067769137308]
(51, 2);7;48;0;stop;1.0;True;False;444;[0.014499997306153617, 0.9852528163514034]
(51, 2);8;107;0;stop;1.0;True;False;456;[0.014061111972815253, 0.9857600428084965]
(51, 2);9;96;0;stop;1.0;True;False;461;[0.009705276398725676, 0.9899651154238646]
(51, 3);0;70;0;stop;1.0;True;False;447;[0.0015977164350211366, 0.9983213754411822]
(51, 3);1;87;0;stop;1.0;True;False;465;[0.0025501139823951658, 0.9971370641853092]
(51, 3);2;67;0;stop;1.0;True;False;633;[0.05663980880268216, 0.9431375823676924]
(51, 3);3;88;0;stop;1.0;True;False;588;[0.0031718239236189776, 0.9965576821165981]
(51, 3);4;92;0;stop;1.0;True;False;485;[0.006902171224405009, 0.9928562847339967]
(51, 3);5;76;0;stop;1.0;True;False;427;[0.06369448225200812, 0.9359835004255606]
(51, 3);6;64;0;stop;1.0;True;False;463;[0.006289219963328178, 0.9936024597856391]
(51, 3);7;66;0;stop;1.0;True;False;327;[0.005910184420340663, 0.9939403418549001]
(51, 3);8;70;0;stop;1.0;True;False;356;[0.006289318928921382, 0.9936181129104616]
(51, 3);9;93;0;stop;1.0;True;False;385;[0.005219735086530108, 0.9947054864181887]
(52, 0);0;60;3;stop;1.0;True;False;324;[0.008311284529955689, 0.9911482507295067]
(52, 0);1;120;3;stop;1.0;True;False;481;[0.021606272063150182, 0.9779745504843419]
(52, 0);2;56;3;stop;1.0;True;False;291;[0.020950880637127134, 0.9784117676583081]
(52, 0);3;40;3;stop;1.0;True;False;392;[0.01690995025440968, 0.9827964507434565]
(52, 0);4;93;3;stop;1.0;True;False;663;[0.014956168230909962, 0.9849825704792288]
(52, 0);5;62;3;stop;1.0;True;False;675;[0.019114030908398295, 0.9803627285638213]
(52, 0);6;117;3;stop;1.0;True;False;350;[0.036211537523456856, 0.9635532651151841]
(52, 0);7;56;3;stop;1.0;True;False;426;[0.019118419938139997, 0.9805878026541709]
(52, 0);8;198;3;stop;1.0;True;False;513;[0.01639422704665027, 0.9830687244551258]
(52, 0);9;192;3;stop;1.0;True;False;390;[0.12584640676806302, 0.8735471790906245]
(52, 1);0;78;3;stop;1.0;True;False;469;[0.004904060208590665, 0.9948215631193098]
(52, 1);1;69;3;stop;1.0;True;False;405;[0.0022514734162632707, 0.9975825715975287]
(52, 1);2;78;3;stop;1.0;True;False;611;[0.0039434441095316354, 0.9955589989062292]
(52, 1);3;175;3;stop;1.0;True;False;585;[0.02594693757738376, 0.9736516784478545]
(52, 1);4;186;3;stop;1.0;True;False;491;[0.02161091391605564, 0.9781846130620352]
(52, 1);5;89;3;stop;1.0;True;False;395;[0.0035933025570045116, 0.9963234434897817]
(52, 1);6;74;3;stop;1.0;True;False;608;[0.0010648187565309658, 0.9987999314224496]
(52, 1);7;141;3;stop;1.0;True;False;385;[0.043346500715347944, 0.9562085287236988]
(52, 1);8;135;3;stop;1.0;True;False;421;[0.015903708998143657, 0.9839274184109867]
(52, 1);9;94;3;stop;1.0;True;False;442;[0.09453209160458596, 0.8693008485736797]
(52, 2);0;89;3;stop;1.0;True;False;680;[0.009410741133655611, 0.9903928935256446]
(52, 2);1;135;3;stop;1.0;True;False;518;[0.015423476079239185, 0.9845065301135362]
(52, 2);2;49;3;stop;1.0;True;False;441;[0.006487552550408224, 0.9934019586419454]
(52, 2);3;124;3;stop;1.0;True;False;466;[0.03960188748569558, 0.9594659588260936]
(52, 2);4;86;3;stop;1.0;True;False;464;[0.010984929998952122, 0.9888316567332976]
(52, 2);5;81;3;stop;1.0;True;False;355;[0.018539859301009244, 0.9810986123185972]
(52, 2);6;68;3;stop;1.0;True;False;332;[0.006902605678023659, 0.9929188049923277]
(52, 2);7;94;3;stop;1.0;True;False;353;[0.04335791162770362, 0.9564602672440593]
(52, 2);8;71;3;stop;1.0;True;False;288;[0.007343473710756989, 0.9923362135054714]
(52, 2);9;59;3;stop;1.0;True;False;628;[0.011330376189276561, 0.9885480278889593]
(52, 3);0;56;3;stop;1.0;True;True;314;[0.9988113482415542, 0.0003456999927970421]
(52, 3);1;32;3;stop;1.0;True;True;359;[0.9997126689886925, 0.00019715170371287788]
(52, 3);2;181;3;stop;1.0;True;True;537;[0.9993654941645853, 0.0001233314455953714]
(52, 3);3;100;3;stop;1.0;True;True;492;[0.9995070742927462, 0.00015351027583585523]
(52, 3);4;103;3;stop;1.0;True;True;564;[0.9981561389408994, 0.0003245420780527068]
(52, 3);5;143;3;stop;1.0;True;True;395;[0.9996726392850753, 0.00013132608748499112]
(52, 3);6;24;3;stop;1.0;True;True;354;[0.9998763952461884, 4.53943015342718e-05]
(52, 3);7;59;3;stop;1.0;True;True;353;[0.9982125579351282, 0.0003245603395056801]
(52, 3);8;59;3;stop;1.0;True;True;379;[0.9997611616464678, 0.000127296898223306]
(52, 3);9;88;3;stop;1.0;True;True;592;[0.9987125304014893, 0.00020965684944993312]
(53, 0);0;151;0;stop;1.0;True;True;582;[0.9992502592453504, 0.00016855480850875174]
(53, 0);1;87;0;stop;1.0;True;True;564;[0.9993544218932489, 0.00031493457550749653]
(53, 0);2;93;0;stop;1.0;True;True;445;[0.9995969966683007, 0.00013978522726581168]
(53, 0);3;43;0;stop;1.0;True;True;646;[0.9999274068115732, 4.133411048085026e-05]
(53, 0);4;107;0;stop;1.0;True;True;452;[0.999473253335928, 0.00017394412548478805]
(53, 0);5;83;0;stop;1.0;True;True;452;[0.9996687079542061, 9.025866764385028e-05]
(53, 0);6;69;0;stop;1.0;True;True;489;[0.9997791539655488, 8.74912952469544e-05]
(53, 0);7;60;0;stop;1.0;True;True;386;[0.9996403557494544, 0.00016343265717146666]
(53, 0);8;72;0;stop;1.0;True;True;495;[0.9997404295638306, 9.91368440232887e-05]
(53, 0);9;73;0;stop;1.0;True;True;534;[0.999519340879991, 0.00020337059506104753]
(53, 1);0;118;0;stop;0.8;True;False;514;[0.007345582001304823, 0.9926213161180203]
(53, 1);1;67;0;stop;0.8;True;False;882;[0.003172289790427968, 0.9967039153050319]
(53, 1);2;329;0;stop;0.2;False;True;393;[0.9989732328190857, 0.000803906887355602]
(53, 1);3;64;0;stop;0.8;True;False;555;[0.008845211433199973, 0.9909125678295286]
(53, 1);4;71;0;stop;0.2;False;True;318;[0.9974713057363421, 0.00045736353343911495]
(53, 1);5;58;0;stop;0.8;True;False;560;[0.00712013898454672, 0.9926988435761047]
(53, 1);6;52;0;stop;0.8;True;False;497;[0.008060675912195616, 0.9917761144405324]
(53, 1);7;111;0;stop;0.8;True;False;642;[0.00912384784291525, 0.9906801563769727]
(53, 1);8;56;0;stop;0.8;True;False;426;[0.012429531643298802, 0.9873999102533887]
(53, 1);9;51;0;stop;0.8;True;False;930;[0.0030751520249382744, 0.9968541002943387]
(53, 2);0;78;0;stop;1.0;True;False;481;[0.01495630373300216, 0.9849913604368257]
(53, 2);1;116;0;stop;1.0;True;False;436;[0.014061782474868572, 0.9858069595748233]
(53, 2);2;78;0;stop;1.0;True;False;504;[0.005910226693424996, 0.9939471724642889]
(53, 2);3;72;0;stop;1.0;True;False;699;[0.017984770520764592, 0.9819350163047083]
(53, 2);4;70;0;stop;1.0;True;False;343;[0.008061544619336683, 0.9918828291763724]
(53, 2);5;185;0;stop;1.0;True;False;440;[0.012429347911917814, 0.987385266845422]
(53, 2);6;50;0;stop;1.0;True;False;429;[0.01798417022430255, 0.9819022595238689]
(53, 2);7;44;0;stop;1.0;True;False;383;[0.008576437938113008, 0.9913013348517213]
(53, 2);8;43;0;stop;1.0;True;False;536;[0.017437980040908317, 0.9823035404436089]
(53, 2);9;82;0;stop;1.0;True;False;518;[0.008314935373643964, 0.9915838503567509]
(53, 3);0;53;0;stop;0.8;False;True;778;[0.9992397846581703, 0.0001088260220996184]
(53, 3);1;148;0;stop;0.8;False;True;773;[0.9995447086781382, 0.00022336444090263754]
(53, 3);2;44;0;stop;0.8;False;True;447;[0.9999049992201816, 6.605020868955165e-05]
(53, 3);3;63;0;stop;0.2;True;False;428;[0.005729587392225682, 0.9941555522117024]
(53, 3);4;160;0;stop;0.8;False;True;617;[0.9996741879760239, 0.0002453496660327885]
(53, 3);5;61;0;stop;0.2;True;False;654;[0.00806042608013065, 0.9917456284721282]
(53, 3);6;69;0;stop;0.8;False;True;509;[0.9997965511486372, 0.00012338473807463102]
(53, 3);7;39;0;stop;0.8;False;True;553;[0.9998510105911973, 3.8826840959601446e-05]
(53, 3);8;64;0;stop;0.8;False;True;713;[0.9995712688757659, 0.0001535200848693255]
(53, 3);9;77;0;stop;0.8;False;True;516;[0.9995335133475861, 0.000127267886981679]
(54, 0);0;76;2;stop;1.0;True;False;653;[0.017437730590387106, 0.9822898526810153]
(54, 0);1;55;2;stop;1.0;True;False;844;[0.007343837890465044, 0.9923856364595067]
(54, 0);2;94;2;stop;1.0;True;False;831;[0.009123082171261357, 0.990596860919513]
(54, 0);3;75;2;stop;1.0;True;False;536;[0.009707595221737933, 0.9902016335038312]
(54, 0);4;70;2;stop;1.0;True;False;584;[0.006691475912073227, 0.9931031217149523]
(54, 0);5;86;2;stop;1.0;True;False;608;[0.022968477963671026, 0.9766444293996486]
(54, 0);6;46;2;stop;1.0;True;False;631;[0.007344755423253128, 0.992509275326383]
(54, 0);7;107;2;stop;1.0;True;False;480;[0.015903405661860364, 0.983908723138035]
(54, 0);8;89;2;stop;1.0;True;False;714;[0.005059632871765787, 0.9948023328757536]
(54, 0);9;87;2;stop;1.0;True;False;608;[0.01640204628739024, 0.9835377245065067]
(54, 1);0;78;2;stop;1.0;True;False;498;[0.012053251859105578, 0.98790306858347]
(54, 1);1;100;2;stop;1.0;True;False;585;[0.003706874805738194, 0.9961912814638751]
(54, 1);2;143;2;stop;1.0;True;False;675;[0.004069697403813205, 0.9958219582417821]
(54, 1);3;95;2;stop;1.0;True;False;671;[0.026758132225422605, 0.9731989431690503]
(54, 1);4;80;2;stop;1.0;True;False;728;[0.032085736580830825, 0.9674479899884024]
(54, 1);5;75;2;stop;1.0;True;False;572;[0.015902897586547404, 0.9838773336188565]
(54, 1);6;95;2;stop;1.0;True;False;615;[0.003823929110938081, 0.9960310065405565]
(54, 1);7;125;2;stop;1.0;True;False;709;[0.008575795900551733, 0.9912270709416696]
(54, 1);8;88;2;stop;1.0;True;False;518;[0.011685537814630968, 0.9881674702135111]
(54, 1);9;61;2;stop;1.0;True;False;508;[0.0012447674747054923, 0.9986941008714767]
(54, 2);0;72;2;stop;1.0;True;True;594;[0.9995405401812977, 0.0001397773622218018]
(54, 2);1;83;2;stop;1.0;True;True;667;[0.9996908666829483, 0.00010227871302527736]
(54, 2);2;42;2;stop;1.0;True;True;347;[0.9998564926163067, 7.721683527888336e-05]
(54, 2);3;98;2;stop;1.0;True;True;424;[0.9997158857888125, 9.608434149654542e-05]
(54, 2);4;93;2;stop;1.0;True;True;630;[0.9986580760603329, 0.0003622348594712512]
(54, 2);5;89;2;stop;1.0;True;True;848;[0.9996271332232517, 0.00012336379479596285]
(54, 2);6;86;2;stop;1.0;True;True;528;[0.9998481504205439, 6.604649236123594e-05]
(54, 2);7;246;2;stop;1.0;True;True;710;[0.9997155283789972, 8.218529252648081e-05]
(54, 2);8;54;2;stop;1.0;True;True;594;[0.9998141872560404, 6.81406936169271e-05]
(54, 2);9;46;2;stop;1.0;True;True;902;[0.9996108139992285, 0.00020984548178163329]
(54, 3);0;96;2;stop;1.0;True;False;662;[0.016912700060749915, 0.9829566413882987]
(54, 3);1;81;2;stop;1.0;True;False;608;[0.012051441551981866, 0.987754637831017]
(54, 3);2;91;2;stop;1.0;True;False;633;[0.004608849797870128, 0.9952344206304001]
(54, 3);3;81;2;stop;1.0;True;False;566;[0.016400255352096094, 0.9834306070379176]
(54, 3);4;44;2;stop;1.0;True;False;573;[0.009123908751374036, 0.9906868252615327]
(54, 3);5;102;2;stop;1.0;True;False;801;[0.025175258127271817, 0.9746825169356345]
(54, 3);6;84;2;stop;1.0;True;False;524;[0.008575423786133882, 0.9911844388459998]
(54, 3);7;78;2;stop;1.0;True;False;426;[0.011331262274001483, 0.9886252694334288]
(54, 3);8;80;2;stop;1.0;True;False;445;[0.012429347911917814, 0.9873853827117766]
(54, 3);9;408;2;stop;1.0;True;False;535;[0.017983372718567835, 0.981859046387255]
(55, 0);0;67;3;stop;1.0;True;False;345;[0.0049046214658574954, 0.9949354244131491]
(55, 0);1;97;3;stop;1.0;True;False;722;[0.00912239051177382, 0.9905217669571529]
(55, 0);2;64;3;stop;1.0;True;False;447;[0.005553258856174135, 0.9941470693398372]
(55, 0);3;93;3;stop;1.0;True;False;457;[0.001987419573221238, 0.9978340196954562]
(55, 0);4;43;3;stop;1.0;True;False;710;[0.0039442621599674, 0.9957656911730425]
(55, 0);5;48;3;stop;1.0;True;False;304;[0.002549675048108222, 0.9969653472142115]
(55, 0);6;29;3;stop;1.0;True;False;506;[0.004608159780884635, 0.9950856672842906]
(55, 0);7;43;3;stop;1.0;True;False;444;[0.009705174586858517, 0.9899548345132825]
(55, 0);8;19;3;stop;1.0;True;False;537;[0.0026310557621858108, 0.9971339824442798]
(55, 0);9;36;3;stop;1.0;True;False;416;[0.006288473273147351, 0.9934844319401595]
(55, 1);0;62;3;stop;1.0;True;False;460;[0.007574702168626641, 0.9920899926220355]
(55, 1);1;22;3;stop;1.0;True;False;380;[0.010645223086850107, 0.9886707112176336]
(55, 1);2;26;3;stop;1.0;True;False;497;[0.0028005119127744124, 0.9970514945045947]
(55, 1);3;48;3;stop;1.0;True;False;651;[0.0021824807075638063, 0.9977095258691837]
(55, 1);4;84;3;stop;1.0;True;False;758;[0.006692295983620948, 0.9932249398182527]
(55, 1);5;57;3;stop;1.0;True;False;491;[0.006094294001302002, 0.9933697259748652]
(55, 1);6;28;3;stop;1.0;True;False;493;[0.001000419608784055, 0.9989147056534207]
(55, 1);7;30;3;stop;1.0;True;False;430;[0.0026312251366329407, 0.9971982282909261]
(55, 1);8;63;3;stop;1.0;True;False;686;[0.004198110695127771, 0.9956389946777291]
(55, 1);9;40;3;stop;1.0;True;False;495;[0.01132535815127593, 0.9881100854863477]
(55, 2);0;47;3;stop;1.0;True;False;488;[0.014059496194235351, 0.9856469974748501]
(55, 2);1;31;3;stop;1.0;True;False;447;[0.01098308113251061, 0.9886653514221208]
(55, 2);2;19;3;stop;1.0;True;False;413;[0.006691447195435624, 0.9930990068462415]
(55, 2);3;118;3;stop;1.0;True;False;443;[0.028427207205116708, 0.9712625315589911]
(55, 2);4;133;3;stop;1.0;True;False;465;[0.006690148694060919, 0.9929059948221655]
(55, 2);5;34;3;stop;1.0;True;False;560;[0.011324985533145704, 0.9880779628686681]
(55, 2);6;60;3;stop;1.0;True;False;359;[0.014498358748152682, 0.9851418540726276]
(55, 2);7;142;3;stop;1.0;True;False;378;[0.008842896204967136, 0.9906528963480422]
(55, 2);8;56;3;stop;1.0;True;False;740;[0.006486188457637775, 0.9931928363800692]
(55, 2);9;53;3;stop;1.0;True;False;649;[0.010982374141205037, 0.9886016180289908]
(55, 3);0;164;3;stop;1.0;True;True;857;[0.9993989506297949, 0.0001487712279490454]
(55, 3);1;54;3;stop;1.0;True;True;446;[0.9997280383804813, 0.00010887917278090628]
(55, 3);2;94;3;stop;1.0;True;True;588;[0.9998081098798126, 5.8283490382964064e-05]
(55, 3);3;52;3;stop;1.0;True;True;723;[0.99983468404583, 6.401360073761533e-05]
(55, 3);4;38;3;stop;1.0;True;True;351;[0.9997388806538758, 7.252992615189607e-05]
(55, 3);5;47;3;stop;1.0;True;True;461;[0.9998501763672429, 6.814316305478995e-05]
(55, 3);6;46;3;stop;1.0;True;True;415;[0.9997472210068633, 8.21878790412691e-05]
(55, 3);7;47;3;stop;1.0;True;True;377;[0.9994282416990811, 0.0001739361631368748]
(55, 3);8;50;3;stop;1.0;True;True;535;[0.9997183877774803, 0.00023049501240373724]
(55, 3);9;32;3;stop;1.0;True;True;532;[0.9997621148606896, 0.0001272970196231463]
(56, 0);0;67;3;stop;1.0;True;False;322;[0.013217754882227577, 0.9863990740417627]
(56, 0);1;33;3;stop;1.0;True;False;445;[0.011680551850348752, 0.9877456824680106]
(56, 0);2;25;3;stop;1.0;True;False;368;[0.005383545269984041, 0.9943578904345389]
(56, 0);3;65;3;stop;1.0;True;False;427;[0.020324496772943644, 0.9792889791888048]
(56, 0);4;38;3;stop;1.0;True;False;517;[0.004197842460464173, 0.9955753040791776]
(56, 0);5;54;3;stop;1.0;True;False;450;[0.014056694163783875, 0.9854505039468052]
(56, 0);6;37;3;stop;1.0;True;False;368;[0.01911497425967519, 0.9804111954294522]
(56, 0);7;63;3;stop;1.0;True;False;433;[0.005909812430236045, 0.993877692480889]
(56, 0);8;24;3;stop;1.0;True;False;311;[0.0049041139929626686, 0.9948327710502771]
(56, 0);9;235;3;stop;1.0;True;False;455;[0.010650660911878272, 0.989175748820684]
(56, 1);0;64;3;stop;1.0;True;False;492;[0.013215958730024995, 0.9862651256781677]
(56, 1);1;197;3;stop;1.0;True;False;429;[0.016905435413363007, 0.9825344552687516]
(56, 1);2;50;3;stop;1.0;True;False;398;[0.016390787761738454, 0.9828627774878183]
(56, 1);3;67;3;stop;1.0;True;False;392;[0.008844195019761539, 0.9907985717390573]
(56, 1);4;71;3;stop;1.0;True;False;421;[0.022972793545212387, 0.976828098149463]
(56, 1);5;54;3;stop;1.0;True;False;460;[0.007576862392479311, 0.9923729574755267]
(56, 1);6;76;3;stop;1.0;True;False;469;[0.01204848817430173, 0.9875125450353809]
(56, 1);7;72;3;stop;1.0;True;False;477;[0.008060829658853661, 0.9917948751470019]
(56, 1);8;32;3;stop;1.0;True;False;395;[0.002888716764441724, 0.9968122856666259]
(56, 1);9;77;3;stop;1.0;True;False;603;[0.023675093969786384, 0.9757180361984625]
(56, 2);0;53;3;stop;1.0;True;False;406;[0.007342839941061391, 0.9922507614838522]
(56, 2);1;72;3;stop;1.0;True;False;447;[0.0034821504577269755, 0.9961520064889238]
(56, 2);2;124;3;stop;1.0;True;False;475;[0.017440732548557533, 0.9824588525478014]
(56, 2);3;91;3;stop;1.0;True;False;534;[0.00884191378673426, 0.9905429375276221]
(56, 2);4;63;3;stop;1.0;True;False;675;[0.004904116331427006, 0.994833243107345]
(56, 2);5;174;3;stop;1.0;True;False;397;[0.004330869115220669, 0.9955228453131827]
(56, 2);6;125;3;stop;1.0;True;False;658;[0.00475337986010349, 0.9948638008246351]
(56, 2);7;54;3;stop;1.0;True;False;318;[0.005383724968192993, 0.9943911303470583]
(56, 2);8;43;3;stop;1.0;True;False;504;[0.007118299052731275, 0.9924424621278427]
(56, 2);9;67;3;stop;1.0;True;False;461;[0.02757613437524665, 0.9720922666185744]
(56, 3);0;188;3;stop;1.0;True;True;623;[0.9952810630038911, 0.0035895435672404427]
(56, 3);1;141;3;stop;1.0;True;True;486;[0.9988511900521662, 0.00017935397738766775]
(56, 3);2;164;3;stop;1.0;True;True;643;[0.9970749594462126, 0.00042948265107462365]
(56, 3);3;114;3;stop;1.0;True;True;491;[0.9990851910605628, 7.715721014414124e-05]
(56, 3);4;240;3;stop;1.0;True;True;569;[0.9994580108453909, 0.00016858985486512017]
(56, 3);5;65;3;stop;1.0;True;True;316;[0.9982105386040275, 0.0002162033840738413]
(56, 3);6;157;3;stop;1.0;True;True;479;[0.9993404925821731, 0.00019707820217774015]
(56, 3);7;81;3;stop;1.0;True;True;427;[0.9990146342805893, 6.599140186195826e-05]
(56, 3);8;38;3;stop;1.0;True;True;548;[0.9978849418166629, 0.00023737552978584305]
(56, 3);9;74;3;stop;1.0;True;True;343;[0.999601403869567, 6.812620371920323e-05]
(57, 0);0;63;3;stop;0.9;True;False;601;[0.024413161301185704, 0.9751803890403742]
(57, 0);1;208;3;stop;0.9;True;False;864;[0.001648329645624047, 0.9982587668365837]
(57, 0);2;294;3;stop;0.9;True;False;494;[0.0275612664975545, 0.9715681703295301]
(57, 0);3;157;3;stop;0.9;True;False;527;[0.016400560344727085, 0.983448707044891]
(57, 0);4;457;3;stop;0.9;True;False;850;[0.0038237376596244087, 0.9959809832369303]
(57, 0);5;78;3;stop;0.9;True;False;454;[0.0026312314099700028, 0.9972008361210616]
(57, 0);6;146;3;stop;0.1;False;True;435;[0.5301457440036604, 0.4678519770016361]
(57, 0);7;141;3;stop;0.9;True;False;455;[0.008059715062019097, 0.9916580504888904]
(57, 0);8;354;3;stop;0.9;True;False;245;[0.08489269390056008, 0.9126824851264939]
(57, 0);9;174;3;stop;0.9;True;False;926;[0.0583212076597719, 0.9412566247250417]
(57, 1);0;402;3;stop;0.8;True;False;529;[0.008058984892486973, 0.9915680275008674]
(57, 1);1;173;3;stop;0.2;False;True;990;[0.7974764801976824, 0.2016336219032484]
(57, 1);2;118;3;stop;0.8;True;False;703;[0.003376437291332922, 0.9965716522265768]
(57, 1);3;294;3;stop;0.8;True;False;895;[0.010985851929650793, 0.9889147715266134]
(57, 1);4;126;3;stop;0.8;True;False;517;[0.1292440946625356, 0.8695298982520208]
(57, 1);5;160;3;stop;0.8;True;False;761;[0.010983044472583425, 0.9886619722153526]
(57, 1);6;122;3;stop;0.8;True;False;301;[0.06007521795373383, 0.9397345373165501]
(57, 1);7;256;3;stop;0.2;False;True;1241;[0.9995089797139717, 0.00045829790290477176]
(57, 1);8;311;3;stop;0.8;True;False;760;[0.08031410217916259, 0.9191463015597878]
(57, 1);9;85;3;stop;0.8;True;False;456;[0.0018100934032058901, 0.9981247846584748]
(57, 2);0;457;3;stop;0.9;True;False;505;[0.017982052195440693, 0.9817868787639666]
(57, 2);1;317;3;stop;0.9;True;False;1015;[0.15119371014958294, 0.8432907676495927]
(57, 2);2;491;3;stop;0.9;True;False;568;[0.17270630905133594, 0.8239356947711626]
(57, 2);3;207;3;stop;0.9;True;False;626;[0.008061467738822737, 0.9918736811948544]
(57, 2);4;262;3;stop;0.9;True;False;992;[0.012421835032781277, 0.9867883696555569]
(57, 2);5;171;3;stop;0.9;True;False;693;[0.019123507551105846, 0.9808487601881596]
(57, 2);6;242;3;stop;0.9;True;False;839;[0.005382965142422746, 0.9942505242089482]
(57, 2);7;159;3;stop;0.9;True;False;657;[0.010011903526668612, 0.9898216708277883]
(57, 2);8;112;3;stop;0.9;True;False;565;[0.060051188685987265, 0.9393585408400881]
(57, 2);9;151;3;stop;0.1;False;True;453;[0.657139514308456, 0.33043049892677867]
(57, 3);0;201;3;stop;1.0;True;True;663;[0.9969792102251089, 0.002889200288974284]
(57, 3);1;444;3;stop;1.0;True;True;510;[0.9989089961135483, 0.0009398018711816606]
(57, 3);2;212;3;stop;1.0;True;True;1069;[0.999461583272346, 0.0005357792390642424]
(57, 3);3;222;3;stop;1.0;True;True;457;[0.9997681916809124, 0.0001971626090884237]
(57, 3);4;78;3;stop;1.0;True;True;674;[0.9992810891527284, 0.00013974110875820915]
(57, 3);5;244;3;stop;1.0;True;True;597;[0.9992043155531961, 0.000732134848858681]
(57, 3);6;221;3;stop;1.0;True;True;986;[0.9994789694170761, 0.0005033266560617383]
(57, 3);7;372;3;stop;1.0;True;True;824;[0.9978031602652995, 0.002115531552559263]
(57, 3);8;150;3;stop;1.0;True;True;495;[0.9990392625758182, 0.00041708884399653247]
(57, 3);9;248;3;stop;1.0;True;True;379;[0.9974239836264939, 0.002550848545589824]
(58, 0);0;74;1;stop;1.0;True;False;303;[0.007344237108201632, 0.9924392918385497]
(58, 0);1;5;1;stop;1.0;True;False;309;[0.008841563852956473, 0.9905038725553073]
(58, 0);2;43;1;stop;1.0;True;False;488;[0.0019264834534568431, 0.997943111005069]
(58, 0);3;94;1;stop;1.0;True;False;364;[0.012427801119913961, 0.9872623200749278]
(58, 0);4;197;1;stop;1.0;True;False;686;[0.019120690049790418, 0.9807042773483954]
(58, 0);5;187;1;stop;1.0;True;False;450;[0.017980457407179826, 0.9816996727820423]
(58, 0);6;59;1;stop;1.0;True;False;500;[0.025168350486200683, 0.9744149816413878]
(58, 0);7;203;1;stop;1.0;True;False;398;[0.06747970889963774, 0.9315287169635563]
(58, 0);8;208;1;stop;1.0;True;False;764;[0.005219548417594637, 0.9946698663696947]
(58, 0);9;38;1;stop;1.0;True;False;459;[0.019710993363115232, 0.9798763774537019]
(58, 1);0;46;1;stop;1.0;True;True;459;[0.9996162933836616, 4.538252780616714e-05]
(58, 1);1;184;1;stop;1.0;True;True;584;[0.9994854000110825, 0.00016340725371698765]
(58, 1);2;186;1;stop;1.0;True;True;830;[0.9846691270334508, 0.014951412172226392]
(58, 1);3;103;1;stop;1.0;True;True;405;[0.9998549433373866, 5.649293575600295e-05]
(58, 1);4;84;1;stop;1.0;True;True;589;[0.9997593743577031, 7.029988985544669e-05]
(58, 1);5;46;1;stop;1.0;True;True;338;[0.9996494092378445, 7.720078349018592e-05]
(58, 1);6;148;1;stop;1.0;True;True;778;[0.9988721231657572, 0.00015341280518752369]
(58, 1);7;222;1;stop;1.0;True;True;581;[0.9988642730950034, 0.000190923682126535]
(58, 1);8;174;1;stop;1.0;True;True;604;[0.9997650936900874, 0.00010553323785775359]
(58, 1);9;48;1;stop;1.0;True;True;343;[0.9996869352222083, 0.00015353794770422334]
(58, 2);0;78;1;stop;1.0;True;False;911;[0.0071199794144333655, 0.9926764061225458]
(58, 2);1;64;1;stop;1.0;True;False;294;[0.017981786387574583, 0.9817720570956483]
(58, 2);2;99;1;stop;1.0;True;False;680;[0.002980857916609373, 0.9969603707184059]
(58, 2);3;172;1;stop;1.0;True;False;611;[0.01495394331950952, 0.9848357094332546]
(58, 2);4;129;1;stop;1.0;True;False;413;[0.021607621755515928, 0.9780355529607742]
(58, 2);5;93;1;stop;1.0;True;False;570;[0.005059442278299801, 0.9947649366012282]
(58, 2);6;109;1;stop;1.0;True;False;584;[0.016911764592577174, 0.9829021626549099]
(58, 2);7;80;1;stop;1.0;True;False;485;[0.007815026050953307, 0.9920747391528941]
(58, 2);8;128;1;stop;1.0;True;False;396;[0.0025508838196754862, 0.9974379781890126]
(58, 2);9;305;1;stop;1.0;True;False;961;[0.05998120349135026, 0.9382639560918842]
(58, 3);0;66;1;stop;1.0;True;False;485;[0.002714641747550173, 0.9971588736838676]
(58, 3);1;192;1;stop;1.0;True;False;437;[0.01205213116072857, 0.9878111665815988]
(58, 3);2;157;1;stop;1.0;True;False;586;[0.04602530483649898, 0.953787957698822]
(58, 3);3;85;1;stop;1.0;True;False;456;[0.0020504591330257967, 0.9978106377175446]
(58, 3);4;284;1;stop;1.0;True;False;481;[0.1948938168167839, 0.7708199753609831]
(58, 3);5;86;1;stop;1.0;True;False;363;[0.0021824484464773967, 0.9976946930966839]
(58, 3);6;193;1;stop;1.0;True;False;588;[0.020960793218496903, 0.9788748501510295]
(58, 3);7;60;1;stop;1.0;True;False;414;[0.0038241096309564932, 0.9960779599091963]
(58, 3);8;49;1;stop;1.0;True;False;549;[0.0050587909371084165, 0.9946367259832454]
(58, 3);9;114;1;stop;1.0;True;False;357;[0.005910680443569983, 0.9940237291354648]
(59, 0);0;175;2;stop;0.2;True;False;1251;[0.002322878610680274, 0.9975549307195869]
(59, 0);1;116;2;stop;0.2;True;False;705;[0.008061636876921232, 0.9918945573391095]
(59, 0);2;176;2;stop;0.8;False;True;678;[0.9990644870250126, 0.00041709938495306117]
(59, 0);3;122;2;stop;0.8;False;True;2245;[0.9993783525958361, 0.000305252334963605]
(59, 0);4;83;2;stop;0.8;False;True;1383;[0.9998579227198175, 8.480618364583534e-05]
(59, 0);5;70;2;stop;0.8;False;True;753;[0.9994692045157983, 0.00030527999179105574]
(59, 0);6;59;2;stop;0.8;False;True;593;[0.9994527713438601, 0.00027795608925832024]
(59, 0);7;55;2;stop;0.8;False;True;687;[0.9996199860349345, 0.00021650855072149518]
(59, 0);8;68;2;stop;0.8;False;True;840;[0.9994341953992328, 0.00037991386358803225]
(59, 0);9;210;2;stop;0.8;False;True;679;[0.9998719856102921, 6.604806705109397e-05]
(59, 1);0;72;2;stop;1.0;True;False;589;[0.003706966720811436, 0.9962157708612198]
(59, 1);1;91;2;stop;1.0;True;False;838;[0.0033761732598917493, 0.996493992377689]
(59, 1);2;76;2;stop;1.0;True;False;741;[0.0028893876592652034, 0.9970439101522033]
(59, 1);3;122;2;stop;1.0;True;False;528;[0.00690290191207892, 0.9929613517005182]
(59, 1);4;64;2;stop;1.0;True;False;792;[0.011684451305909801, 0.9880756347165508]
(59, 1);5;84;2;stop;1.0;True;False;450;[0.005384508008967397, 0.9945354311934012]
(59, 1);6;91;2;stop;1.0;True;False;766;[0.0047549848754216, 0.995199825739263]
(59, 1);7;101;2;stop;1.0;True;False;1048;[0.007120573576604726, 0.9927591118138116]
(59, 1);8;240;2;stop;1.0;True;False;1772;[0.020956700712634127, 0.9786836724823218]
(59, 1);9;89;2;stop;1.0;True;False;790;[0.012819440772240351, 0.9870421864350588]
(59, 2);0;131;2;stop;1.0;True;True;552;[0.9996663253757535, 0.00014881095945729024]
(59, 2);1;61;2;stop;1.0;True;True;433;[0.9996631088805747, 0.000197141926992453]
(59, 2);2;128;2;stop;1.0;True;True;528;[0.9993381116003462, 0.0003568616712321968]
(59, 2);3;130;2;stop;1.0;True;True;579;[0.9995433985847383, 0.0002453176123633145]
(59, 2);4;71;2;stop;1.0;True;True;818;[0.9998011984301817, 8.749329778670003e-05]
(59, 2);5;89;2;stop;1.0;True;True;573;[0.9998135914223677, 9.914412419875821e-05]
(59, 2);6;129;2;stop;1.0;True;True;745;[0.9997174346340454, 0.00018520776896116626]
(59, 2);7;108;2;stop;1.0;True;True;463;[0.9997200557734044, 9.312849234755383e-05]
(59, 2);8;69;2;stop;1.0;True;True;485;[0.9993565648814161, 0.00011953590993769725]
(59, 2);9;69;2;stop;1.0;True;True;449;[0.9998169280547704, 9.027201062284293e-05]
(59, 3);0;277;2;stop;0.5;True;False;1337;[0.06358214467453913, 0.9343328998785243]
(59, 3);1;152;2;stop;0.5;False;True;574;[0.9991803932055449, 0.0003051917898159296]
(59, 3);2;88;2;stop;0.5;True;False;677;[0.011683637883463487, 0.9880066245216692]
(59, 3);3;256;2;stop;0.5;False;True;936;[0.6549959733645611, 0.29987899949527697]
(59, 3);4;104;2;stop;0.5;True;False;629;[0.010011765080244704, 0.9898081225900168]
(59, 3);5;106;2;stop;0.5;False;True;917;[0.9996834803466673, 0.00016343967109071024]
(59, 3);6;69;2;stop;0.5;True;False;597;[0.008575129377376756, 0.9911502418123503]
(59, 3);7;94;2;stop;0.5;True;False;621;[0.02368031013833532, 0.9759330348065927]
(59, 3);8;146;2;stop;0.5;False;True;1582;[0.9988706958967194, 0.00043025603163428407]
(59, 3);9;103;2;stop;0.5;False;True;844;[0.9986706785101737, 0.00020964805208299704]
(60, 0);0;92;3;stop;1.0;True;False;345;[0.015900001109022618, 0.9836982705069839]
(60, 0);1;126;3;stop;1.0;True;False;359;[0.0071199183034221175, 0.9926680657632747]
(60, 0);2;102;3;stop;1.0;True;False;569;[0.010010409361266608, 0.9896739472502608]
(60, 0);3;100;3;stop;1.0;True;False;477;[0.007575258421566304, 0.9921630950027478]
(60, 0);4;145;3;stop;1.0;True;False;529;[0.002472423775142982, 0.997446873260187]
(60, 0);5;231;3;stop;1.0;True;False;554;[0.016870349486859535, 0.9804948498249063]
(60, 0);6;54;3;stop;1.0;True;False;476;[0.002888831094846067, 0.9968517312710121]
(60, 0);7;189;3;stop;1.0;True;False;506;[0.04207510851885283, 0.9576250809098628]
(60, 0);8;103;3;stop;1.0;True;False;475;[0.06557623614545668, 0.9339878351626745]
(60, 0);9;152;3;stop;1.0;True;False;639;[0.025163502466474405, 0.9742272390829773]
(60, 1);0;66;3;stop;0.9;True;False;359;[0.0043304292671424525, 0.9954218422282335]
(60, 1);1;49;3;stop;0.9;True;False;328;[0.046017338919007104, 0.9536228221870146]
(60, 1);2;100;3;stop;0.9;True;False;298;[0.01691128075003252, 0.9828741774759204]
(60, 1);3;180;3;stop;0.9;True;False;499;[0.05339586335565512, 0.9464643313623077]
(60, 1);4;176;3;stop;0.1;False;True;415;[0.7639682908145742, 0.22582860887143671]
(60, 1);5;92;3;stop;0.9;True;False;689;[0.008060618257954877, 0.9917690789207267]
(60, 1);6;107;3;stop;0.9;True;False;386;[0.01639702590637257, 0.9832368400535536]
(60, 1);7;65;3;stop;0.9;True;False;280;[0.0043309290040950705, 0.9955366683317263]
(60, 1);8;52;3;stop;0.9;True;False;528;[0.006689899869991926, 0.9928693286695773]
(60, 1);9;86;3;stop;0.9;True;False;458;[0.00370660437652887, 0.9961185305227073]
(60, 2);0;71;3;stop;1.0;True;False;388;[0.04601612111099143, 0.9535976706640195]
(60, 2);1;98;3;stop;1.0;True;False;600;[0.02440989037053804, 0.9750495832369739]
(60, 2);2;79;3;stop;1.0;True;False;489;[0.017982660996003635, 0.9818202041044422]
(60, 2);3;75;3;stop;1.0;True;False;693;[0.031133786107348353, 0.9685437758652171]
(60, 2);4;280;3;stop;1.0;True;False;491;[0.05336926310091951, 0.9459927812244977]
(60, 2);5;152;3;stop;1.0;True;False;648;[0.01205125766298029, 0.9877394013435119]
(60, 2);6;107;3;stop;1.0;True;False;943;[0.037317375761670456, 0.9624278774175644]
(60, 2);7;147;3;stop;1.0;True;False;655;[0.005057025500564666, 0.9942895313743386]
(60, 2);8;58;3;stop;1.0;True;False;562;[0.0396237135573607, 0.95999476331902]
(60, 2);9;95;3;stop;1.0;True;False;425;[0.004608603665308532, 0.9951814075054839]
(60, 3);0;242;3;stop;1.0;True;True;545;[0.9976562485004754, 0.0018960708349233949]
(60, 3);1;107;3;stop;1.0;True;True;322;[0.9990818593416988, 0.00021639212807928452]
(60, 3);2;81;3;stop;1.0;True;True;386;[0.9990329566211824, 0.00015343738653980524]
(60, 3);3;123;3;stop;1.0;True;True;708;[0.9988253816883, 0.0003050835370906964]
(60, 3);4;58;3;stop;1.0;True;True;391;[0.998962050343653, 0.00024517494247099824]
(60, 3);5;147;3;stop;1.0;True;True;571;[0.9989260060986734, 0.00017936731941587447]
(60, 3);6;63;3;stop;1.0;True;True;494;[0.9992722803860637, 0.0001534742659534367]
(60, 3);7;58;3;stop;1.0;True;True;418;[0.9997218429191391, 7.252868110388309e-05]
(60, 3);8;116;3;stop;1.0;True;True;368;[0.9987405922736803, 0.00019696001807229373]
(60, 3);9;70;3;stop;1.0;True;True;564;[0.998459451097036, 0.00027767974871113033]
(61, 0);0;109;2;stop;0.6;False;True;564;[0.9980264588211255, 0.00038535308643227503]
(61, 0);1;76;2;stop;0.4;True;False;475;[0.01001012296525442, 0.9896456918440283]
(61, 0);2;104;2;stop;0.4;True;False;515;[0.023680197222086613, 0.9759282666844246]
(61, 0);3;241;2;stop;0.6;False;True;491;[0.987579741911477, 0.012049309761173698]
(61, 0);4;46;2;stop;0.6;False;True;1078;[0.9997255363676609, 0.0001313329759930668]
(61, 0);5;193;2;stop;0.6;False;True;658;[0.5095390048041284, 0.4786675971259766]
(61, 0);6;140;2;stop;0.4;True;False;664;[0.010985679061751208, 0.9888994996449045]
(61, 0);7;182;2;stop;0.6;False;True;639;[0.9834007476087765, 0.015406151292083751]
(61, 0);8;72;2;stop;0.4;True;False;1264;[0.017981049005676805, 0.9817321869126403]
(61, 0);9;79;2;stop;0.6;False;True;844;[0.9996803828801888, 0.0001272865796600315]
(61, 1);0;69;2;stop;1.0;True;False;527;[0.043338130488600315, 0.9560239200863176]
(61, 1);1;229;2;stop;1.0;True;False;539;[0.020276546701764375, 0.976978724837429]
(61, 1);2;245;2;stop;1.0;True;False;572;[0.21654806413626232, 0.7558270106099984]
(61, 1);3;130;2;stop;1.0;True;False;426;[0.016910538885016077, 0.9828306487964912]
(61, 1);4;57;2;stop;1.0;True;False;495;[0.014954905980931812, 0.9848995366789944]
(61, 1);5;234;2;stop;1.0;True;False;586;[0.019098879868489897, 0.9795857361428598]
(61, 1);6;240;2;stop;1.0;True;False;405;[0.020751858963659983, 0.9691175661785487]
(61, 1);7;215;2;stop;1.0;True;False;431;[0.13225339648389436, 0.8624005407746227]
(61, 1);8;58;2;stop;1.0;True;False;404;[0.020961892684689218, 0.9789260259513465]
(61, 1);9;133;2;stop;1.0;True;False;614;[0.007119459987556454, 0.9926039329004035]
(61, 2);0;212;2;stop;1.0;True;True;533;[0.9998094206693467, 0.00011591067172361771]
(61, 2);1;146;2;stop;1.0;True;True;589;[0.9982733788205347, 0.0004167691619687394]
(61, 2);2;194;2;stop;1.0;True;True;544;[0.9973929125492278, 0.0014995193081872144]
(61, 2);3;108;2;stop;1.0;True;True;512;[0.9997320893256925, 0.00012146395784003237]
(61, 2);4;171;2;stop;1.0;True;True;567;[0.9916119819383328, 0.004812453083014971]
(61, 2);5;187;2;stop;1.0;True;True;405;[0.9992971595077569, 0.0006666783528484972]
(61, 2);6;138;2;stop;1.0;True;True;459;[0.9982464123498688, 0.0002162112193451655]
(61, 2);7;221;2;stop;1.0;True;True;495;[0.9985098427574659, 0.001455012089012267]
(61, 2);8;357;2;stop;1.0;True;True;710;[0.9984705035724439, 0.0012839928435644551]
(61, 2);9;114;2;stop;1.0;True;True;536;[0.9998289639225073, 9.027312980105484e-05]
(61, 3);0;198;2;stop;0.8;True;False;505;[0.41405797764276636, 0.42720158875533504]
(61, 3);1;194;2;stop;0.8;True;False;388;[0.011267087569112657, 0.9830263297213409]
(61, 3);2;140;2;stop;0.2;False;True;376;[0.9974273045334362, 0.0024723754389308784]
(61, 3);3;116;2;stop;0.8;True;False;445;[0.06002917268598813, 0.9390142786240816]
(61, 3);4;84;2;stop;0.8;True;False;811;[0.011329792707907457, 0.9884971223863181]
(61, 3);5;108;2;stop;0.2;False;True;712;[0.9986643772072441, 0.0012842420557342773]
(61, 3);6;235;2;stop;0.8;True;False;477;[0.08265837481572907, 0.916870325840737]
(61, 3);7;133;2;stop;0.8;True;False;832;[0.023665421132319685, 0.9753193946568635]
(61, 3);8;310;2;stop;0.8;True;False;446;[0.3284761569870692, 0.613674288981801]
(61, 3);9;233;2;stop;0.8;True;False;530;[0.016912885547655247, 0.982967121512447]
(62, 0);0;106;0;stop;1.0;True;True;607;[0.9996074787238038, 0.0002694459043281866]
(62, 0);1;81;0;stop;1.0;True;True;587;[0.9997627106200397, 9.913901856516232e-05]
(62, 0);2;33;0;stop;1.0;True;True;395;[0.999726608666416, 0.00010228232209047554]
(62, 0);3;80;0;stop;1.0;True;True;426;[0.9995584054605471, 0.0001123163009677515]
(62, 0);4;42;0;stop;1.0;True;True;520;[0.999884976265166, 5.8287937230023556e-05]
(62, 0);5;111;0;stop;1.0;True;True;489;[0.9998548241599461, 7.484098026540167e-05]
(62, 0);6;272;0;stop;1.0;True;True;363;[0.9921627429497089, 0.0025373925256178785]
(62, 0);7;70;0;stop;1.0;True;True;317;[0.999705282316751, 9.913334594731321e-05]
(62, 0);8;88;0;stop;1.0;True;True;339;[0.9999151301890851, 2.9309909907861002e-05]
(62, 0);9;37;0;stop;1.0;True;True;666;[0.9999275260049407, 4.53966393289598e-05]
(62, 1);0;69;0;stop;1.0;True;False;451;[0.005730027274017836, 0.994231669828161]
(62, 1);1;72;0;stop;1.0;True;False;424;[0.0017545407224481464, 0.9982035304168064]
(62, 1);2;111;0;stop;1.0;True;False;480;[0.01541835085389202, 0.9841794186524415]
(62, 1);3;134;0;stop;1.0;True;False;649;[0.002889045993152273, 0.9969256557145568]
(62, 1);4;70;0;stop;1.0;True;False;682;[0.01363582940075074, 0.9862904048931245]
(62, 1);5;48;0;stop;1.0;True;False;830;[0.00970571142509838, 0.9900093952748071]
(62, 1);6;115;0;stop;1.0;True;False;376;[0.007345193217838259, 0.9925686982444912]
(62, 1);7;47;0;stop;1.0;True;False;391;[0.0017543240486032018, 0.9980802505885149]
(62, 1);8;109;0;stop;1.0;True;False;530;[0.001501146876169878, 0.9984753762504828]
(62, 1);9;70;0;stop;1.0;True;False;247;[0.0040697497998900024, 0.9958347258089606]
(62, 2);0;78;0;stop;1.0;True;False;706;[0.003483065468644962, 0.9964137406898966]
(62, 2);1;90;0;stop;1.0;True;False;533;[0.005059719726865832, 0.994819321455619]
(62, 2);2;95;0;stop;1.0;True;False;869;[0.016400990472179657, 0.9834745341572901]
(62, 2);3;89;0;stop;1.0;True;False;582;[0.008060698974007378, 0.991778810617908]
(62, 2);4;144;0;stop;1.0;True;False;372;[0.0021825306611546022, 0.9977321911468752]
(62, 2);5;71;0;stop;1.0;True;False;346;[0.0019876802010718574, 0.9979648370583666]
(62, 2);6;126;0;stop;1.0;True;False;542;[0.005384302610205307, 0.9944975832423191]
(62, 2);7;106;0;stop;1.0;True;False;688;[0.012429608692750718, 0.9874061864602518]
(62, 2);8;98;0;stop;1.0;True;False;297;[0.0023962661658781885, 0.9974096339521464]
(62, 2);9;186;0;stop;1.0;True;False;564;[0.02491255146149266, 0.9645114706772658]
(62, 3);0;104;0;stop;1.0;True;False;285;[0.00711965689001723, 0.99263141717933]
(62, 3);1;59;0;stop;1.0;True;False;350;[0.006487156593708392, 0.9933411416365933]
(62, 3);2;56;0;stop;1.0;True;False;515;[0.0012065453709880973, 0.9987566452743252]
(62, 3);3;72;0;stop;1.0;True;False;609;[0.0022515947347706905, 0.9976361969362628]
(62, 3);4;203;0;stop;1.0;True;False;1584;[0.01065037651234603, 0.9891490386993105]
(62, 3);5;105;0;stop;1.0;True;False;1180;[0.007576595040410907, 0.9923380914514066]
(62, 3);6;84;0;stop;1.0;True;False;434;[0.0021825712492890108, 0.9977508224562219]
(62, 3);7;86;0;stop;1.0;True;False;517;[0.003706593771863855, 0.9961158097917406]
(62, 3);8;108;0;stop;1.0;True;False;548;[0.011685955729502094, 0.9882025085980388]
(62, 3);9;83;0;stop;1.0;True;False;436;[0.005059673886488346, 0.9948103553146127]
(63, 0);0;92;1;stop;1.0;True;False;877;[0.004905262313099758, 0.9950656011243559]
(63, 0);1;226;1;stop;1.0;True;False;576;[0.014954399684606594, 0.9848661187425255]
(63, 0);2;96;1;stop;1.0;True;False;785;[0.006289360914795036, 0.9936244684336162]
(63, 0);3;55;1;stop;1.0;True;False;635;[0.0032727893166472817, 0.9966429302619816]
(63, 0);4;73;1;stop;1.0;True;False;501;[0.003483291352254569, 0.9964787222390427]
(63, 0);5;211;1;stop;1.0;True;False;939;[0.014954093062771817, 0.9848458839824]
(63, 0);6;65;1;stop;1.0;True;False;595;[0.011685376224887559, 0.9881535010379833]
(63, 0);7;115;1;stop;1.0;True;False;548;[0.0050598138215734115, 0.9948378441699088]
(63, 0);8;123;1;stop;1.0;True;False;463;[0.020962522404936117, 0.9789554997003156]
(63, 0);9;65;1;stop;1.0;True;False;1025;[0.005059854837762797, 0.994845749226804]
(63, 1);0;80;1;stop;1.0;True;True;539;[0.9995224373529589, 0.0001851715637824426]
(63, 1);1;220;1;stop;1.0;True;True;653;[0.9971098036213385, 0.001302435375182628]
(63, 1);2;213;1;stop;1.0;True;True;891;[0.9995312504774765, 0.00022336145868551922]
(63, 1);3;178;1;stop;1.0;True;True;412;[0.999509098806555, 0.00022335655941526324]
(63, 1);4;214;1;stop;1.0;True;True;806;[0.9996288008923624, 0.0002098492841767639]
(63, 1);5;188;1;stop;1.0;True;True;591;[0.9992591866480427, 0.00044408658426244534]
(63, 1);6;212;1;stop;1.0;True;True;714;[0.9935422069723129, 0.0016926180842746826]
(63, 1);7;76;1;stop;1.0;True;True;414;[0.9996688270949156, 0.00023048358219414147]
(63, 1);8;206;1;stop;1.0;True;True;1058;[0.9992407369099816, 0.00040433791692051944]
(63, 1);9;165;1;stop;1.0;True;True;554;[0.9992068149820045, 0.0002958099244506258]
(63, 2);0;271;1;stop;0.4;False;True;734;[0.9967639602213886, 0.0015221734530127655]
(63, 2);1;173;1;stop;0.6;True;False;672;[0.03020727011490993, 0.9695504841994311]
(63, 2);2;255;1;stop;0.6;True;False;990;[0.010984034333569074, 0.9887512359514752]
(63, 2);3;73;1;stop;0.6;True;False;965;[0.007814731663407891, 0.9920370790841487]
(63, 2);4;134;1;stop;0.6;True;False;1034;[0.01911884385418573, 0.9806095819283783]
(63, 2);5;96;1;stop;0.6;True;False;1343;[0.030210446352604867, 0.9696525823250747]
(63, 2);6;86;1;stop;0.4;False;True;1135;[0.9997401912653588, 0.0001971571563252495]
(63, 2);7;203;1;stop;0.6;True;False;1176;[0.01322143618131351, 0.9866736957034455]
(63, 2);8;208;1;stop;0.4;False;True;1003;[0.9994205020349846, 0.0003799086100699907]
(63, 2);9;187;1;stop;0.4;False;True;738;[0.9991001841946434, 0.00047265242590040257]
(63, 3);0;83;1;stop;0.7;True;False;890;[0.002889142427075369, 0.9969589489665053]
(63, 3);1;139;1;stop;0.3;False;True;664;[0.9994281226161319, 0.0002570609852338078]
(63, 3);2;172;1;stop;0.3;False;True;1312;[0.9987633044612407, 0.00031474811647148497]
(63, 3);3;144;1;stop;0.7;True;False;1257;[0.014956104046136877, 0.9849784066976401]
(63, 3);4;95;1;stop;0.7;True;False;591;[0.010984369544809868, 0.9887815377856746]
(63, 3);5;192;1;stop;0.7;True;False;683;[0.08754136001954699, 0.9122018303177223]
(63, 3);6;184;1;stop;0.3;False;True;969;[0.9989396860008991, 0.0004170472794247583]
(63, 3);7;123;1;stop;0.7;True;False;643;[0.01590192698032923, 0.9838172147095531]
(63, 3);8;90;1;stop;0.7;True;False;670;[0.0013668879964268041, 0.9985323067466407]
(63, 3);9;226;1;stop;0.7;True;False;527;[0.3872114043778895, 0.4818923787046321]
(64, 0);0;205;1;stop;1.0;True;False;560;[0.03512744568226318, 0.9643775261685049]
(64, 0);1;166;1;stop;1.0;True;False;570;[0.04740970801526744, 0.9522494231211727]
(64, 0);2;70;1;stop;1.0;True;False;458;[0.029295877133386005, 0.970146226254702]
(64, 0);3;92;1;stop;1.0;True;False;656;[0.010648162518562071, 0.9889438009091646]
(64, 0);4;75;1;stop;1.0;True;False;468;[0.014950877477620684, 0.9846342231010391]
(64, 0);5;65;1;stop;1.0;True;False;491;[0.00831460629593324, 0.9915442345898118]
(64, 0);6;176;1;stop;1.0;True;False;239;[0.004198499065234551, 0.9957310592677152]
(64, 0);7;107;1;stop;1.0;True;False;574;[0.06184702344495645, 0.937684913766814]
(64, 0);8;164;1;stop;1.0;True;False;408;[0.025169208586966238, 0.9744481456909417]
(64, 0);9;151;1;stop;1.0;True;False;548;[0.06368221318786814, 0.9358031799711519]
(64, 1);0;39;1;stop;1.0;True;True;374;[0.9996884839934937, 9.026038920773164e-05]
(64, 1);1;61;1;stop;1.0;True;True;593;[0.9997028995347474, 0.0001584141825349285]
(64, 1);2;93;1;stop;1.0;True;True;605;[0.9991584951179692, 7.961228885562216e-05]
(64, 1);3;72;1;stop;1.0;True;True;570;[0.9993135875617198, 0.0001397456399268867]
(64, 1);4;78;1;stop;1.0;True;True;291;[0.9996616793175533, 9.025797902749183e-05]
(64, 1);5;30;1;stop;1.0;True;True;455;[0.9998947492735768, 3.535379189550594e-05]
(64, 1);6;86;1;stop;1.0;True;True;493;[0.9996540551517366, 0.00012728318078703991]
(64, 1);7;92;1;stop;1.0;True;True;377;[0.9998721047897782, 4.683509268397056e-05]
(64, 1);8;219;1;stop;1.0;True;True;478;[0.9993643035850083, 7.36444996026106e-05]
(64, 1);9;85;1;stop;1.0;True;True;388;[0.9998642390469163, 5.143789389826119e-05]
(64, 2);0;104;1;stop;1.0;True;False;395;[0.025168950553590138, 0.9744381847413519]
(64, 2);1;80;1;stop;1.0;True;False;627;[0.01363401544384623, 0.9861592679089467]
(64, 2);2;82;1;stop;1.0;True;False;571;[0.003171982734162736, 0.9966074083677182]
(64, 2);3;80;1;stop;1.0;True;False;543;[0.030199428182842453, 0.9692988643300517]
(64, 2);4;207;1;stop;1.0;True;False;581;[0.010965749410334841, 0.9871053706693019]
(64, 2);5;71;1;stop;1.0;True;False;376;[0.020324458007079483, 0.9792871496504434]
(64, 2);6;57;1;stop;1.0;True;False;779;[0.04601898465671887, 0.9536568630589143]
(64, 2);7;169;1;stop;1.0;True;False;494;[0.03512574559116037, 0.964330741052758]
(64, 2);8;92;1;stop;1.0;True;False;396;[0.010648954628593539, 0.9890171402987418]
(64, 2);9;97;1;stop;1.0;True;False;650;[0.060054839713336784, 0.9394157714972305]
(64, 3);0;83;1;stop;1.0;True;False;513;[0.014954314115090031, 0.9848604530411613]
(64, 3);1;80;1;stop;1.0;True;False;416;[0.009706771305007127, 0.9901176000114913]
(64, 3);2;78;1;stop;1.0;True;False;421;[0.037313843758014165, 0.9623366782863823]
(64, 3);3;66;1;stop;1.0;True;False;367;[0.017438204549428425, 0.9823165385971029]
(64, 3);4;96;1;stop;1.0;True;False;506;[0.025176992837073843, 0.9747496777689988]
(64, 3);5;74;1;stop;1.0;True;False;567;[0.015418549360320208, 0.984192118984782]
(64, 3);6;102;1;stop;1.0;True;False;401;[0.010651478602837293, 0.9892518057747237]
(64, 3);7;68;1;stop;1.0;True;False;362;[0.023672740295985848, 0.9756210127923391]
(64, 3);8;48;1;stop;1.0;True;False;407;[0.037311290603360456, 0.9622708853335293]
(64, 3);9;75;1;stop;1.0;True;False;564;[0.009410413559809632, 0.9903584000587502]
(65, 0);0;38;1;stop;1.0;True;False;439;[0.003074715084650786, 0.99671256039344]
(65, 0);1;54;1;stop;1.0;True;False;338;[0.01853923163657283, 0.9810654521786872]
(65, 0);2;72;1;stop;1.0;True;False;441;[0.07800952837125547, 0.9211113458908408]
(65, 0);3;70;1;stop;1.0;True;False;511;[0.019714607584574127, 0.9800561121605004]
(65, 0);4;54;1;stop;1.0;True;False;532;[0.019121173281038423, 0.9807291573733533]
(65, 0);5;50;1;stop;1.0;True;False;238;[0.019116965931934595, 0.9805134163085687]
(65, 0);6;39;1;stop;1.0;True;False;403;[0.01970903848177687, 0.9797793256215873]
(65, 0);7;25;1;stop;1.0;True;False;373;[0.039610754352567355, 0.9596806618045397]
(65, 0);8;158;1;stop;1.0;True;False;323;[0.013630654735034685, 0.985915985895531]
(65, 0);9;51;1;stop;1.0;True;False;506;[0.005384048440084643, 0.9944505432190135]
(65, 1);0;35;1;stop;1.0;True;True;405;[0.9997538934033633, 9.913816765179221e-05]
(65, 1);1;42;1;stop;1.0;True;True;482;[0.9996482179709064, 0.00019107359197591514]
(65, 1);2;128;1;stop;1.0;True;True;492;[0.9993937117287399, 0.00023042006693451558]
(65, 1);3;65;1;stop;1.0;True;True;398;[0.9988417941956276, 0.00030989292781441306]
(65, 1);4;84;1;stop;1.0;True;True;331;[0.999663704522739, 0.00010887211221144146]
(65, 1);5;291;1;stop;1.0;True;True;337;[0.9967718956684853, 0.0023947332486182926]
(65, 1);6;88;1;stop;1.0;True;True;442;[0.9996330892719475, 0.00020985008468978132]
(65, 1);7;63;1;stop;1.0;True;True;365;[0.9993152541842348, 0.00029584208632022873]
(65, 1);8;50;1;stop;1.0;True;True;276;[0.9996436912218565, 0.00010552035616868105]
(65, 1);9;47;1;stop;1.0;True;True;286;[0.999188486195852, 0.0003458304078886658]
(65, 2);0;202;1;stop;0.9;True;False;356;[0.03731366583216618, 0.962332154047851]
(65, 2);1;70;1;stop;0.9;True;False;476;[0.011684518165067758, 0.988080871686196]
(65, 2);2;119;1;stop;0.9;True;False;412;[0.02841664293016899, 0.9709015693639657]
(65, 2);3;229;1;stop;0.9;True;False;1017;[0.02440843547105331, 0.9749915582880888]
(65, 2);4;83;1;stop;0.9;True;False;349;[0.007575536563354241, 0.992199356210778]
(65, 2);5;159;1;stop;0.9;True;False;452;[0.015900842701253918, 0.9837502976641487]
(65, 2);6;69;1;stop;0.9;True;False;331;[0.006487243207171417, 0.9933546688483919]
(65, 2);7;121;1;stop;0.9;True;False;448;[0.30704276193046404, 0.6919315039299915]
(65, 2);8;182;1;stop;0.1;False;True;478;[0.5760856052333267, 0.3959374601426739]
(65, 2);9;359;1;stop;0.9;True;False;381;[0.317526188186089, 0.6722029456649097]
(65, 3);0;66;1;stop;1.0;True;False;275;[0.010984652387251489, 0.988806712975086]
(65, 3);1;210;1;stop;1.0;True;False;405;[0.028416798756875736, 0.970906850038014]
(65, 3);2;59;1;stop;1.0;True;False;317;[0.0052191750997505, 0.9945985170916479]
(65, 3);3;258;1;stop;1.0;True;False;396;[0.09795281780477139, 0.9007574258967521]
(65, 3);4;56;1;stop;1.0;True;False;626;[0.0071190186742359505, 0.9925425089050686]
(65, 3);5;115;1;stop;1.0;True;False;406;[0.00628828136710122, 0.9934541941587007]
(65, 3);6;83;1;stop;1.0;True;False;645;[0.03407117044514059, 0.9650708318528911]
(65, 3);7;104;1;stop;1.0;True;False;369;[0.019712746342262718, 0.9799636040017589]
(65, 3);8;79;1;stop;1.0;True;False;358;[0.011684094730195167, 0.988045143791951]
(65, 3);9;118;1;stop;1.0;True;False;416;[0.0320875496431209, 0.9675025528555752]
(66, 0);0;116;3;stop;1.0;True;False;357;[0.005729180326741299, 0.9940847476348534]
(66, 0);1;135;3;stop;1.0;True;False;683;[0.005910471883276762, 0.9939886292255605]
(66, 0);2;63;3;stop;1.0;True;False;586;[0.009411535435392143, 0.9904765057602518]
(66, 0);3;167;3;stop;1.0;True;False;545;[0.00591029433098884, 0.9939587139773592]
(66, 0);4;128;3;stop;1.0;True;False;859;[0.004069613959602052, 0.9958017441506265]
(66, 0);5;86;3;stop;1.0;True;False;445;[0.003945270381932102, 0.9960201264727335]
(66, 0);6;80;3;stop;1.0;True;False;622;[0.007815149026249694, 0.9920901099644298]
(66, 0);7;162;3;stop;1.0;True;False;505;[0.010326696513402513, 0.989532103223763]
(66, 0);8;67;3;stop;1.0;True;False;384;[0.009411858560365336, 0.9905103050195885]
(66, 0);9;201;3;stop;1.0;True;False;551;[0.030202985244061478, 0.9694130068040399]
(66, 1);0;60;3;stop;1.0;True;False;369;[0.011683805020439515, 0.9880208216623529]
(66, 1);1;294;3;stop;1.0;True;False;473;[0.04697150265639088, 0.9434478439133124]
(66, 1);2;177;3;stop;1.0;True;False;518;[0.010647248618662983, 0.988858815994688]
(66, 1);3;190;3;stop;1.0;True;False;590;[0.014500716394284623, 0.9853019993883244]
(66, 1);4;218;3;stop;1.0;True;False;571;[0.011320077838738533, 0.987649739610449]
(66, 1);5;96;3;stop;1.0;True;False;457;[0.003707129345370357, 0.9962594286679881]
(66, 1);6;96;3;stop;1.0;True;False;418;[0.007343652296626383, 0.9923601612791874]
(66, 1);7;195;3;stop;1.0;True;False;653;[0.08263918214159853, 0.9166575239972086]
(66, 1);8;98;3;stop;1.0;True;False;337;[0.02842516722843677, 0.9711927003270341]
(66, 1);9;215;3;stop;1.0;True;False;662;[0.015904603873888933, 0.9839830481583253]
(66, 2);0;137;3;stop;0.7;True;False;530;[0.03513034356413648, 0.9644570226006686]
(66, 2);1;63;3;stop;0.3;False;True;647;[0.9997525827448208, 8.218834932543076e-05]
(66, 2);2;144;3;stop;0.7;True;False;906;[0.03514047965530987, 0.9647352057020078]
(66, 2);3;101;3;stop;0.7;True;False;877;[0.004609487166481322, 0.9953719978404203]
(66, 2);4;134;3;stop;0.3;False;True;576;[0.9991584951179692, 0.0003351802556037266]
(66, 2);5;155;3;stop;0.7;True;False;532;[0.015901350710916175, 0.9837819103524981]
(66, 2);6;159;3;stop;0.3;False;True;1054;[0.9990074957746421, 0.0003148252688949761]
(66, 2);7;147;3;stop;0.7;True;False;718;[0.02032991502971834, 0.9795502752829708]
(66, 2);8;183;3;stop;0.7;True;False;558;[0.010013321519219628, 0.9899616100740486]
(66, 2);9;187;3;stop;0.7;True;False;462;[0.03962993019038003, 0.9601454071740092]
(66, 3);0;127;3;stop;1.0;True;True;450;[0.9993460880746705, 0.00015835769035925097]
(66, 3);1;92;3;stop;1.0;True;True;382;[0.9994718243352931, 7.963727183493761e-05]
(66, 3);2;64;3;stop;1.0;True;True;651;[0.9992039585007569, 0.00027788691209681515]
(66, 3);3;174;3;stop;1.0;True;True;296;[0.9993876394824868, 0.00017392919638143802]
(66, 3);4;223;3;stop;1.0;True;True;447;[0.9971127666546877, 0.0011858842969690103]
(66, 3);5;165;3;stop;1.0;True;True;756;[0.9985790207917444, 0.0003622061879172094]
(66, 3);6;99;3;stop;1.0;True;True;758;[0.9994929025200124, 0.0001535080798694515]
(66, 3);7;67;3;stop;1.0;True;True;431;[0.9995143389233618, 7.719040314709059e-05]
(66, 3);8;113;3;stop;1.0;True;True;619;[0.9981750237035292, 0.0003914797519010298]
(66, 3);9;94;3;stop;1.0;True;True;572;[0.9996704949208665, 0.00012336908910928589]
(67, 0);0;246;1;stop;0.1;False;True;329;[0.7841481245706066, 0.1450528113333919]
(67, 0);1;103;1;stop;0.9;True;False;623;[0.012818199936797838, 0.9869464957433817]
(67, 0);2;107;1;stop;0.9;True;False;678;[0.007118652065511463, 0.9924914258977852]
(67, 0);3;82;1;stop;0.9;True;False;401;[0.002980461376902085, 0.9968279213557766]
(67, 0);4;81;1;stop;0.9;True;False;624;[0.014951241067872068, 0.9846579162272003]
(67, 0);5;63;1;stop;0.9;True;False;431;[0.005217818936316079, 0.9943400924938801]
(67, 0);6;70;1;stop;0.9;True;False;554;[0.007343183080293986, 0.9922971244795562]
(67, 0);7;83;1;stop;0.9;True;False;508;[0.002631124765274045, 0.9971602961852176]
(67, 0);8;77;1;stop;0.9;True;False;577;[0.02674996753741181, 0.9729018685071226]
(67, 0);9;101;1;stop;0.9;True;False;433;[0.009706979591957795, 0.9901389869454791]
(67, 1);0;376;1;stop;1.0;True;True;200;[0.9633524239339109, 0.032453049248508684]
(67, 1);1;60;1;stop;1.0;True;True;612;[0.999567457450362, 0.00010886162603421358]
(67, 1);2;74;1;stop;1.0;True;True;515;[0.9996391645223985, 0.00011956977223624829]
(67, 1);3;62;1;stop;1.0;True;True;309;[0.9995000479270162, 7.963955030815461e-05]
(67, 1);4;255;1;stop;1.0;True;True;432;[0.9880851783346413, 0.010976636103456613]
(67, 1);5;192;1;stop;1.0;True;True;370;[0.9987397599063503, 0.0011512738726956585]
(67, 1);6;307;1;stop;1.0;True;True;463;[0.989539690568185, 0.009402635910425403]
(67, 1);7;200;1;stop;1.0;True;True;460;[0.9802059037903305, 0.01233896881564275]
(67, 1);8;93;1;stop;1.0;True;True;268;[0.9987919636676812, 0.0003350575314009347]
(67, 1);9;138;1;stop;1.0;True;True;300;[0.9991444522802094, 0.0004303740159945704]
(67, 2);0;248;1;stop;1.0;True;False;523;[0.10784239769252332, 0.7968534788970743]
(67, 2);1;177;1;stop;1.0;True;False;923;[0.015418828744067293, 0.9842099030252172]
(67, 2);2;97;1;stop;1.0;True;False;781;[0.03844306859222316, 0.9609556984064664]
(67, 2);3;214;1;stop;1.0;True;False;337;[0.01688217086422474, 0.981182040263765]
(67, 2);4;197;1;stop;1.0;True;False;1664;[0.29193362084482777, 0.6578825701309304]
(67, 2);5;124;1;stop;1.0;True;False;489;[0.02095576139792596, 0.9786397150848312]
(67, 2);6;280;1;stop;1.0;True;False;1397;[0.013967796316802977, 0.9792181039485978]
(67, 2);7;232;1;stop;1.0;True;False;428;[0.021605968136423397, 0.9779607554567659]
(67, 2);8;99;1;stop;1.0;True;False;1238;[0.010322433077568659, 0.9891236125203992]
(67, 2);9;91;1;stop;1.0;True;False;866;[0.014953187495452486, 0.9847862259167061]
(67, 3);0;330;1;stop;1.0;True;False;423;[0.015413322876748538, 0.9838587547500657]
(67, 3);1;124;1;stop;1.0;True;False;406;[0.004069091986970448, 0.9956739748252461]
(67, 3);2;207;1;stop;1.0;True;False;1002;[0.12906081865463734, 0.8682968388913002]
(67, 3);3;211;1;stop;1.0;True;False;790;[0.03109951872878128, 0.9674775578581426]
(67, 3);4;268;1;stop;1.0;True;False;484;[0.035054466160946963, 0.962373776410601]
(67, 3);5;255;1;stop;1.0;True;False;729;[0.1720409687321537, 0.8207615337277362]
(67, 3);6;56;1;stop;1.0;True;False;443;[0.016398175297207128, 0.983305645297429]
(67, 3);7;144;1;stop;1.0;True;False;854;[0.04735302169484737, 0.9511108018994122]
(67, 3);8;194;1;stop;1.0;True;False;443;[0.08001573251401506, 0.9157316139940516]
(67, 3);9;275;1;stop;1.0;True;False;384;[0.05323055875343995, 0.9435342230972278]
(68, 0);0;263;2;stop;1.0;True;False;719;[0.3064606051130358, 0.6906196345326363]
(68, 0);1;150;2;stop;1.0;True;False;564;[0.014956011335284264, 0.984972045933752]
(68, 0);2;129;2;stop;1.0;True;False;1174;[0.007575749691894518, 0.9922275228120706]
(68, 0);3;100;2;stop;1.0;True;False;770;[0.0019874262069608196, 0.9978373431292425]
(68, 0);4;107;2;stop;1.0;True;False;578;[0.0039444840971608166, 0.9958218399942766]
(68, 0);5;150;2;stop;1.0;True;False;616;[0.014954200023162929, 0.9848528217772579]
(68, 0);6;164;2;stop;1.0;True;False;663;[0.005728358088044025, 0.993942108514991]
(68, 0);7;128;2;stop;1.0;True;False;672;[0.006487193713622373, 0.9933467876662819]
(68, 0);8;120;2;stop;1.0;True;False;753;[0.002322986053744098, 0.9976010788668871]
(68, 0);9;146;2;stop;1.0;True;False;517;[0.054980097896898956, 0.9445620128206468]
(68, 1);0;121;2;stop;0.9;True;False;827;[0.012428559675846213, 0.987322860076211]
(68, 1);1;182;2;stop;0.9;True;False;546;[0.0057288142657035525, 0.9940213735502343]
(68, 1);2;94;2;stop;0.9;True;False;3240;[0.010011831916210325, 0.9898143127021815]
(68, 1);3;130;2;stop;0.9;True;False;381;[0.006096136674839688, 0.9936701358396768]
(68, 1);4;209;2;stop;0.9;True;False;1432;[0.013219173069555784, 0.9865047508329048]
(68, 1);5;103;2;stop;0.9;True;False;792;[0.013221316396887063, 0.9866646435479155]
(68, 1);6;95;2;stop;0.9;True;False;1700;[0.010650914846449507, 0.9891993117004144]
(68, 1);7;138;2;stop;0.9;True;False;1325;[0.003944771881776391, 0.9958944294463447]
(68, 1);8;140;2;stop;0.1;False;True;709;[0.9819658207468521, 0.017985327956849543]
(68, 1);9;188;2;stop;0.9;True;False;1607;[0.001548630757159193, 0.9983670003504124]
(68, 2);0;148;2;stop;1.0;True;True;594;[0.999667278412272, 0.00018519840791944372]
(68, 2);1;72;2;stop;1.0;True;True;695;[0.999539110997188, 0.00020983047299991635]
(68, 2);2;161;2;stop;1.0;True;True;600;[0.9993725186536804, 0.00043047232679808034]
(68, 2);3;265;2;stop;1.0;True;True;905;[0.9991454043248554, 0.0007095674712228357]
(68, 2);4;131;2;stop;1.0;True;True;638;[0.9993652560718247, 0.000245273867033265]
(68, 2);5;112;2;stop;1.0;True;True;713;[0.9992506163724987, 0.0005032117068654602]
(68, 2);6;117;2;stop;1.0;True;True;745;[0.9989225564693937, 0.00031479854860015557]
(68, 2);7;110;2;stop;1.0;True;True;453;[0.9997424550740373, 0.00019109163280329677]
(68, 2);8;137;2;stop;1.0;True;True;397;[0.9990265318457037, 0.0003351361464197734]
(68, 2);9;207;2;stop;1.0;True;True;645;[0.9991357649292603, 0.0005273007412050536]
(68, 3);0;162;2;stop;1.0;True;False;577;[0.0038239783428252426, 0.9960440161186183]
(68, 3);1;97;2;stop;1.0;True;False;1077;[0.0029803888968520107, 0.9968036387848946]
(68, 3);2;127;2;stop;1.0;True;False;595;[0.00609656109182835, 0.9937394685050998]
(68, 3);3;105;2;stop;1.0;True;False;577;[0.016912780706980532, 0.9829612479420335]
(68, 3);4;96;2;stop;1.0;True;False;790;[0.016398933782901106, 0.9833512922333058]
(68, 3);5;94;2;stop;1.0;True;False;677;[0.007814455918044439, 0.9920020017452157]
(68, 3);6;94;2;stop/stop;1.0;True;False;809;[0.029293146250249445, 0.9700558026652593]
(68, 3);7;97;2;stop;1.0;True;False;663;[0.005553939433918853, 0.9942686724205866]
(68, 3);8;147;2;stop;1.0;True;False;908;[0.007119191801585382, 0.9925665841402023]
(68, 3);9;122;2;stop;1.0;True;False;863;[0.006096061096831498, 0.9936578943610477]
(69, 0);0;64;1;stop;1.0;True;False;485;[0.008576204836116093, 0.9912745091730486]
(69, 0);1;244;1;stop;1.0;True;False;616;[0.04720500661825099, 0.9481379669678014]
(69, 0);2;213;1;stop;1.0;True;False;320;[0.4009163734173274, 0.5479877104246047]
(69, 0);3;80;1;stop;1.0;True;False;800;[0.01590295825140305, 0.983881141798831]
(69, 0);4;115;1;stop;1.0;True;False;598;[0.013221095744205495, 0.9866483965567481]
(69, 0);5;216;1;stop;1.0;True;False;463;[0.12189721802759879, 0.8729936300319521]
(69, 0);6;54;1;stop;1.0;True;False;1049;[0.018545168777673093, 0.9813795901595423]
(69, 0);7;128;1;stop;1.0;True;False;487;[0.006487382409802591, 0.9933760780589442]
(69, 0);8;279;1;stop;1.0;True;False;396;[0.11240259775877297, 0.8841148363008723]
(69, 0);9;216;1;stop;1.0;True;False;609;[0.06621114649957693, 0.8586393019523177]
(69, 1);0;64;1;stop;1.0;False;False;641;[0.020327719443943126, 0.9794443674405426]
(69, 1);1;274;1;stop;1.0;False;False;628;[0.06663032236406284, 0.9198032075570669]
(69, 1);2;89;1;stop;1.0;False;False;1891;[0.03209478761285161, 0.9677207521828419]
(69, 1);3;65;1;stop;1.0;False;False;1185;[0.0069028624134703535, 0.9929557101734932]
(69, 1);4;71;1;stop;1.0;False;False;776;[0.033078874101799174, 0.966706364300841]
(69, 1);5;58;1;stop;1.0;False;False;1603;[0.012050119912174355, 0.9876464834512525]
(69, 1);6;79;1;stop;1.0;False;False;948;[0.03513575470021401, 0.9646055206750642]
(69, 1);7;98;1;stop;1.0;False;False;557;[0.006288905083164603, 0.9935524446359364]
(69, 1);8;107;1;stop;1.0;False;False;815;[0.011684468020663424, 0.9880769147394273]
(69, 1);9;162;1;stop;1.0;False;False;389;[0.050305303711531066, 0.9491914958901941]
(69, 2);0;178;1;stop;1.0;False;True;456;[0.9995991407002975, 0.0002304675368947641]
(69, 2);1;338;1;stop;1.0;False;True;428;[0.9979841895464203, 0.0004101888170636488]
(69, 2);2;156;1;stop;1.0;False;True;386;[0.9998697212173053, 8.74992222351505e-05]
(69, 2);3;75;1;stop;1.0;False;True;541;[0.9995850854728681, 0.0002868173808679671]
(69, 2);4;131;1;stop;1.0;False;True;463;[0.9991026831303539, 0.00029577917645909205]
(69, 2);5;426;1;stop;1.0;False;True;161;[0.9951182475643245, 0.0033715126432667048]
(69, 2);6;50;1;stop;1.0;False;True;438;[0.9993796622693111, 0.00044414016201134833]
(69, 2);7;62;1;stop;1.0;False;True;547;[0.9996688270949156, 0.00018519876115771072]
(69, 2);8;61;1;stop;1.0;False;True;498;[0.9997677150562424, 0.00013133848705968126]
(69, 2);9;227;1;stop;1.0;False;True;371;[0.999754012554225, 0.00010888197636930938]
(69, 3);0;86;1;stop;1.0;True;False;894;[0.011684852466596164, 0.988109154194567]
(69, 3);1;88;1;stop;1.0;True;False;763;[0.004904717353731047, 0.9949547776905528]
(69, 3);2;177;1;stop;1.0;True;False;447;[0.010326622651377378, 0.9895254504064095]
(69, 3);3;64;1;stop;1.0;True;False;875;[0.021609285805276653, 0.9781109318974126]
(69, 3);4;151;1;stop;1.0;True;False;478;[0.06185542893937823, 0.9378123874199497]
(69, 3);5;173;1;stop;1.0;True;False;618;[0.02095673069145641, 0.978685043334459]
(69, 3);6;410;1;stop;1.0;True;False;122;[0.08138618887198146, 0.8749840809951205]
(69, 3);7;94;1;stop;1.0;True;False;527;[0.012051349607130337, 0.9877469611435327]
(69, 3);8;68;1;stop;1.0;True;False;826;[0.02843111135601275, 0.9713959233289078]
(69, 3);9;99;1;stop;1.0;True;False;530;[0.01281822438559728, 0.9869487026623381]
(70, 0);0;82;0;stop;1.0;True;True;373;[0.9993643035850083, 8.883222312414029e-05]
(70, 0);1;98;0;stop;1.0;True;True;382;[0.9994917116722932, 0.00026112579112557886]
(70, 0);2;104;0;stop;1.0;True;True;291;[0.9989545557734499, 0.00025295570067222284]
(70, 0);3;81;0;stop;1.0;True;True;424;[0.999303349748821, 8.47591260135377e-05]
(70, 0);4;70;0;stop;1.0;True;True;419;[0.9997350679492436, 0.00010887989963022711]
(70, 0);5;91;0;stop;1.0;True;True;613;[0.9986734130787478, 0.0001054179624502058]
(70, 0);6;83;0;stop;1.0;True;True;362;[0.999447651013234, 5.7359207533693475e-05]
(70, 0);7;74;0;stop;1.0;True;True;541;[0.9990909027124661, 0.00011765136915902423]
(70, 0);8;89;0;stop;1.0;True;True;607;[0.9995673383508251, 0.00010886162603421358]
(70, 0);9;77;0;stop;1.0;True;True;341;[0.9995331560611515, 0.00010226252257029939]
(70, 1);0;114;0;stop;1.0;True;False;321;[0.011328636639135126, 0.9883962581706885]
(70, 1);1;190;0;stop;1.0;True;False;358;[0.010648182828339662, 0.9889456669089665]
(70, 1);2;226;0;stop;1.0;True;False;394;[0.21537583492911208, 0.7755981989844807]
(70, 1);3;59;0;stop;1.0;True;False;571;[0.003483060486083406, 0.9964126753664294]
(70, 1);4;95;0;stop;1.0;True;False;625;[0.007344450733622747, 0.9924680586566452]
(70, 1);5;57;0;stop;1.0;True;False;593;[0.010983521061181499, 0.9887049709509115]
(70, 1);6;82;0;stop;1.0;True;False;408;[0.001754460407786061, 0.9981579205311334]
(70, 1);7;114;0;stop;1.0;True;False;451;[0.06948735542082307, 0.9297305237274881]
(70, 1);8;58;0;stop;1.0;True;False;360;[0.046019160205548644, 0.9536605507153533]
(70, 1);9;86;0;stop;1.0;True;False;492;[0.007344093527393936, 0.992419919095433]
(70, 2);0;61;0;stop;1.0;True;False;382;[0.011325314948545561, 0.9881065940669419]
(70, 2);1;115;0;stop;1.0;True;False;391;[0.02756257418105729, 0.9716141971825771]
(70, 2);2;76;0;stop;1.0;True;False;454;[0.007810253868737908, 0.9914686449799066]
(70, 2);3;93;0;stop;1.0;True;False;417;[0.009702851715374428, 0.989717850909412]
(70, 2);4;65;0;stop;1.0;True;False;395;[0.012049183359546956, 0.9875693947184693]
(70, 2);5;95;0;stop;1.0;True;False;493;[0.016909313266290124, 0.9827597222504715]
(70, 2);6;66;0;stop;1.0;True;False;477;[0.003481986080152741, 0.9961050461510013]
(70, 2);7;65;0;stop;1.0;True;False;306;[0.004608296018090974, 0.9951148245227296]
(70, 2);8;81;0;stop;1.0;True;False;425;[0.020953243442811794, 0.9785222461953962]
(70, 2);9;48;0;stop;1.0;True;False;300;[0.003823799652333712, 0.9959973022780597]
(70, 3);0;78;0;stop;1.0;True;False;364;[0.014950991544198678, 0.9846413886595031]
(70, 3);1;64;0;stop;1.0;True;False;468;[0.006287034120543577, 0.9932568102583532]
(70, 3);2;83;0;stop;1.0;True;False;382;[0.008056026461576092, 0.991204231497515]
(70, 3);3;53;0;stop;1.0;True;False;382;[0.00590891636839819, 0.993726872638804]
(70, 3);4;143;0;stop;1.0;True;False;402;[0.006688926992921976, 0.9927248059038093]
(70, 3);5;82;0;stop;1.0;True;False;391;[0.00884122658049494, 0.9904662140041564]
(70, 3);6;73;0;stop;1.0;True;False;333;[0.0019260774666899321, 0.9977330218614197]
(70, 3);7;98;0;stop;1.0;True;False;437;[0.005552766349983122, 0.9940585960601255]
(70, 3);8;94;0;stop;1.0;True;False;606;[0.002322890794695419, 0.9975601503427094]
(70, 3);9;209;0;stop;1.0;True;False;519;[0.013632799772678351, 0.9860713989682143]
(71, 0);0;79;2;stop;1.0;True;False;388;[0.007119819847896152, 0.9926542049188247]
(71, 0);1;57;2;stop;1.0;True;False;396;[0.025163514465370275, 0.9742276927429931]
(71, 0);2;68;2;stop;1.0;True;False;436;[0.00831350814289215, 0.9914135716805628]
(71, 0);3;75;2;stop;1.0;True;False;382;[0.0075763240851024, 0.9923026412006322]
(71, 0);4;57;2;stop;1.0;True;False;438;[0.021603176331600825, 0.9778343304427645]
(71, 0);5;67;2;stop;1.0;True;False;344;[0.018544722210258144, 0.9813559402730204]
(71, 0);6;82;2;stop;1.0;True;False;411;[0.005910567707362492, 0.9940047656524421]
(71, 0);7;131;2;stop;1.0;True;False;508;[0.003944596951370449, 0.9958502123786154]
(71, 0);8;43;2;stop;1.0;True;False;324;[0.002182474463445348, 0.997706677907724]
(71, 0);9;96;2;stop;1.0;True;False;464;[0.009409152731286024, 0.990225945685354]
(71, 1);0;81;2;stop;1.0;True;False;387;[0.002182307960209663, 0.9976306205992167]
(71, 1);1;82;2;stop;1.0;True;False;420;[0.009705544816949638, 0.9899926875258215]
(71, 1);2;133;2;stop;1.0;True;False;351;[0.011327847987012134, 0.9883273194685468]
(71, 1);3;98;2;stop;1.0;True;False;382;[0.004754025881620342, 0.9949989151532028]
(71, 1);4;92;2;stop;1.0;True;False;674;[0.01690121190378859, 0.9822885883885453]
(71, 1);5;97;2;stop;1.0;True;False;412;[0.014501214245419364, 0.9853355624233134]
(71, 1);6;97;2;stop;1.0;True;False;474;[0.017975802463475056, 0.9814453807146799]
(71, 1);7;78;2;stop;1.0;True;False;391;[0.008312172318330226, 0.991254362464316]
(71, 1);8;124;2;stop;1.0;True;False;477;[0.0174358348830373, 0.9821831217544226]
(71, 1);9;92;2;stop;1.0;True;False;342;[0.016907918426745928, 0.9826783291572805]
(71, 2);0;50;2;stop;1.0;True;True;339;[0.9992543063060755, 0.00014874966385856672]
(71, 2);1;48;2;stop;1.0;True;True;450;[0.9993920448008593, 0.00023773393157326662]
(71, 2);2;54;2;stop;1.0;True;True;301;[0.9997828478440363, 0.00013981122505140123]
(71, 2);3;86;2;stop;1.0;True;True;429;[0.999132789894153, 0.00018509935118063797]
(71, 2);4;97;2;stop;1.0;True;True;273;[0.9992433555489785, 0.00017390398569399956]
(71, 2);5;71;2;stop;1.0;True;True;428;[0.9993700184031817, 0.000163388398491485]
(71, 2);6;77;2;stop;1.0;True;True;543;[0.9994406254724651, 0.00021646973621604863]
(71, 2);7;73;2;stop;1.0;True;True;351;[0.9996143874960246, 0.00015840028419521803]
(71, 2);8;66;2;stop;1.0;True;True;401;[0.9995935423945035, 0.0001910632056055153]
(71, 2);9;89;2;stop;1.0;True;True;508;[0.9993020402335195, 0.0002452584293675394]
(71, 3);0;65;2;stop;1.0;True;False;448;[0.008058704371257197, 0.9915335697516494]
(71, 3);1;85;2;stop;1.0;True;False;337;[0.0022515163601202373, 0.9976016720900102]
(71, 3);2;61;2;stop;1.0;True;False;492;[0.022270252918617676, 0.9770147950590482]
(71, 3);3;68;2;stop;1.0;True;False;417;[0.00490472436999052, 0.9949561940361084]
(71, 3);4;70;2;stop;1.0;True;False;384;[0.007344538286820013, 0.9924802706878527]
(71, 3);5;170;2;stop;1.0;True;False;491;[0.010984359069303746, 0.9887804889100985]
(71, 3);6;85;2;stop;1.0;True;False;509;[0.011681593434641497, 0.987833733724053]
(71, 3);7;73;2;stop;1.0;True;False;354;[0.008058850394788418, 0.9915513839463589]
(71, 3);8;90;2;stop;1.0;True;False;373;[0.012816714759694729, 0.9868323658796604]
(71, 3);9;106;2;stop;1.0;True;False;248;[0.03020091144084664, 0.9693464664472397]
(72, 0);0;148;3;stop;1.0;True;False;615;[0.033069435166798625, 0.9664304965956908]
(72, 0);1;43;3;stop;1.0;True;False;350;[0.0008558723632440453, 0.9991112508576879]
(72, 0);2;153;3;stop;1.0;True;False;740;[0.31070897318429813, 0.6786508113822021]
(72, 0);3;56;3;stop;1.0;True;False;359;[0.01133025732952357, 0.9885375425809185]
(72, 0);4;62;3;stop;1.0;True;False;432;[0.0047544248720921035, 0.9950824802107752]
(72, 0);5;37;3;stop;1.0;True;False;312;[0.02842909143322889, 0.9713267483054403]
(72, 0);6;80;3;stop;1.0;True;False;565;[0.001324922982602881, 0.9985999425050684]
(72, 0);7;97;3;stop;1.0;True;False;494;[0.011327226827076427, 0.9882734091715552]
(72, 0);8;73;3;stop;1.0;True;False;406;[0.002396427281947956, 0.9974769989301863]
(72, 0);9;74;3;stop;1.0;True;False;597;[0.008314875900804342, 0.9915765834844428]
(72, 1);0;90;3;stop;1.0;True;False;493;[0.003706781125412607, 0.9961662019222323]
(72, 1);1;80;3;stop;1.0;True;False;597;[0.013219519760712548, 0.986530970587112]
(72, 1);2;62;3;stop;1.0;True;False;428;[0.007576049526941048, 0.9922667236871279]
(72, 1);3;94;3;stop;1.0;True;False;463;[0.005059162432550384, 0.9947094967758323]
(72, 1);4;122;3;stop;1.0;True;False;414;[0.020960298477524657, 0.9788515468759591]
(72, 1);5;103;3;stop;1.0;True;False;537;[0.0044673209220598325, 0.9952946430511284]
(72, 1);6;128;3;stop;1.0;True;False;428;[0.016398722654493676, 0.9833386119093193]
(72, 1);7;75;3;stop;1.0;True;False;746;[0.0008558221669713965, 0.9990523505826038]
(72, 1);8;84;3;stop;1.0;True;False;438;[0.012429069356617204, 0.9873631853573395]
(72, 1);9;169;3;stop;1.0;True;False;308;[0.014848562516895479, 0.9778956575022127]
(72, 2);0;221;3;stop;1.0;True;False;399;[0.0037068412219530117, 0.9961821721424736]
(72, 2);1;71;3;stop;1.0;True;False;430;[0.006486689519609266, 0.9932696295799013]
(72, 2);2;65;3;stop;1.0;True;False;455;[0.010011683922886283, 0.9897997136865547]
(72, 2);3;58;3;stop;1.0;True;False;435;[0.002889028084349523, 0.9969197316971581]
(72, 2);4;57;3;stop;1.0;True;False;502;[0.008845810370495687, 0.9909795262984252]
(72, 2);5;109;3;stop;1.0;True;False;507;[0.00831377374783795, 0.9914449744897121]
(72, 2);6;66;3;stop;1.0;True;False;456;[0.005550704123830787, 0.9936894395179234]
(72, 2);7;216;3;stop;1.0;True;False;336;[0.16352559273318346, 0.8304514832023555]
(72, 2);8;60;3;stop;1.0;True;False;552;[0.01449939578866731, 0.9852122001473991]
(72, 2);9;73;3;stop;1.0;True;False;415;[0.03963405940507476, 0.9602453129643328]
(72, 3);0;105;3;stop;1.0;True;True;489;[0.9998243163809589, 8.480335298130486e-05]
(72, 3);1;265;3;stop;1.0;True;True;527;[0.998211845236403, 0.0010979729522451358]
(72, 3);2;82;3;stop;1.0;True;True;561;[0.9997069502617136, 0.00013549947692079086]
(72, 3);3;132;3;stop;1.0;True;True;546;[0.9997726003935014, 8.749079461917958e-05]
(72, 3);4;92;3;stop;1.0;True;True;460;[0.9991073239444618, 0.00014872781921768642]
(72, 3);5;51;3;stop;1.0;True;True;303;[0.9995011196930208, 3.5339869928020666e-05]
(72, 3);6;76;3;stop;1.0;True;True;637;[0.9998640007043834, 7.030719794401459e-05]
(72, 3);7;89;3;stop;1.0;True;True;446;[0.9998452902871714, 6.604630340097589e-05]
(72, 3);8;94;3;stop;1.0;True;True;548;[0.9997226769196356, 6.603817862119866e-05]
(72, 3);9;198;3;stop;1.0;True;True;507;[0.9996081934372119, 8.217643628938488e-05]
(73, 0);0;91;0;stop;1.0;True;True;382;[0.9992276439342596, 0.0001195205211541695]
(73, 0);1;92;0;stop;1.0;True;True;325;[0.9990371209077317, 9.906709490596592e-05]
(73, 0);2;86;0;stop;1.0;True;True;437;[0.9995223182587862, 5.647413620892586e-05]
(73, 0);3;69;0;stop;1.0;True;True;442;[0.9997384040577275, 0.00017399024791904158]
(73, 0);4;53;0;stop;1.0;True;True;387;[0.9998195497023271, 8.219383617282218e-05]
(73, 0);5;235;0;stop;1.0;True;True;442;[0.9760079771869501, 0.004449741106580318]
(73, 0);6;72;0;stop;1.0;True;True;530;[0.9996430955916169, 5.6480976580680867e-05]
(73, 0);7;82;0;stop;1.0;True;True;354;[0.9991231507365705, 0.00015832235523315563]
(73, 0);8;87;0;stop;1.0;True;True;476;[0.9998228863691635, 0.00010229217451134957]
(73, 0);9;66;0;stop;1.0;True;True;248;[0.9995997362752547, 0.0001313164441806769]
(73, 1);0;83;0;stop;1.0;True;False;379;[0.008575411518900532, 0.9911829157116383]
(73, 1);1;67;0;stop;1.0;True;False;327;[0.012048137724219976, 0.98748371492866]
(73, 1);2;132;0;stop;1.0;True;False;471;[0.0275780082177999, 0.9721582838204816]
(73, 1);3;129;0;stop;1.0;True;False;371;[0.02368233707657582, 0.9760164943504289]
(73, 1);4;83;0;stop;1.0;True;False;264;[0.036208705845088666, 0.9634780102693802]
(73, 1);5;217;0;stop;1.0;True;False;591;[0.30571507216796795, 0.5535784474214386]
(73, 1);6;111;0;stop;1.0;True;False;422;[0.01590075929823354, 0.9837451065517644]
(73, 1);7;83;0;stop;1.0;True;False;375;[0.019711609002910243, 0.9799070534312824]
(73, 1);8;56;0;stop;1.0;True;False;348;[0.0120508496692773, 0.9877061400146332]
(73, 1);9;90;0;stop;1.0;True;False;361;[0.06945793852133816, 0.9293369576657293]
(73, 2);0;134;0;stop;1.0;True;False;351;[0.012818572786056257, 0.9869754103576809]
(73, 2);1;103;0;stop;1.0;True;False;448;[0.020274574401068373, 0.9768836103677327]
(73, 2);2;44;0;stop;1.0;True;False;386;[0.010011287693465635, 0.9897605904557466]
(73, 2);3;95;0;stop;1.0;True;False;490;[0.029296701337384937, 0.9701736032691373]
(73, 2);4;92;0;stop;1.0;True;False;415;[0.021600395187388575, 0.9777085099951247]
(73, 2);5;175;0;stop;1.0;True;False;412;[0.04207475741825213, 0.9576169900095741]
(73, 2);6;52;0;stop;1.0;True;False;367;[0.012052458738706747, 0.9878381533748171]
(73, 2);7;79;0;stop;1.0;True;False;367;[0.03307864539066316, 0.9666996803819721]
(73, 2);8;99;0;stop;1.0;True;False;605;[0.020325751857743414, 0.9793494598505548]
(73, 2);9;112;0;stop;1.0;True;False;390;[0.25357057086574336, 0.6680694933919122]
(73, 3);0;190;0;stop;1.0;True;False;318;[0.014061614846357852, 0.9857952593233682]
(73, 3);1;61;0;stop;1.0;True;False;397;[0.029306467824235852, 0.9704968586201739]
(73, 3);2;67;0;stop;1.0;True;False;342;[0.02674679163670964, 0.972786450937551]
(73, 3);3;240;0;stop;1.0;True;False;468;[0.04965100890023779, 0.9368458857789281]
(73, 3);4;98;0;stop;1.0;True;False;426;[0.022280471013364993, 0.9774630004952523]
(73, 3);5;89;0;stop;1.0;True;False;524;[0.010983411077361798, 0.9886949489790336]
(73, 3);6;69;0;stop;1.0;True;False;431;[0.020326910093556045, 0.97940525947389]
(73, 3);7;107;0;stop;1.0;True;False;382;[0.022972207498622606, 0.9768031879100199]
(73, 3);8;65;0;stop;1.0;True;False;281;[0.00912426985987369, 0.9907259048308931]
(73, 3);9;106;0;stop;1.0;True;False;468;[0.012818933421066528, 0.987003164845661]
(74, 0);0;71;0;stop;1.0;True;True;745;[0.9994814701728612, 0.0001685937136248302]
(74, 0);1;61;0;stop;1.0;True;True;687;[0.9994812319942926, 0.0001971060205070079]
(74, 0);2;80;0;stop;1.0;True;True;594;[0.9997236300680686, 7.029734226003167e-05]
(74, 0);3;107;0;stop;1.0;True;True;479;[0.9991127978065945, 0.00019097121066357172]
(74, 0);4;125;0;stop;1.0;True;True;456;[0.9994749205156138, 0.0002033614796476163]
(74, 0);5;80;0;stop;1.0;True;True;620;[0.9994420543703182, 0.00010884802665540591]
(74, 0);6;103;0;stop;1.0;True;True;606;[0.9993377544419277, 0.00010548805822342439]
(74, 0);7;137;0;stop;1.0;True;True;717;[0.9996192713421875, 0.00019106812539479925]
(74, 0);8;83;0;stop;1.0;True;True;368;[0.9996846716847217, 7.482820542401041e-05]
(74, 0);9;260;0;stop;1.0;True;True;580;[0.9989863190886124, 0.000197008485648057]
(74, 1);0;181;0;stop;1.0;True;False;586;[0.020959963659451967, 0.9788358998430394]
(74, 1);1;104;0;stop;1.0;True;False;543;[0.003075115366487961, 0.9968421359369645]
(74, 1);2;105;0;stop;1.0;True;False;598;[0.00970683610491284, 0.9901240281230174]
(74, 1);3;185;0;stop;1.0;True;False;682;[0.012428731542607737, 0.987336456134405]
(74, 1);4;89;0;stop;1.0;True;False;644;[0.012429750939147536, 0.9874174607430325]
(74, 1);5;67;0;stop;1.0;True;False;557;[0.004330631633010082, 0.9954685021928436]
(74, 1);6;127;0;stop;1.0;True;False;690;[0.03303603809164217, 0.9654545845672247]
(74, 1);7;75;0;stop;1.0;True;False;312;[0.01032519967949833, 0.989389017152865]
(74, 1);8;122;0;stop;1.0;True;False;530;[0.010645893144943576, 0.9887329389038633]
(74, 1);9;96;0;stop;1.0;True;False;608;[0.012051803591653748, 0.9877844132719251]
(74, 2);0;64;0;stop;0.9;True;False;621;[0.012817545948720399, 0.9868962195874896]
(74, 2);1;181;0;stop;0.9;True;False;478;[0.012428998237115345, 0.9873574905781697]
(74, 2);2;71;0;stop;0.9;True;False;606;[0.001501053824714621, 0.9984134612991569]
(74, 2);3;123;0;stop;0.9;True;False;846;[0.01204585143127242, 0.9872964822711351]
(74, 2);4;97;0;stop;0.9;True;False;641;[0.018543413520166575, 0.9812867158086483]
(74, 2);5;167;0;stop;0.9;True;False;760;[0.01132903638789054, 0.9884309640647215]
(74, 2);6;222;0;stop;0.9;True;False;523;[0.012818377191650304, 0.9869605462080131]
(74, 2);7;106;0;stop;0.1;False;True;694;[0.5330657758869205, 0.45595532055238314]
(74, 2);8;163;0;stop;0.9;True;False;645;[0.010650473004193261, 0.9891580196829515]
(74, 2);9;120;0;stop;0.9;True;False;628;[0.010010423681282308, 0.989675464378987]
(74, 3);0;186;0;stop;1.0;True;False;452;[0.013219551278541297, 0.9865330589729973]
(74, 3);1;126;0;stop;1.0;True;False;656;[0.010984804287124162, 0.9888203506478161]
(74, 3);2;161;0;stop;1.0;True;False;633;[0.04082968455144537, 0.9587777190470227]
(74, 3);3;198;0;stop;1.0;True;False;662;[0.0027140114274578886, 0.9969274327873718]
(74, 3);4;199;0;stop;1.0;True;False;464;[0.027581914109433843, 0.9722960907731798]
(74, 3);5;98;0;stop;1.0;True;False;621;[0.008575665045289392, 0.9912120790641643]
(74, 3);6;113;0;stop;1.0;True;False;474;[0.01689704584926087, 0.9820466371595494]
(74, 3);7;123;0;stop;1.0;True;False;467;[0.005554164546080054, 0.9943090952593642]
(74, 3);8;66;0;stop;1.0;True;False;399;[0.06368666196893, 0.9358686379970094]
(74, 3);9;102;0;stop;1.0;True;False;648;[0.047419735151566514, 0.95245074192621]
(75, 0);0;65;0;stop;1.0;True;True;424;[0.9988904402761992, 0.00021635065216406114]
(75, 0);1;216;0;stop;1.0;True;True;783;[0.9996838377450251, 0.00019714587522503047]
(75, 0);2;158;0;stop;1.0;True;True;653;[0.9998158555572949, 0.00015355771637840334]
(75, 0);3;122;0;stop;1.0;True;True;576;[0.9984617090997043, 0.00041684766811586415]
(75, 0);4;129;0;stop;1.0;True;True;394;[0.9982409479990542, 0.00032456962538431235]
(75, 0);5;53;0;stop;1.0;True;True;599;[0.9987659205700761, 0.0001582657448700187]
(75, 0);6;142;0;stop;1.0;True;True;548;[0.9995015960596934, 8.346161172275453e-05]
(75, 0);7;173;0;stop;1.0;True;True;567;[0.9993003736912093, 0.0005526973482494868]
(75, 0);8;163;0;stop;1.0;True;True;348;[0.9973469024452554, 0.001547048340765944]
(75, 0);9;127;0;stop;1.0;True;True;701;[0.9981025765180775, 0.00027758072517109584]
(75, 1);0;138;0;stop;1.0;True;False;566;[0.1729896082651729, 0.8252872150952847]
(75, 1);1;176;0;stop;1.0;True;False;587;[0.05177187791592676, 0.9468086301864993]
(75, 1);2;138;0;stop;1.0;True;False;466;[0.029308019025111792, 0.9705482851838075]
(75, 1);3;197;0;stop;1.0;True;False;759;[0.042051350634775185, 0.9570842505494218]
(75, 1);4;113;0;stop;1.0;True;False;454;[0.025939607927933598, 0.9733765755423613]
(75, 1);5;271;0;stop;1.0;True;False;576;[0.0031721007128568913, 0.9966442327539535]
(75, 1);6;250;0;stop;1.0;True;False;585;[0.2939162655136093, 0.7050684258103167]
(75, 1);7;202;0;stop;1.0;True;False;858;[0.20164095319977537, 0.797505440387949]
(75, 1);8;113;0;stop;1.0;True;False;360;[0.006902483896599554, 0.99290152891741]
(75, 1);9;118;0;stop;1.0;True;False;407;[0.033010071917089004, 0.9646958207509081]
(75, 2);0;136;0;stop;1.0;True;False;584;[0.017982609547271437, 0.9818174463040933]
(75, 2);1;94;0;stop;1.0;True;False;390;[0.01405651319058819, 0.9854375386628071]
(75, 2);2;133;0;stop;1.0;True;False;611;[0.024412631636769728, 0.9751590772758085]
(75, 2);3;93;0;stop;1.0;True;False;362;[0.0031722640752161672, 0.996695862279908]
(75, 2);4;97;0;stop;1.0;True;False;362;[0.012429496082174392, 0.9873970052797179]
(75, 2);5;147;0;stop;1.0;True;False;330;[0.004608858588561872, 0.995236428263782]
(75, 2);6;188;0;stop;1.0;True;False;537;[0.010647746176658198, 0.9889050955621222]
(75, 2);7;170;0;stop;1.0;True;False;722;[0.0518033630987428, 0.947384553958456]
(75, 2);8;159;0;stop;1.0;True;False;503;[0.014496671987371515, 0.9850269843273475]
(75, 2);9;138;0;stop;1.0;True;False;456;[0.004754656120533098, 0.9951311150067265]
(75, 3);0;151;0;stop;0.9;True;False;319;[0.011684345446358779, 0.988066673682637]
(75, 3);1;103;0;stop;0.9;True;False;452;[0.043319029693023633, 0.9556025596921937]
(75, 3);2;75;0;stop;0.9;True;False;507;[0.0016482258988923528, 0.9981959284695272]
(75, 3);3;119;0;stop;0.9;True;False;343;[0.003822724039085797, 0.9957171125329835]
(75, 3);4;280;0;stop;0.9;True;False;767;[0.021585573610401403, 0.9770376687935606]
(75, 3);5;144;0;stop;0.9;True;False;543;[0.013612156430125423, 0.9845781723330854]
(75, 3);6;153;0;stop;0.1;False;True;406;[0.9647110189323377, 0.03513959996128205]
(75, 3);7;183;0;stop;0.9;True;False;556;[0.006287276954443301, 0.9932953866668427]
(75, 3);8;166;0;stop;0.9;True;False;569;[0.017973119774609483, 0.9812992289315212]
(75, 3);9;122;0;stop;0.9;True;False;296;[0.016396666249600168, 0.9832154035005617]
(76, 0);0;57;1;stop;1.0;True;False;562;[0.005908752950386418, 0.9936996805495714]
(76, 0);1;66;1;stop;1.0;True;False;490;[0.006690850555402438, 0.9930104848791491]
(76, 0);2;69;1;stop;1.0;True;False;288;[0.0066917630852274795, 0.9931455667158758]
(76, 0);3;73;1;stop;1.0;True;False;359;[0.004069353935126591, 0.9957380324764981]
(76, 0);4;69;1;stop;1.0;True;False;472;[0.005909989968047094, 0.9939076029764589]
(76, 0);5;69;1;stop;1.0;True;False;442;[0.008575272491482313, 0.9911665204723228]
(76, 0);6;50;1;stop;1.0;True;False;315;[0.008059096335137671, 0.9915817411205687]
(76, 0);7;65;1;stop;1.0;True;False;258;[0.0014548552977952302, 0.9984025289389394]
(76, 0);8;54;1;stop;1.0;True;False;382;[0.002472349502816396, 0.9974171052041291]
(76, 0);9;49;1;stop;1.0;True;False;296;[0.002550428943021769, 0.9972601110694406]
(76, 1);0;65;1;stop;1.0;True;True;414;[0.9997886865966393, 0.00012730029746259758]
(76, 1);1;48;1;stop;1.0;True;True;345;[0.9997201749202334, 0.00013550128604606244]
(76, 1);2;55;1;stop;1.0;True;True;329;[0.9998361140890487, 7.966628926413054e-05]
(76, 1);3;70;1;stop;1.0;True;True;422;[0.999799768495098, 8.219219008014448e-05]
(76, 1);4;81;1;stop;1.0;True;True;368;[0.9998129956035993, 0.00012338673846139413]
(76, 1);5;76;1;stop;1.0;True;True;284;[0.9997689066110691, 0.0001088836377890951]
(76, 1);6;58;1;stop;1.0;True;True;298;[0.9995906837022065, 0.00017670407339841213]
(76, 1);7;190;1;stop;1.0;True;True;704;[0.933760360400713, 0.007129349179380678]
(76, 1);8;52;1;stop;1.0;True;True;319;[0.9997339956414152, 9.312982457085178e-05]
(76, 1);9;53;1;stop;1.0;True;True;359;[0.9997009933365097, 0.00012929364098210309]
(76, 2);0;124;1;stop;1.0;True;False;588;[0.010981279703689353, 0.9885035289298768]
(76, 2);1;49;1;stop;1.0;True;False;469;[0.008844528188061513, 0.9908357879923346]
(76, 2);2;104;1;stop;1.0;True;False;556;[0.006901470231909551, 0.9927554694416333]
(76, 2);3;54;1;stop;1.0;True;False;455;[0.008575599618406978, 0.9912045832104415]
(76, 2);4;106;1;stop;1.0;True;False;447;[0.029295779348009605, 0.9701429717844304]
(76, 2);5;149;1;stop;1.0;True;False;491;[0.012815639183319884, 0.986749368209318]
(76, 2);6;115;1;stop;1.0;True;False;454;[0.0655710456659947, 0.933913901352902]
(76, 2);7;25;1;stop;1.0;True;False;270;[0.0029807356801073823, 0.9969198503071446]
(76, 2);8;57;1;stop;1.0;True;False;423;[0.009123064770379646, 0.9905949890364525]
(76, 2);9;56;1;stop;1.0;True;False;463;[0.002714384165802177, 0.9970640565996444]
(76, 3);0;45;1;stop;1.0;True;False;477;[0.00572900275689887, 0.9940540018417824]
(76, 3);1;43;1;stop;1.0;True;False;409;[0.00382324540025949, 0.9958528134373666]
(76, 3);2;46;1;stop;1.0;True;False;388;[0.002396358720594241, 0.997448177963998]
(76, 3);3;49;1;stop;1.0;True;False;364;[0.0075761001026968386, 0.9922735317054683]
(76, 3);4;65;1;stop;1.0;True;False;317;[0.007343571757363316, 0.9923492436769871]
(76, 3);5;61;1;stop;1.0;True;False;343;[0.0050592516920133605, 0.9947270715784029]
(76, 3);6;49;1;stop;1.0;True;False;599;[0.005059876552350608, 0.9948498782820228]
(76, 3);7;56;1;stop;1.0;True;False;481;[0.002714249559939712, 0.9970145215927586]
(76, 3);8;137;1;stop;1.0;True;False;487;[0.025124344581098777, 0.972711212375894]
(76, 3);9;111;1;stop;1.0;True;False;346;[0.02757719949118546, 0.9721298929227448]
(77, 0);0;144;2;stop;1.0;True;False;886;[0.06005912100461175, 0.939482787660129]
(77, 0);1;80;2;stop;1.0;True;False;429;[0.013221978377027436, 0.9867143161029269]
(77, 0);2;98;2;stop;1.0;True;False;594;[0.024416921666854836, 0.9753305073146584]
(77, 0);3;136;2;stop;1.0;True;False;602;[0.018541375507694823, 0.9811789406692915]
(77, 0);4;120;2;stop;1.0;True;False;603;[0.014948888581556352, 0.9845028332072708]
(77, 0);5;114;2;stop;1.0;True;False;705;[0.01242675818110113, 0.9871795988332794]
(77, 0);6;83;2;stop;1.0;True;False;778;[0.011328712266196177, 0.9884030129383278]
(77, 0);7;95;2;stop;1.0;True;False;411;[0.012819440772240351, 0.9870424180872629]
(77, 0);8;66;2;stop;1.0;True;False;324;[0.014498158262209534, 0.9851282019926869]
(77, 0);9;117;2;stop;1.0;True;False;427;[0.014499160719649599, 0.9851960018464576]
(77, 1);0;222;2;stop;1.0;True;False;718;[0.004904930184733726, 0.9949980890317417]
(77, 1);1;45;2;stop;1.0;True;False;401;[0.006289123998179548, 0.9935871603911057]
(77, 1);2;120;2;stop;1.0;True;False;424;[0.038449301665894144, 0.9611117097108367]
(77, 1);3;104;2;stop;1.0;True;False;573;[0.010325303072232329, 0.9893989365077066]
(77, 1);4;137;2;stop;1.0;True;False;396;[0.00805907327791109, 0.9915789272735054]
(77, 1);5;84;2;stop;1.0;True;False;379;[0.0055541618976486466, 0.9943085058462134]
(77, 1);6;72;2;stop;1.0;True;False;372;[0.00912477456557762, 0.9907807849104063]
(77, 1);7;149;2;stop;1.0;True;False;382;[0.035129506001461454, 0.96443407154105]
(77, 1);8;81;2;stop;1.0;True;False;450;[0.004467599984960003, 0.9953571166214161]
(77, 1);9;136;2;stop;1.0;True;False;682;[0.010649299925765507, 0.9890490917231517]
(77, 2);0;79;2;stop;1.0;True;True;375;[0.999554594142374, 0.00030530619530744614]
(77, 2);1;109;2;stop;1.0;True;True;622;[0.9992385944028456, 0.00040433714570788185]
(77, 2);2;308;2;stop;1.0;True;True;361;[0.9998351607315255, 0.0001584351834265206]
(77, 2);3;135;2;stop;1.0;True;True;507;[0.9994667037907027, 0.00012334403136693783]
(77, 2);4;74;2;stop;1.0;True;True;510;[0.999488019931207, 0.00020656671491164178]
(77, 2);5;75;2;stop;1.0;True;True;536;[0.999726608666416, 0.00014424119352464575]
(77, 2);6;115;2;stop;1.0;True;True;593;[0.998511387845261, 0.00022313364986446452]
(77, 2);7;177;2;stop;1.0;True;True;349;[0.998812656474314, 0.00023028606103978847]
(77, 2);8;261;2;stop;1.0;True;True;553;[0.9973071804295607, 0.002181600463160834]
(77, 2);9;151;2;stop;1.0;True;True;557;[0.9990644870250126, 0.0003567640099424007]
(77, 3);0;69;2;stop;1.0;True;False;456;[0.009706391771389138, 0.9900789197245999]
(77, 3);1;81;2;stop;1.0;True;False;397;[0.023679643940250857, 0.9759054443711892]
(77, 3);2;118;2;stop;1.0;True;False;634;[0.0244120612417886, 0.975136291113578]
(77, 3);3;132;2;stop;1.0;True;False;603;[0.034089647610417786, 0.9655942757719107]
(77, 3);4;76;2;stop;1.0;True;False;471;[0.010650848822878563, 0.9891931291193816]
(77, 3);5;106;2;stop;1.0;True;False;397;[0.053279746997203885, 0.9444062216734124]
(77, 3);6;286;2;stop;1.0;True;False;436;[0.24542559977088108, 0.7327054765225182]
(77, 3);7;78;2;stop;1.0;True;False;453;[0.0035928176918093974, 0.9961886788252526]
(77, 3);8;86;2;stop;1.0;True;False;496;[0.01743360685894221, 0.982057444158637]
(77, 3);9;166;2;stop;1.0;True;False;548;[0.06946664966069382, 0.9294534144740197]
(78, 0);0;51;1;stop;1.0;True;False;512;[0.010647568474705077, 0.988888658796624]
(78, 0);1;70;1;stop;1.0;True;False;346;[0.01321906591231046, 0.98649686244136]
(78, 0);2;82;1;stop;1.0;True;False;381;[0.006096238415945761, 0.9936866145998334]
(78, 0);3;107;1;stop;1.0;True;False;600;[0.0028890570140091437, 0.9969298024548351]
(78, 0);4;24;1;stop;1.0;True;False;341;[0.0007553191160020692, 0.9991299337989956]
(78, 0);5;57;1;stop;1.0;True;False;217;[0.003482097324733031, 0.9961369832631194]
(78, 0);6;66;1;stop;1.0;True;False;476;[0.009122734159933062, 0.9905589617427643]
(78, 0);7;78;1;stop;1.0;True;False;339;[0.004753203069515963, 0.9948268719772113]
(78, 0);8;51;1;stop;1.0;True;False;345;[0.0028891920229177767, 0.9969760110516385]
(78, 0);9;66;1;stop;1.0;True;False;465;[0.0055539844556211715, 0.9942765678618426]
(78, 1);0;69;1;stop;1.0;True;True;573;[0.9992019351866244, 0.00023768881842602411]
(78, 1);1;61;1;stop;1.0;True;True;313;[0.9992828747285062, 0.00029583249381776684]
(78, 1);2;52;1;stop;1.0;True;True;384;[0.9995443513877017, 0.0001442149221251779]
(78, 1);3;78;1;stop;1.0;True;True;422;[0.9989776345081537, 0.0002303240580712032]
(78, 1);4;212;1;stop;1.0;True;True;533;[0.9996770471689814, 0.00011058807500800316]
(78, 1);5;97;1;stop;1.0;True;True;548;[0.9994774212612683, 0.00017394478903023352]
(78, 1);6;59;1;stop;1.0;True;True;442;[0.9994238360466302, 0.00018515337555921344]
(78, 1);7;63;1;stop;1.0;True;True;630;[0.9990726971866495, 0.00037977639026793366]
(78, 1);8;80;1;stop;1.0;True;True;322;[0.999371208989567, 0.00020334034121872104]
(78, 1);9;105;1;stop;1.0;True;True;281;[0.9993251351396908, 0.00025304955941203534]
(78, 2);0;113;1;stop;1.0;True;False;950;[0.020323236920205642, 0.9792282779156295]
(78, 2);1;207;1;stop;1.0;True;False;606;[0.010984547629942448, 0.9887975049587208]
(78, 2);2;102;1;stop;1.0;True;False;419;[0.014948553560589675, 0.98448099497029]
(78, 2);3;178;1;stop;1.0;True;False;734;[0.012052947248721437, 0.9878778225576386]
(78, 2);4;160;1;stop;1.0;True;False;554;[0.03514094045620867, 0.9647478527848184]
(78, 2);5;86;1;stop;1.0;True;False;445;[0.002980715781616366, 0.996912978610944]
(78, 2);6;161;1;stop;1.0;True;False;603;[0.007576750392491631, 0.9923585180397545]
(78, 2);7;66;1;stop;1.0;True;False;416;[0.008575955383102364, 0.991245577545536]
(78, 2);8;77;1;stop;1.0;True;False;310;[0.0059096405336279915, 0.9938484905014463]
(78, 2);9;72;1;stop;1.0;True;False;595;[0.0014101142776793837, 0.9984169074268875]
(78, 3);0;70;1;stop;1.0;True;False;444;[0.006095564049431297, 0.9935769219070973]
(78, 3);1;80;1;stop;1.0;True;False;357;[0.005729431665772314, 0.9941283368190139]
(78, 3);2;109;1;stop;1.0;True;False;443;[0.020955506591089423, 0.9786278410564795]
(78, 3);3;79;1;stop;1.0;True;False;237;[0.006096372135410383, 0.9937082734358873]
(78, 3);4;55;1;stop;1.0;True;False;211;[0.013633163812566896, 0.9860975961841069]
(78, 3);5;33;1;stop;1.0;True;False;424;[0.005219199986776063, 0.9946032337819588]
(78, 3);6;43;1;stop;1.0;True;False;458;[0.0035927234676511703, 0.9961625347569799]
(78, 3);7;71;1;stop;1.0;True;False;536;[0.0163951807943413, 0.983126215608903]
(78, 3);8;75;1;stop;1.0;True;False;370;[0.012428927118020435, 0.9873521443387103]
(78, 3);9;187;1;stop;1.0;True;False;363;[0.04082346464437196, 0.958631885878384]
(79, 0);0;71;0;stop;1.0;True;True;511;[0.9997766516938639, 0.00012338226705340435]
(79, 0);1;135;0;stop;1.0;True;True;551;[0.999642023498811, 0.00010886982800758564]
(79, 0);2;118;0;stop;1.0;True;True;491;[0.9998102548156492, 8.219305231505465e-05]
(79, 0);3;81;0;stop;1.0;True;True;310;[0.9996610836765958, 6.813029696544411e-05]
(79, 0);4;78;0;stop;1.0;True;True;393;[0.9998379016459485, 6.013538477911199e-05]
(79, 0);5;159;0;stop;1.0;True;True;518;[0.9995535222317562, 0.00017948008207198943]
(79, 0);6;110;0;stop;1.0;True;True;585;[0.9999014236368502, 6.605001971865911e-05]
(79, 0);7;63;0;stop;1.0;True;True;364;[0.9995632887422857, 0.0002779868401908947]
(79, 0);8;77;0;stop;1.0;True;True;623;[0.9996688270949156, 0.0001313255865166798]
(79, 0);9;79;0;stop;1.0;True;True;457;[0.9996953938783856, 0.0001442367916999204]
(79, 1);0;211;0;stop;1.0;True;False;498;[0.14799032028520517, 0.8516254677557697]
(79, 1);1;110;0;stop;1.0;True;False;400;[0.01406154109044619, 0.9857899307237983]
(79, 1);2;106;0;stop;1.0;True;False;706;[0.01743876167564934, 0.9823479441924015]
(79, 1);3;204;0;stop;1.0;True;False;465;[0.04467141067925107, 0.9551168604700079]
(79, 1);4;123;0;stop;1.0;True;False;427;[0.008576233462335865, 0.9912780237877]
(79, 1);5;147;0;stop;1.0;True;False;483;[0.025954492066179426, 0.9739350769226741]
(79, 1);6;89;0;stop;1.0;True;False;400;[0.004608862983914032, 0.9952373727612197]
(79, 1);7;74;0;stop;1.0;True;False;424;[0.006097002982005698, 0.993811166180234]
(79, 1);8;61;0;stop;1.0;True;False;437;[0.009124082777782505, 0.9907054288080859]
(79, 1);9;64;0;stop;1.0;True;False;479;[0.010010648030869373, 0.9896976501175878]
(79, 2);0;61;0;stop;1.0;True;False;539;[0.01691128075003252, 0.9828740639696861]
(79, 2);1;26;0;stop;1.0;True;False;305;[0.005910057602901816, 0.9939187904282529]
(79, 2);2;95;0;stop;1.0;True;False;597;[0.006289396902909825, 0.9936304704981934]
(79, 2);3;245;0;stop;1.0;True;False;700;[0.3244701566743829, 0.47210126412162084]
(79, 2);4;89;0;stop;1.0;True;False;646;[0.015419615457078272, 0.9842603677458049]
(79, 2);5;126;0;stop;1.0;True;False;715;[0.012048287095139512, 0.9874961534879687]
(79, 2);6;46;0;stop;1.0;True;False;402;[0.0022515453476867346, 0.997614366545479]
(79, 2);7;142;0;stop;1.0;True;False;512;[0.04739794268258414, 0.9520131845785824]
(79, 2);8;138;0;stop;1.0;True;False;511;[0.010982526009573272, 0.9886155990637098]
(79, 2);9;55;0;stop;1.0;True;False;444;[0.006096706446904403, 0.9937627782199981]
(79, 3);0;79;0;stop;1.0;True;False;366;[0.016399465525748738, 0.9833828774461204]
(79, 3);1;66;0;stop;1.0;True;False;375;[0.0018100424798543433, 0.9980968761516836]
(79, 3);2;159;0;stop;1.0;True;False;391;[0.004198497063234665, 0.9957303498476554]
(79, 3);3;96;0;stop;1.0;True;False;451;[0.06006818574873026, 0.9396244336094509]
(79, 3);4;51;0;stop;1.0;True;False;376;[0.01590207105094562, 0.9838261005536381]
(79, 3);5;55;0;stop;1.0;True;False;545;[0.006096689004112295, 0.9937599526306611]
(79, 3);6;252;0;stop;1.0;True;False;325;[0.008576953238693898, 0.9913610819961174]
(79, 3);7;123;0;stop;1.0;True;False;424;[0.07156889433308566, 0.9281196471942167]
(79, 3);8;88;0;stop;1.0;True;False;442;[0.014955176963471909, 0.9849171133560891]
(79, 3);9;113;0;stop;1.0;True;False;499;[0.02368378257583234, 0.9760760020366751]
(80, 0);0;195;3;stop;0.9;True;False;531;[0.0035932511547667745, 0.9963087700427008]
(80, 0);1;41;3;stop;0.9;True;False;441;[0.008843608842713815, 0.9907328083871116]
(80, 0);2;30;3;stop;0.9;True;False;425;[0.0019265091749576199, 0.9979564076541447]
(80, 0);3;109;3;stop;0.9;True;False;691;[0.012051941514389567, 0.9877953468897299]
(80, 0);4;98;3;stop;0.9;True;False;550;[0.050318318579978545, 0.9494369764947529]
(80, 0);5;35;3;stop;0.9;True;False;273;[0.002714381577164948, 0.9970629898844465]
(80, 0);6;217;3;stop;0.1;False;True;493;[0.550909040072489, 0.19643266758488034]
(80, 0);7;107;3;stop;0.9;True;False;484;[0.003376504912462089, 0.9965917796179685]
(80, 0);8;71;3;stop;0.9;True;False;480;[0.004198084671611171, 0.9956324955260881]
(80, 0);9;73;3;stop;0.9;True;False;454;[0.006096465159376558, 0.993723812080266]
(80, 1);0;124;3;stop;1.0;True;False;872;[0.0024724473541259512, 0.9974562428735826]
(80, 1);1;166;3;stop;1.0;True;False;587;[0.009705915061164189, 0.9900303105542911]
(80, 1);2;166;3;stop;1.0;True;False;510;[0.007576934651414495, 0.9923828189448579]
(80, 1);3;76;3;stop;1.0;True;False;445;[0.008846008619237906, 0.991001652667968]
(80, 1);4;125;3;stop;1.0;True;False;635;[0.014499623947534974, 0.9852274747266945]
(80, 1);5;113;3;stop;1.0;True;False;542;[0.010985008569575168, 0.9888387671917904]
(80, 1);6;78;3;stop;1.0;True;False;559;[0.0013249653120372105, 0.9986321588714422]
(80, 1);7;187;3;stop;1.0;True;False;797;[0.006096267485145087, 0.9936913228011117]
(80, 1);8;73;3;stop;1.0;True;False;895;[0.003376326202417806, 0.9965388584641813]
(80, 1);9;58;3;stop;1.0;True;False;483;[0.008574176707204638, 0.9910401714867519]
(80, 2);0;101;3;stop;1.0;True;False;369;[0.006288911080734719, 0.9935535036627466]
(80, 2);1;100;3;stop;1.0;True;False;413;[0.006691629069555158, 0.9931259309199073]
(80, 2);2;155;3;stop;1.0;True;False;580;[0.014060884009400258, 0.9857441733410334]
(80, 2);3;67;3;stop;1.0;True;False;547;[0.014502424371522531, 0.9854180905977766]
(80, 2);4;93;3;stop;1.0;True;False;557;[0.0034833229106897693, 0.9964877184977349]
(80, 2);5;71;3;stop;1.0;True;False;569;[0.011686641142246235, 0.9882603699318504]
(80, 2);6;67;3;stop;1.0;True;False;503;[0.013633202817417232, 0.9861002622301968]
(80, 2);7;112;3;stop;1.0;True;False;773;[0.008575849061072406, 0.9912335127182883]
(80, 2);8;83;3;stop;1.0;True;False;429;[0.006487787661133619, 0.9934377229537225]
(80, 2);9;122;3;stop;1.0;True;False;445;[0.013630791227374107, 0.9859258355385017]
(80, 3);0;238;3;stop;1.0;True;True;743;[0.9995144580165838, 0.00019104808260207793]
(80, 3);1;36;3;stop;1.0;True;True;506;[0.9997608041913689, 9.913882947267113e-05]
(80, 3);2;83;3;stop;1.0;True;True;370;[0.9997288723861463, 0.00015841841270644978]
(80, 3);3;67;3;stop;1.0;True;True;634;[0.9996703757799583, 8.218153046846003e-05]
(80, 3);4;312;3;stop;1.0;True;True;386;[0.9996746645124647, 0.0002780178596638826]
(80, 3);5;123;3;stop;1.0;True;True;333;[0.9995794873330658, 0.0001712655006157625]
(80, 3);6;49;3;stop;1.0;True;True;480;[0.9995378008820346, 0.00020983007278043225]
(80, 3);7;93;3;stop;1.0;True;True;521;[0.9996738306102103, 0.0001354949542132862]
(80, 3);8;58;3;stop;1.0;True;True;427;[0.9996451207300605, 0.00020985268637817767]
(80, 3);9;46;3;stop;1.0;True;True;593;[0.9995892543591239, 0.00017396419885438563]
(81, 0);0;261;0;stop;1.0;True;True;570;[0.9992233590970523, 0.0005031980298990333]
(81, 0);1;146;0;stop;1.0;True;True;327;[0.9995257720246454, 0.00011955620336233467]
(81, 0);2;62;0;stop;1.0;True;True;370;[0.9993671609900101, 0.00013975310334852695]
(81, 0);3;75;0;stop;1.0;True;True;321;[0.9997515103891096, 0.00015842188757470263]
(81, 0);4;57;0;stop;1.0;True;True;421;[0.9996046199625587, 8.478467296486585e-05]
(81, 0);5;156;0;stop;1.0;True;True;398;[0.9997398338177577, 9.913674947907183e-05]
(81, 0);6;153;0;stop;1.0;True;True;405;[0.9991382640121222, 0.00016335053878393754]
(81, 0);7;74;0;stop;1.0;True;True;460;[0.9997026612452213, 0.00016863101952243372]
(81, 0);8;73;0;stop;1.0;True;True;648;[0.9998182388704149, 7.966484573902366e-05]
(81, 0);9;53;0;stop;1.0;True;True;360;[0.9998681719033375, 8.749913878942933e-05]
(81, 1);0;64;0;stop;1.0;True;False;334;[0.0035932151736378683, 0.9962990671980838]
(81, 1);1;97;0;stop;1.0;True;False;433;[0.009124665790436644, 0.9907687312766784]
(81, 1);2;58;0;stop;1.0;True;False;477;[0.002251605471236636, 0.9976409428981888]
(81, 1);3;72;0;stop;1.0;True;False;509;[0.016911264622186103, 0.9828731412743331]
(81, 1);4;242;0;stop;1.0;True;False;601;[0.14717724530655796, 0.8469465192063224]
(81, 1);5;68;0;stop;1.0;True;False;376;[0.0023228453818728784, 0.9975408144387353]
(81, 1);6;81;0;stop;1.0;True;False;417;[0.008061287072500959, 0.9918511640144001]
(81, 1);7;90;0;stop;1.0;True;False;775;[0.007575377623939211, 0.9921788192418521]
(81, 1);8;162;0;stop;1.0;True;False;412;[0.025946591150705012, 0.9736385682561133]
(81, 1);9;40;0;stop;1.0;True;False;551;[0.008059784239405243, 0.9916663745117807]
(81, 2);0;75;0;stop;1.0;True;False;352;[0.0032728564226002068, 0.9966634155274989]
(81, 2);1;75;0;stop;1.0;True;False;709;[0.0037069631855741686, 0.9962150608638722]
(81, 2);2;172;0;stop;1.0;True;False;444;[0.00609723266126016, 0.9938486085146291]
(81, 2);3;83;0;stop;1.0;True;False;830;[0.0033762424856505517, 0.996514234906189]
(81, 2);4;87;0;stop;1.0;True;False;529;[0.006691862003278659, 0.993160382034988]
(81, 2);5;66;0;stop;1.0;True;False;763;[0.0029805338587148007, 0.9968520866125473]
(81, 2);6;84;0;stop;1.0;True;False;1144;[0.006288815120299227, 0.9935383234610257]
(81, 2);7;73;0;stop;1.0;True;False;615;[0.0034830853989624615, 0.9964196584525759]
(81, 2);8;72;0;stop;1.0;True;False;552;[0.005552938457396515, 0.9940894595741676]
(81, 2);9;169;0;stop;1.0;True;False;610;[0.005910883374162232, 0.9940578892203142]
(81, 3);0;62;0;stop;1.0;True;False;286;[0.008315054320599362, 0.9915980333319729]
(81, 3);1;71;0;stop;1.0;True;False;768;[0.005910105511392222, 0.9939269163590618]
(81, 3);2;75;0;stop;1.0;True;False;440;[0.008314471496775874, 0.9915281787376138]
(81, 3);3;87;0;stop;1.0;True;False;586;[0.02161219691254244, 0.9782426749820881]
(81, 3);4;101;0;stop;1.0;True;False;541;[0.017981640623638735, 0.9817643583284734]
(81, 3);5;71;0;stop;1.0;True;False;466;[0.014952481618806026, 0.9847396374479734]
(81, 3);6;68;0;stop;1.0;True;False;502;[0.0035929341905486297, 0.9962208579919396]
(81, 3);7;58;0;stop;1.0;True;False;394;[0.003074591931491338, 0.9966726520070839]
(81, 3);8;52;0;stop;1.0;True;False;318;[0.0033762762940951407, 0.9965240604973887]
(81, 3);9;81;0;stop;1.0;True;False;403;[0.0025505019124229633, 0.9972888028392076]
(82, 0);0;92;3;stop;1.0;True;False;711;[0.0075754607054901845, 0.9921894984126427]
(82, 0);1;44;3;stop;1.0;True;False;273;[0.007812343435215505, 0.9917342548948224]
(82, 0);2;186;3;stop;1.0;True;False;334;[0.07581304226621072, 0.9235919570758541]
(82, 0);3;41;3;stop;1.0;True;False;588;[0.005909936424336039, 0.9938985358270765]
(82, 0);4;41;3;stop;1.0;True;False;480;[0.010010089552920065, 0.9896424226526895]
(82, 0);5;40;3;stop;1.0;True;False;575;[0.00912283421183024, 0.9905701908406284]
(82, 0);6;39;3;stop;1.0;True;False;272;[0.015901570600728172, 0.9837952927280307]
(82, 0);7;36;3;stop;1.0;True;False;476;[0.01589937942084667, 0.9836598593219983]
(82, 0);8;63;3;stop;1.0;True;False;391;[0.028423913494809914, 0.9711499747941258]
(82, 0);9;58;3;stop;1.0;True;False;495;[0.014949594288582738, 0.9845493985525597]
(82, 1);0;42;3;stop;1.0;True;False;700;[0.005384382201295784, 0.994512557198917]
(82, 1);1;131;3;stop;1.0;True;False;665;[0.0075749116616920225, 0.99211768304002]
(82, 1);2;41;3;stop;1.0;True;False;633;[0.010324692577747463, 0.9893401258157266]
(82, 1);3;51;3;stop;1.0;True;False;678;[0.01000780345951547, 0.9894164414399416]
(82, 1);4;73;3;stop;1.0;True;False;647;[0.00857560779673998, 0.9912052857135369]
(82, 1);5;32;3;stop;1.0;True;False;507;[0.00884376065462394, 0.9907500084348148]
(82, 1);6;54;3;stop;1.0;True;False;467;[0.011328280118361747, 0.988365164558332]
(82, 1);7;51;3;stop;1.0;True;False;422;[0.011326859548530714, 0.9882411597553423]
(82, 1);8;39;3;stop;1.0;True;False;689;[0.009410543690520294, 0.990372197485816]
(82, 1);9;209;3;stop;1.0;True;False;772;[0.04334972523394313, 0.9562795999063312]
(82, 2);0;49;3;stop;1.0;True;False;729;[0.02095752514587332, 0.978722038837878]
(82, 2);1;49;3;stop;1.0;True;False;739;[0.011681275936540721, 0.9878067461316088]
(82, 2);2;57;3;stop;1.0;True;False;536;[0.012045391927271649, 0.9872586027064169]
(82, 2);3;43;3;stop;1.0;True;False;527;[0.0044677171539688814, 0.9953828643392251]
(82, 2);4;42;3;stop;1.0;True;False;825;[0.011682640682530799, 0.9879224985262143]
(82, 2);5;71;3;stop;1.0;True;False;425;[0.004068781551731238, 0.995598108867533]
(82, 2);6;91;3;stop;1.0;True;False;947;[0.005217679607378928, 0.9943138096511214]
(82, 2);7;42;3;stop;1.0;True;False;563;[0.007573745075742002, 0.9919646982679676]
(82, 2);8;54;3;stop;1.0;True;False;540;[0.010011569348912027, 0.9897883845489617]
(82, 2);9;85;3;stop;1.0;True;False;949;[0.006287906567494096, 0.9933950175207277]
(82, 3);0;42;3;stop;1.0;True;True;408;[0.9994025226129557, 0.00018514931435531992]
(82, 3);1;47;3;stop;1.0;True;True;472;[0.9993881157369021, 0.0003052552460906051]
(82, 3);2;44;3;stop;1.0;True;True;473;[0.9956990296875992, 0.0002090241822995611]
(82, 3);3;36;3;stop;1.0;True;True;358;[0.9993506121672436, 0.0001534862683089153]
(82, 3);4;172;3;stop;1.0;True;True;585;[0.9993113257130142, 0.0003052319578519406]
(82, 3);5;108;3;stop;1.0;True;True;427;[0.9996293965140844, 0.00017949360465940246]
(82, 3);6;74;3;stop;1.0;True;True;639;[0.9996438103595843, 0.00011957022835960147]
(82, 3);7;81;3;stop;1.0;True;True;675;[0.9993415640607475, 0.0001122918818195573]
(82, 3);8;41;3;stop;1.0;True;True;618;[0.9996104566269775, 0.00011588757095049372]
(82, 3);9;33;3;stop;1.0;True;True;328;[0.9995909219359497, 0.00011588536059157329]
(83, 0);0;93;1;stop;1.0;True;False;276;[0.0031720492857071317, 0.996628366044024]
(83, 0);1;70;1;stop;1.0;True;False;323;[0.006095500104755043, 0.9935660954808636]
(83, 0);2;234;1;stop;1.0;True;False;382;[0.027951655441388237, 0.9550143218906357]
(83, 0);3;60;1;stop;1.0;True;False;503;[0.024413888880931035, 0.9752094121514654]
(83, 0);4;53;1;stop;1.0;True;False;365;[0.00857497399905218, 0.9911320905217371]
(83, 0);5;64;1;stop;1.0;True;False;432;[0.0030746608380084034, 0.9966946780715978]
(83, 0);6;53;1;stop;1.0;True;False;382;[0.010983599621727002, 0.9887119626347787]
(83, 0);7;41;1;stop;1.0;True;False;344;[0.022282665009694617, 0.9775592529593112]
(83, 0);8;49;1;stop;1.0;True;False;464;[0.008575558726858952, 0.9911997810935487]
(83, 0);9;59;1;stop;1.0;True;False;392;[0.005057365516246131, 0.9943563577932618]
(83, 1);0;53;1;stop;1.0;True;True;397;[0.9998542282875063, 6.204529270215237e-05]
(83, 1);1;55;1;stop;1.0;True;True;311;[0.9996361864464225, 0.0001354897855895571]
(83, 1);2;53;1;stop;1.0;True;True;450;[0.9992107426934044, 0.00033519783696887466]
(83, 1);3;53;1;stop;1.0;True;True;417;[0.999663823633758, 8.748119980710166e-05]
(83, 1);4;164;1;stop;1.0;True;True;467;[0.9997299446884795, 0.00011233558299357209]
(83, 1);5;42;1;stop;1.0;True;True;350;[0.9997904739814527, 0.00011958779043179637]
(83, 1);6;52;1;stop;1.0;True;True;470;[0.9997889249066705, 0.00010228876019864635]
(83, 1);7;51;1;stop;1.0;True;True;311;[0.9998721047897782, 6.604806705109397e-05]
(83, 1);8;58;1;stop;1.0;True;True;391;[0.999633804003667, 8.478717956783413e-05]
(83, 1);9;59;1;stop;1.0;True;True;335;[0.9993307304298616, 0.00013128113318921228]
(83, 2);0;81;1;stop;1.0;True;False;406;[0.006901628195835032, 0.9927782628027737]
(83, 2);1;52;1;stop;1.0;True;False;564;[0.013622493678186198, 0.9853257251009098]
(83, 2);2;132;1;stop;1.0;True;False;610;[0.01449622959080206, 0.9849970278086232]
(83, 2);3;94;1;stop;1.0;True;False;510;[0.002799826942438834, 0.99680754759226]
(83, 2);4;90;1;stop;1.0;True;False;325;[0.010325332613203635, 0.98940185382133]
(83, 2);5;70;1;stop;1.0;True;False;373;[0.010011488193140244, 0.9897806773066078]
(83, 2);6;90;1;stop;1.0;True;False;411;[0.01743672450950553, 0.9822329190511359]
(83, 2);7;49;1;stop;1.0;True;False;473;[0.009705697540976747, 0.990008227078565]
(83, 2);8;80;1;stop;1.0;True;False;440;[0.003171882909464182, 0.9965761513453416]
(83, 2);9;99;1;stop;1.0;True;False;439;[0.007574164014725453, 0.9920199509289179]
(83, 3);0;89;1;stop;0.8;True;False;497;[0.00475419590187488, 0.9950346767229858]
(83, 3);1;88;1;stop;0.2;False;True;633;[0.9996208198631803, 0.0001488041475880811]
(83, 3);2;50;1;stop;0.8;True;False;587;[0.005384246126919352, 0.9944872080258873]
(83, 3);3;74;1;stop;0.8;True;False;275;[0.008058723584728558, 0.9915359134390406]
(83, 3);4;96;1;stop;0.8;True;False;535;[0.006093317668276971, 0.9932103575608865]
(83, 3);5;102;1;stop;0.2;False;True;770;[0.9996479797235078, 0.00017397448528017168]
(83, 3);6;64;1;stop;0.8;True;False;461;[0.007119891143141039, 0.9926644246496296]
(83, 3);7;88;1;stop;0.8;True;False;504;[0.010647984809660555, 0.9889271295637296]
(83, 3);8;62;1;stop;0.8;True;False;410;[0.009705456886024186, 0.989983457401436]
(83, 3);9;118;1;stop;0.8;True;False;581;[0.006902388447796133, 0.9928875441398897]
(84, 0);0;145;1;stop;1.0;True;False;543;[0.03019729702703511, 0.9692304362071303]
(84, 0);1;96;1;stop;1.0;True;False;620;[0.010650442532989165, 0.9891552200835501]
(84, 0);2;236;1;stop;1.0;True;False;587;[0.01853958966790837, 0.9810842706855143]
(84, 0);3;128;1;stop;1.0;True;False;562;[0.004467406130256969, 0.995313773893801]
(84, 0);4;99;1;stop;1.0;True;False;642;[0.005554198975803265, 0.9943153417638031]
(84, 0);5;123;1;stop;1.0;True;False;845;[0.009123734728284826, 0.9906676380386378]
(84, 0);6;131;1;stop;1.0;True;False;621;[0.005909389742628, 0.9938065744937639]
(84, 0);7;116;1;stop;1.0;True;False;486;[0.008314293089486762, 0.9915070831448264]
(84, 0);8;132;1;stop;1.0;True;False;502;[0.012421604030421068, 0.9867702614854188]
(84, 0);9;162;1;stop;1.0;True;False;471;[0.008058727427428327, 0.9915363825465596]
(84, 1);0;211;1;stop;1.0;True;True;519;[0.9965289141635872, 0.0015948475989507672]
(84, 1);1;232;1;stop;1.0;True;True;649;[0.9981994919114202, 0.0016482321863871747]
(84, 1);2;184;1;stop;1.0;True;True;674;[0.9985506114645302, 0.0001533633617787785]
(84, 1);3;117;1;stop;1.0;True;True;467;[0.9980795381004456, 0.00020307755502558598]
(84, 1);4;176;1;stop;1.0;True;True;669;[0.9971516432664803, 0.00035608095905872593]
(84, 1);5;117;1;stop;1.0;True;True;474;[0.9980809631932845, 0.00044356300637382514]
(84, 1);6;212;1;stop;1.0;True;True;651;[0.9997838011080321, 6.604220939475746e-05]
(84, 1);7;174;1;stop;1.0;True;True;484;[0.9994706335126875, 0.000119549590519755]
(84, 1);8;49;1;stop;1.0;True;True;340;[0.9996141492566889, 0.00020338979694950343]
(84, 1);9;150;1;stop;1.0;True;True;335;[0.9988157485196595, 0.00020322731701320654]
(84, 2);0;128;1;stop;1.0;True;False;579;[0.012050171625789734, 0.9876505536519254]
(84, 2);1;199;1;stop;1.0;True;False;820;[0.044669387131174784, 0.9550735808733578]
(84, 2);2;83;1;stop;1.0;True;False;495;[0.014953971841920067, 0.9848376749942342]
(84, 2);3;126;1;stop;1.0;True;False;548;[0.00884364257846863, 0.9907367861195753]
(84, 2);4;142;1;stop;1.0;True;False;438;[0.02032308186680451, 0.9792208471519607]
(84, 2);5;147;1;stop;1.0;True;False;598;[0.0222781125754579, 0.9773595939165435]
(84, 2);6;173;1;stop;1.0;True;False;621;[0.014058537542019698, 0.9855794841748984]
(84, 2);7;210;1;stop;1.0;True;False;892;[0.014502182338223368, 0.9854013061552129]
(84, 2);8;338;1;stop;1.0;True;False;626;[0.021610810867433546, 0.97818005075757]
(84, 2);9;250;1;stop;1.0;True;False;573;[0.02228288814006765, 0.9775690509807426]
(84, 3);0;259;1;stop;1.0;True;False;742;[0.010009225644140822, 0.9895567335059525]
(84, 3);1;112;1;stop;1.0;True;False;556;[0.05663943069242765, 0.9431312195107676]
(84, 3);2;134;1;stop;1.0;True;False;786;[0.009122507959688594, 0.9905343987655963]
(84, 3);3;74;1;stop;1.0;True;False;414;[0.026754253687937202, 0.9730578328142535]
(84, 3);4;138;1;stop;1.0;True;False;629;[0.0259446364011329, 0.9735652331463805]
(84, 3);5;112;1;stop;1.0;True;False;543;[0.005384312879957324, 0.9944998232548249]
(84, 3);6;104;1;stop;1.0;True;False;715;[0.025948063496033656, 0.9736939445575679]
(84, 3);7;132;1;stop;1.0;True;False;494;[0.0330709411153264, 0.9664745860688009]
(84, 3);8;68;1;stop;1.0;True;False;591;[0.010009602700128897, 0.9895939722357939]
(84, 3);9;95;1;stop;1.0;True;False;514;[0.014496098256919464, 0.9849882378004513]
(85, 0);0;151;3;stop;1.0;True;False;392;[0.008312295189369791, 0.9912687696780932]
(85, 0);1;56;3;stop;1.0;True;False;530;[0.004198106691499333, 0.9956378128841943]
(85, 0);2;60;3;stop;1.0;True;False;358;[0.006487568017957272, 0.9934041938737102]
(85, 0);3;215;3;stop;1.0;True;False;581;[0.1642530174117419, 0.7836073204044994]
(85, 0);4;175;3;stop;1.0;True;False;507;[0.07536511073846407, 0.9181350611441995]
(85, 0);5;265;3;stop;1.0;True;False;156;[0.08257663000013597, 0.9159636913418979]
(85, 0);6;53;3;stop;1.0;True;False;397;[0.0015485871895353767, 0.9983393160041159]
(85, 0);7;50;3;stop;1.0;True;False;508;[0.00781426960911778, 0.9919785402460287]
(85, 0);8;72;3;stop;1.0;True;False;369;[0.008060310775635396, 0.991731441538587]
(85, 0);9;71;3;stop;1.0;True;False;611;[0.001548565036976384, 0.9983249397957873]
(85, 1);0;76;3;stop;1.0;True;False;689;[0.0016481866025931178, 0.9981719356171255]
(85, 1);1;152;3;stop;1.0;True;False;715;[0.00521729647198495, 0.9942407432575181]
(85, 1);2;173;3;stop;1.0;True;False;413;[0.012736539426292402, 0.9806593341514273]
(85, 1);3;112;3;stop;1.0;True;False;342;[0.0021153963824945506, 0.9977393112478367]
(85, 1);4;186;3;stop;1.0;True;False;585;[0.01449395560901362, 0.9848426471564373]
(85, 1);5;179;3;stop;1.0;True;False;589;[0.06748756050355038, 0.9316370356079527]
(85, 1);6;76;3;stop;1.0;True;False;376;[0.006096148302308728, 0.9936720190862798]
(85, 1);7;131;3;stop;1.0;True;False;595;[0.004609010230633708, 0.995269018114491]
(85, 1);8;72;3;stop;1.0;True;False;528;[0.0049044226798962785, 0.9948953045799257]
(85, 1);9;117;3;stop;1.0;True;False;395;[0.02095312354773412, 0.9785165395270881]
(85, 2);0;80;3;stop;1.0;True;False;403;[0.010011125387146226, 0.9897447082038249]
(85, 2);1;48;3;stop;1.0;True;False;462;[0.0019874138871763636, 0.9978314083508445]
(85, 2);2;82;3;stop;1.0;True;False;609;[0.0033762505352495087, 0.996516720761399]
(85, 2);3;136;3;stop;1.0;True;False;395;[0.01032245768819627, 0.9891261780466474]
(85, 2);4;74;3;stop;1.0;True;False;521;[0.01132707559329181, 0.988259904215029]
(85, 2);5;54;3;stop;1.0;True;False;553;[0.015421806701153019, 0.9844003559440497]
(85, 2);6;74;3;stop;1.0;True;False;411;[0.003074308991132883, 0.9965806502523836]
(85, 2);7;54;3;stop;1.0;True;False;268;[0.005553322408541906, 0.9941583798517425]
(85, 2);8;87;3;stop;1.0;True;False;576;[0.006287426856594057, 0.9933189107644599]
(85, 2);9;51;3;stop;1.0;True;False;386;[0.0050598114088667425, 0.9948372544433228]
(85, 3);0;91;3;stop;1.0;True;True;346;[0.999698967968496, 9.913268416304065e-05]
(85, 3);1;33;3;stop;1.0;True;True;363;[0.9996696610220903, 6.920378700629959e-05]
(85, 3);2;200;3;stop;1.0;True;True;465;[0.9890948053877264, 0.00779155463906491]
(85, 3);3;36;3;stop;1.0;True;True;285;[0.999263352808227, 0.0003513029106319998]
(85, 3);4;49;3;stop;1.0;True;True;312;[0.999860067878919, 8.219712845707889e-05]
(85, 3);5;217;3;stop;1.0;True;True;528;[0.980056570360295, 0.003372773286297634]
(85, 3);6;37;3;stop;1.0;True;True;241;[0.9998954643815368, 7.484397803010713e-05]
(85, 3);7;70;3;stop;1.0;True;True;514;[0.9995605493515878, 6.602747307351355e-05]
(85, 3);8;119;3;stop;1.0;True;True;387;[0.9991426671844037, 0.0002693207920919537]
(85, 3);9;57;3;stop;1.0;True;True;304;[0.9996880074504653, 6.203499780197433e-05]
(86, 0);0;95;1;stop;1.0;True;False;503;[0.017438587052082885, 0.9823380506994437]
(86, 0);1;65;1;stop;1.0;True;False;511;[0.009411149495101741, 0.9904358088867371]
(86, 0);2;89;1;stop;1.0;True;False;580;[0.001410242038494934, 0.9985069903029133]
(86, 0);3;49;1;stop;1.0;True;False;421;[0.008060403019099643, 0.9917425795573759]
(86, 0);4;38;1;stop;1.0;True;False;478;[0.00505952430498738, 0.994780980014024]
(86, 0);5;171;1;stop;1.0;True;False;591;[0.015423733488414781, 0.9845230535837661]
(86, 0);6;82;1;stop;1.0;True;False;554;[0.004904743080064849, 0.9949599700408179]
(86, 0);7;64;1;stop;1.0;True;False;632;[0.005384163970470247, 0.9944718815785615]
(86, 0);8;23;1;stop;1.0;True;False;559;[0.007814686947282563, 0.9920315652253213]
(86, 0);9;49;1;stop;1.0;True;False;658;[0.006096651211567263, 0.9937539483956837]
(86, 1);0;38;1;stop;1.0;True;True;357;[0.9996285626495915, 0.0001488052828779617]
(86, 1);1;53;1;stop;1.0;True;True;376;[0.9999147726207335, 4.006189691445019e-05]
(86, 1);2;49;1;stop;1.0;True;True;434;[0.9996301112431636, 0.0002233836132491575]
(86, 1);3;77;1;stop;1.0;True;True;409;[0.9993926401360812, 0.00011229766482217989]
(86, 1);4;123;1;stop;1.0;True;True;466;[0.9996554846747613, 0.00014423101450882544]
(86, 1);5;271;1;stop;1.0;True;True;594;[0.9957856675822141, 0.0027969566973269555]
(86, 1);6;109;1;stop;1.0;True;True;516;[0.9996852673397341, 0.0001272871866111878]
(86, 1);7;89;1;stop;1.0;True;True;496;[0.9996956321370843, 0.00018520370656419324]
(86, 1);8;72;1;stop;1.0;True;True;666;[0.9993344210082892, 0.00015835587810967557]
(86, 1);9;119;1;stop;1.0;True;True;350;[0.9997647362190342, 9.313266671091628e-05]
(86, 2);0;48;1;stop;1.0;True;False;413;[0.015421931714397902, 0.9844082129023324]
(86, 2);1;70;1;stop;1.0;True;False;599;[0.0034829558539371933, 0.9963826140873793]
(86, 2);2;185;1;stop;1.0;True;False;550;[0.0191194592329132, 0.9806411064763392]
(86, 2);3;93;1;stop;1.0;True;False;558;[0.014955519264225232, 0.9849395483368046]
(86, 2);4;24;1;stop;1.0;True;False;432;[0.0038239856364920624, 0.996045790228404]
(86, 2);5;162;1;stop;1.0;True;False;488;[0.011330046626662198, 0.9885192540908984]
(86, 2);6;107;1;stop;1.0;True;False;464;[0.0018673382235863541, 0.9980109042504111]
(86, 2);7;128;1;stop;1.0;True;False;555;[0.003172376013541696, 0.9967310352773809]
(86, 2);8;50;1;stop;1.0;True;False;551;[0.014502597254923604, 0.9854294357910887]
(86, 2);9;184;1;stop;1.0;True;False;911;[0.06523311338592298, 0.9291008343162406]
(86, 3);0;109;1;stop;1.0;True;False;516;[0.005910900285359407, 0.9940603629304049]
(86, 3);1;135;1;stop;1.0;True;False;470;[0.009412226577319065, 0.9905490196876824]
(86, 3);2;61;1;stop;1.0;True;False;678;[0.004754533693486816, 0.995105380751686]
(86, 3);3;71;1;stop;1.0;True;False;485;[0.02842975568730031, 0.9713494671608404]
(86, 3);4;47;1;stop;1.0;True;False;386;[0.026750522402131268, 0.9729221795310969]
(86, 3);5;137;1;stop;1.0;True;False;869;[0.004609456394937375, 0.9953656204789638]
(86, 3);6;133;1;stop;1.0;True;False;566;[0.02096131795653129, 0.9788992935689748]
(86, 3);7;114;1;stop;1.0;True;False;840;[0.008314729202952011, 0.9915592370318697]
(86, 3);8;63;1;stop;1.0;True;False;952;[0.010325623103923246, 0.9894293945704309]
(86, 3);9;50;1;stop;1.0;True;False;592;[0.004608854193213905, 0.9952356014816771]
(87, 0);0;44;3;stop;1.0;True;False;449;[0.0037064382402626716, 0.9960737023773346]
(87, 0);1;207;3;stop;1.0;True;False;564;[0.04577164560062952, 0.9485313184119286]
(87, 0);2;98;3;stop;1.0;True;False;435;[0.045995631662522754, 0.9531730298246162]
(87, 0);3;129;3;stop;1.0;True;False;422;[0.04599614707742839, 0.9531836433631199]
(87, 0);4;166;3;stop;1.0;True;False;688;[0.04062874348561774, 0.9540593671479004]
(87, 0);5;84;3;stop;1.0;True;False;715;[0.007813621288677807, 0.991896317129746]
(87, 0);6;66;3;stop;1.0;True;False;713;[0.006902171224405009, 0.9928565196000702]
(87, 0);7;89;3;stop;1.0;True;False;637;[0.011684178301651952, 0.9880522421534446]
(87, 0);8;59;3;stop;1.0;True;False;440;[0.007574940557741941, 0.9921212034161423]
(87, 0);9;203;3;stop;1.0;True;False;709;[0.008575652777710916, 0.9912105568104654]
(87, 1);0;157;3;stop;1.0;True;False;527;[0.006288674181064222, 0.9935160835495636]
(87, 1);1;150;3;stop;1.0;True;False;708;[0.07157119792296052, 0.92814932006328]
(87, 1);2;225;3;stop;1.0;True;False;474;[0.024353527040095607, 0.9727981834231688]
(87, 1);3;60;3;stop;1.0;True;False;408;[0.016396267508921952, 0.9831910885503473]
(87, 1);4;91;3;stop;1.0;True;False;717;[0.007344335165000482, 0.9924525595205208]
(87, 1);5;94;3;stop;1.0;True;False;500;[0.020960698267303783, 0.9788703940245475]
(87, 1);6;58;3;stop;1.0;True;False;474;[0.008844911979759736, 0.990878741001331]
(87, 1);7;96;3;stop;1.0;True;False;496;[0.006289028034495219, 0.993571861694819]
(87, 1);8;57;3;stop;1.0;True;False;454;[0.00884342751523651, 0.9907124484783983]
(87, 1);9;95;3;stop;1.0;True;False;462;[0.02842220579526587, 0.9710916284172464]
(87, 2);0;139;3;stop;0.9;True;False;680;[0.03208314339131729, 0.9673697822116107]
(87, 2);1;93;3;stop;0.9;True;False;631;[0.023679384240990108, 0.9758947723280444]
(87, 2);2;256;3;stop;0.1;False;True;1710;[0.7927477776427388, 0.14664358712627887]
(87, 2);3;115;3;stop;0.9;True;False;685;[0.019119308805172954, 0.9806334257106062]
(87, 2);4;147;3;stop;0.9;True;False;671;[0.1799302720465745, 0.8063915216379175]
(87, 2);5;261;3;stop;0.9;True;False;841;[0.03843323522373763, 0.9607099488330135]
(87, 2);6;37;3;stop;0.9;True;False;498;[0.009123943556390188, 0.9906902178477321]
(87, 2);7;126;3;stop;0.9;True;False;575;[0.014950499638296911, 0.9846092595976491]
(87, 2);8;84;3;stop;0.9;True;False;504;[0.012816409189045254, 0.9868086838448219]
(87, 2);9;109;3;stop;0.9;True;False;819;[0.010985034759907735, 0.9888413310582946]
(87, 3);0;69;3;stop;1.0;True;True;638;[0.999675498444509, 0.00013549521264964834]
(87, 3);1;161;3;stop;1.0;True;True;428;[0.9994667037907027, 0.00014878130172033067]
(87, 3);2;74;3;stop;1.0;True;True;583;[0.9997117158507098, 0.0001272905855911479]
(87, 3);3;88;3;stop;1.0;True;True;440;[0.9994634885486726, 0.00012725890576207487]
(87, 3);4;74;3;stop;1.0;True;True;517;[0.9993899016784379, 0.00011055633459680075]
(87, 3);5;64;3;stop;1.0;True;True;467;[0.9992207405686209, 0.0001633640924857694]
(87, 3);6;175;3;stop;1.0;True;True;588;[0.9996982531610897, 0.000105526192989211]
(87, 3);7;85;3;stop;1.0;True;True;589;[0.9994047849007691, 0.00022333334259584558]
(87, 3);8;114;3;stop;1.0;True;True;529;[0.9992385944028456, 0.00016855271881861236]
(87, 3);9;54;3;stop;1.0;True;True;525;[0.9990073767999752, 0.00014871292698368286]
(88, 0);0;229;0;stop;1.0;True;True;675;[0.9996531021278245, 0.00010388540540331384]
(88, 0);1;297;0;stop;1.0;True;True;686;[0.9846779114427285, 0.0022223491563908813]
(88, 0);2;295;0;stop;1.0;True;True;624;[0.9605641867607582, 0.004311434646075686]
(88, 0);3;219;0;stop;1.0;True;True;729;[0.9997324467414286, 9.759903201408237e-05]
(88, 0);4;213;0;stop;1.0;True;True;608;[0.9998042966492776, 6.204221588633488e-05]
(88, 0);5;410;0;stop;1.0;True;True;470;[0.996812759359257, 0.0012818609050459008]
(88, 0);6;97;0;stop;1.0;True;True;670;[0.999371447141917, 0.00023041501283884946]
(88, 0);7;253;0;stop;1.0;True;True;997;[0.9996525064919777, 0.0001584063268017808]
(88, 0);8;210;0;stop;1.0;True;True;562;[0.9996797871989924, 0.00019714512317463374]
(88, 0);9;258;0;stop;1.0;True;True;682;[0.999704805765715, 0.00011233269047868361]
(88, 1);0;97;0;stop;1.0;True;False;461;[0.019714988314877384, 0.9800751194171111]
(88, 1);1;129;0;stop;1.0;True;False;591;[0.009411221296748134, 0.9904436439126697]
(88, 1);2;190;0;stop;1.0;True;False;641;[0.003823351139519038, 0.9958805963591174]
(88, 1);3;130;0;stop;1.0;True;False;466;[0.008843680531346626, 0.9907407647907086]
(88, 1);4;100;0;stop;1.0;True;False;732;[0.02095598623006059, 0.9786502184519766]
(88, 1);5;92;0;stop;1.0;True;False;620;[0.024396270087093483, 0.9745055392972296]
(88, 1);6;196;0;stop;1.0;True;False;467;[0.024419919896522205, 0.9754502729946224]
(88, 1);7;196;0;stop;1.0;True;False;430;[0.003944775643805813, 0.9958951389833048]
(88, 1);8;97;0;stop;1.0;True;False;353;[0.006692066225816319, 0.9931904841513159]
(88, 1);9;85;0;stop;1.0;True;False;470;[0.003482852885687437, 0.9963530278853706]
(88, 2);0;107;0;stop;1.0;True;False;422;[0.0033760235439191703, 0.9964494853652074]
(88, 2);1;85;0;stop;1.0;True;False;495;[0.008845768190485461, 0.9909747271177063]
(88, 2);2;88;0;stop;1.0;True;False;421;[0.005219518551184471, 0.9946639696521364]
(88, 2);3;91;0;stop;1.0;True;False;513;[0.010008113650339033, 0.9894470170713195]
(88, 2);4;275;0;stop;1.0;True;False;496;[0.008576429758988322, 0.9913005150315358]
(88, 2);5;139;0;stop;1.0;True;False;408;[0.006288752147059182, 0.9935285569182434]
(88, 2);6;103;0;stop;1.0;True;False;304;[0.014501366370008695, 0.9853459788966571]
(88, 2);7;101;0;stop;1.0;True;False;598;[0.004753994145179594, 0.9949926601844417]
(88, 2);8;79;0;stop;1.0;True;False;456;[0.007120580367316102, 0.992760169070429]
(88, 2);9;95;0;stop;1.0;True;False;355;[0.01691045018594234, 0.9828254680289302]
(88, 3);0;134;0;stop;1.0;True;False;350;[0.004467606375917617, 0.9953585340032121]
(88, 3);1;178;0;stop;1.0;True;False;418;[0.08753741539744185, 0.9121608623380323]
(88, 3);2;168;0;stop;1.0;True;False;390;[0.0320956752563906, 0.9677476605809485]
(88, 3);3;124;0;stop;1.0;True;False;556;[0.008314792639543512, 0.9915668556185255]
(88, 3);4;69;0;stop;1.0;True;False;431;[0.009705776217928608, 0.9900162892281356]
(88, 3);5;132;0;stop;1.0;True;False;530;[0.011683961017107626, 0.9880340877860114]
(88, 3);6;336;0;stop;1.0;True;False;348;[0.05030284505921427, 0.9491449949108572]
(88, 3);7;72;0;stop;1.0;True;False;419;[0.01363463957382852, 0.9862043676441803]
(88, 3);8;108;0;stop;1.0;True;False;372;[0.02161252669101231, 0.9782577330891773]
(88, 3);9;147;0;stop;1.0;True;False;435;[0.007120339301028023, 0.9927265680919976]
(89, 0);0;116;1;stop;1.0;True;False;349;[0.0038241005135795166, 0.9960758313729077]
(89, 0);1;128;1;stop;1.0;True;False;461;[0.0032726254590558185, 0.996592963471984]
(89, 0);2;40;1;stop;1.0;True;False;403;[0.004198527093333186, 0.9957377960014326]
(89, 0);3;107;1;stop;1.0;True;False;471;[0.0059105705257414725, 0.9940050012530652]
(89, 0);4;44;1;stop;1.0;True;False;374;[0.003706629120865228, 0.9961250363259465]
(89, 0);5;225;1;stop;1.0;True;False;550;[0.0039450408759227175, 0.9959620631122884]
(89, 0);6;212;1;stop;1.0;True;False;477;[0.02517474794125339, 0.9746626974583363]
(89, 0);7;119;1;stop;1.0;True;False;365;[0.0106508132718945, 0.9891899793436643]
(89, 0);8;104;1;stop;1.0;True;False;392;[0.0069033298281588355, 0.9930228275112392]
(89, 0);9;184;1;stop;1.0;True;False;470;[0.02593738160907094, 0.9732930027267286]
(89, 1);0;89;1;stop;1.0;True;True;424;[0.9998519639783835, 9.027519601266915e-05]
(89, 1);1;41;1;stop;1.0;True;True;285;[0.9997286341195252, 3.7044272847700576e-05]
(89, 1);2;54;1;stop;1.0;True;True;408;[0.998695646593182, 0.0001969510021645445]
(89, 1);3;48;1;stop;1.0;True;True;513;[0.9996994445458443, 6.813289597959145e-05]
(89, 1);4;124;1;stop;1.0;True;True;434;[0.999808229037136, 7.030330914176807e-05]
(89, 1);5;171;1;stop;1.0;True;True;618;[0.9999231159180111, 4.133391338492238e-05]
(89, 1);6;51;1;stop;1.0;True;True;409;[0.9996171272088272, 0.0001195670355326683]
(89, 1);7;150;1;stop;1.0;True;True;402;[0.9997006359029236, 0.0001233728540925498]
(89, 1);8;59;1;stop;1.0;True;True;397;[0.999726608666416, 7.25290269484095e-05]
(89, 1);9;109;1;stop;1.0;True;True;340;[0.9995568571235138, 9.311330634887253e-05]
(89, 2);0;93;1;stop;1.0;True;False;431;[0.006902618843711717, 0.9929206854278819]
(89, 2);1;35;1;stop;1.0;True;False;340;[0.0020506018873203656, 0.9978805497051226]
(89, 2);2;69;1;stop;1.0;True;False;560;[0.015421652274426087, 0.9843901905816267]
(89, 2);3;44;1;stop;1.0;True;False;369;[0.004331112806156389, 0.9955789669964507]
(89, 2);4;85;1;stop;1.0;True;False;543;[0.010650422218901534, 0.9891537037523352]
(89, 2);5;63;1;stop;1.0;True;False;328;[0.0024724143436127563, 0.9974430780634675]
(89, 2);6;74;1;stop;1.0;True;False;374;[0.016401006113390494, 0.9834756882323317]
(89, 2);7;33;1;stop;1.0;True;False;404;[0.011685521098346993, 0.9881660731950418]
(89, 2);8;19;1;stop;1.0;True;False;592;[0.003272673835205501, 0.99660788196299]
(89, 2);9;61;1;stop;1.0;True;False;514;[0.007120427577876541, 0.9927390213783273]
(89, 3);0;51;1;stop;1.0;True;False;294;[0.005059145545802106, 0.9947063118335132]
(89, 3);1;48;1;stop;1.0;True;False;525;[0.002251691364807259, 0.9976791488070335]
(89, 3);2;52;1;stop;1.0;True;False;444;[0.004198537103413758, 0.995739923815366]
(89, 3);3;57;1;stop;1.0;True;False;427;[0.013634490040084395, 0.9861933533607924]
(89, 3);4;41;1;stop;1.0;True;False;520;[0.005384420713536127, 0.9945193954455877]
(89, 3);5;160;1;stop;1.0;True;False;588;[0.008060641319601687, 0.9917716586978931]
(89, 3);6;59;1;stop;1.0;True;False;667;[0.014498773555457563, 0.9851700836508841]
(89, 3);7;50;1;stop;1.0;True;False;530;[0.0015977941456685207, 0.9983700897376494]
(89, 3);8;78;1;stop;1.0;True;False;390;[0.018542312700361167, 0.9812285225621346]
(89, 3);9;96;1;stop;1.0;True;False;559;[0.010011831916210325, 0.9898146630000808]
(90, 0);0;157;0;stop;0.4;False;False;800;[0.2679701328428041, 0.706007308405411]
(90, 0);1;270;0;stop;0.4;False;False;2342;[0.15601613703641004, 0.8434152431809244]
(90, 0);2;126;0;stop;0.4;False;False;674;[0.028424049030914417, 0.9711545857110279]
(90, 0);3;59;0;stop;0.6;True;True;614;[0.9995933041601358, 0.00024532977822649726]
(90, 0);4;442;0;stop;0.6;True;True;306;[0.49326937815296895, 0.49326937815296895]
(90, 0);5;111;0;stop;0.6;True;True;1324;[0.9980934322905042, 0.0006062862629615503]
(90, 0);6;111;0;stop;0.6;True;True;1295;[0.9993196589508595, 0.000570252993920165]
(90, 0);7;147;0;stop;0.6;True;True;666;[0.99933132567039, 0.0003919332542142572]
(90, 0);8;133;0;stop;0.6;True;True;1336;[0.9979362252851026, 0.0008820020873004418]
(90, 0);9;102;0;stop;0.4;False;False;563;[0.044655725255652805, 0.95478148777406]
(90, 1);0;281;0;stop;0.9;False;True;1020;[0.9943320780145543, 0.00475083969375737]
(90, 1);1;195;0;stop;0.9;False;True;581;[0.9930061354927524, 0.006903211325665568]
(90, 1);2;128;0;stop;0.1;True;False;518;[0.012818377191650304, 0.9869603145750238]
(90, 1);3;253;0;stop;0.9;False;True;756;[0.9953952661239156, 0.004067953193623608]
(90, 1);4;129;0;stop;0.9;False;True;793;[0.9995338706341484, 0.00023045237181674893]
(90, 1);5;236;0;stop;0.9;False;True;1577;[0.9980364331699005, 0.0016224133391052596]
(90, 1);6;213;0;stop;0.9;False;True;1283;[0.998626690200217, 0.001169271650814903]
(90, 1);7;217;0;stop;0.9;False;True;1079;[0.9991981265653758, 0.0006877727773225842]
(90, 1);8;260;0;stop;0.9;False;True;1261;[0.9986962410485072, 0.0011333758449690171]
(90, 1);9;225;0;stop;0.9;False;True;1254;[0.9643046892331735, 0.03404412280745158]
(90, 2);0;228;0;stop;1.0;True;False;379;[0.08022681391320206, 0.9181472170406557]
(90, 2);1;291;0;stop;1.0;True;False;414;[0.05893322082432193, 0.9218707409206889]
(90, 2);2;316;0;stop;1.0;True;False;742;[0.08124288097475374, 0.9011693641743839]
(90, 2);3;213;0;stop;1.0;True;False;674;[0.01682459070034345, 0.9778358130296035]
(90, 2);4;103;0;stop;1.0;True;False;586;[0.03209237732535861, 0.9676481962481914]
(90, 2);5;271;0;stop;1.0;True;False;1060;[0.04205092955230622, 0.9570748592879796]
(90, 2);6;52;0;stop;1.0;True;False;485;[0.00857715364172551, 0.9913841632654113]
(90, 2);7;178;0;stop;1.0;True;False;691;[0.13284568530269805, 0.8662627751334344]
(90, 2);8;260;0;stop;1.0;True;False;1232;[0.007105951239529148, 0.9907207562597368]
(90, 2);9;193;0;stop;1.0;True;False;641;[0.010986134810263141, 0.988940303780815]
(90, 3);0;170;0;stop;0.9;True;False;1257;[0.010324973203793995, 0.9893670797447749]
(90, 3);1;80;0;stop;0.9;True;False;629;[0.013634021945052957, 0.9861596159948833]
(90, 3);2;292;0;stop;0.9;True;False;485;[0.03301862794883498, 0.9649458323272391]
(90, 3);3;75;0;stop;0.9;True;False;728;[0.0060963605075144145, 0.993706507654152]
(90, 3);4;146;0;stop;0.9;True;False;557;[0.07804241819486431, 0.921499698318076]
(90, 3);5;103;0;stop;0.9;True;False;521;[0.010011846238261006, 0.9898160641929179]
(90, 3);6;145;0;stop;0.9;True;False;1377;[0.08503244453209943, 0.9141849800873681]
(90, 3);7;78;0;stop;0.9;True;False;378;[0.019714278564308744, 0.9800398525957079]
(90, 3);8;138;0;stop;0.1;False;True;790;[0.9986749586521727, 0.000910673534762749]
(90, 3);9;272;0;stop;0.9;True;False;386;[0.002049954683773002, 0.9975652515386186]
(91, 0);0;71;3;stop;1.0;True;False;474;[0.022969135106497115, 0.976672400927729]
(91, 0);1;45;3;stop;1.0;True;False;653;[0.0049037538827626966, 0.9947593922943566]
(91, 0);2;61;3;stop;1.0;True;False;543;[0.004330098894211653, 0.9953461331396669]
(91, 0);3;111;3;stop;1.0;True;False;656;[0.0018100139979265277, 0.9980810819414304]
(91, 0);4;80;3;stop;1.0;True;False;621;[0.0038237522460538246, 0.9959850038387073]
(91, 0);5;66;3;stop;1.0;True;False;411;[0.007343711826214626, 0.9923683789034897]
(91, 0);6;76;3;stop;1.0;True;False;486;[0.008576020812699058, 0.9912530737092731]
(91, 0);7;113;3;stop;1.0;True;False;483;[0.006902839372719729, 0.992952418950746]
(91, 0);8;58;3;stop;1.0;True;False;429;[0.02515968110923896, 0.9740793825782577]
(91, 0);9;68;3;stop;1.0;True;False;596;[0.002115387304217635, 0.9977351578881514]
(91, 1);0;70;3;stop;1.0;True;False;690;[0.019120256975558407, 0.9806820338252539]
(91, 1);1;195;3;stop;1.0;True;False;477;[0.001700071904489935, 0.9979173493387655]
(91, 1);2;166;3;stop;1.0;True;False;707;[0.003593341965884751, 0.9963343303505583]
(91, 1);3;64;3;stop;1.0;True;False;454;[0.0016481952476985638, 0.9981775180011776]
(91, 1);4;54;3;stop;1.0;True;False;494;[0.0010321763360957802, 0.9989150625443547]
(91, 1);5;78;3;stop;1.0;True;False;640;[0.00711969083926776, 0.9926361157586396]
(91, 1);6;70;3;stop;1.0;True;False;661;[0.0037066132137728923, 0.9961208961800863]
(91, 1);7;316;3;stop;1.0;True;False;559;[0.037295655231096445, 0.9618676043450003]
(91, 1);8;49;3;stop;1.0;True;False;365;[0.004069722631469678, 0.9958284600213277]
(91, 1);9;59;3;stop;1.0;True;False;511;[0.004330441656617689, 0.9954249135788853]
(91, 2);0;24;3;stop;1.0;True;False;433;[0.004608764089504307, 0.9952157649418475]
(91, 2);1;23;3;stop;1.0;True;False;488;[0.004198112696943422, 0.9956391129035228]
(91, 2);2;51;3;stop;1.0;True;False;512;[0.0032725037415843165, 0.9965562614030239]
(91, 2);3;100;3;stop;1.0;True;False;480;[0.009410427021523839, 0.9903598038659965]
(91, 2);4;65;3;stop;1.0;True;False;341;[0.002050381893407245, 0.997773252410537]
(91, 2);5;52;3;stop;1.0;True;False;630;[0.01001242868568018, 0.9898735304792589]
(91, 2);6;127;3;stop;1.0;True;False;692;[0.009707021249884252, 0.9901429604495005]
(91, 2);7;77;3;stop;1.0;True;False;619;[0.003272144857446145, 0.9964466447125859]
(91, 2);8;60;3;stop;1.0;True;False;587;[0.00317216877948419, 0.9966657838712379]
(91, 2);9;74;3;stop;1.0;True;False;1135;[0.0041984410076254435, 0.9957173490031369]
(91, 3);0;47;3;stop;1.0;True;True;616;[0.9994031179544193, 0.00015836675191822786]
(91, 3);1;54;3;stop;1.0;True;True;415;[0.999682527265608, 0.00010887418880198909]
(91, 3);2;77;3;stop;1.0;True;True;609;[0.9998581610609016, 4.1331232973607224e-05]
(91, 3);3;44;3;stop;1.0;True;True;424;[0.9997989343575443, 9.60923139129516e-05]
(91, 3);4;236;3;stop;1.0;True;True;517;[0.9991908665303846, 0.00018511011948818288]
(91, 3);5;207;3;stop;1.0;True;True;411;[0.9994072852964206, 0.00016858117297868585]
(91, 3);6;87;3;stop;1.0;True;True;536;[0.9979356316306877, 0.00048708758149905364]
(91, 3);7;133;3;stop;1.0;True;True;660;[0.9987711528083044, 0.00020321840182581735]
(91, 3);8;81;3;stop;1.0;True;True;398;[0.9994867099993752, 0.00012726193988699328]
(91, 3);9;130;3;stop;1.0;True;True;457;[0.9996201051698371, 0.00015840119057150767]
(92, 0);0;52;1;stop;1.0;True;False;342;[0.0024721231628202635, 0.9973257959073306]
(92, 0);1;48;1;stop;1.0;True;False;542;[0.0050587981737720755, 0.9946379051990256]
(92, 0);2;40;1;stop;1.0;True;False;357;[0.010326297664742945, 0.9894941692173651]
(92, 0);3;141;1;stop;1.0;True;False;525;[0.020962517407081906, 0.9789553848231795]
(92, 0);4;83;1;stop;1.0;True;False;416;[0.005059333715611042, 0.9947434678123734]
(92, 0);5;82;1;stop;1.0;True;False;393;[0.00970658616480299, 0.9900987852767846]
(92, 0);6;110;1;stop;1.0;True;False;332;[0.01590262459756077, 0.9838607174449218]
(92, 0);7;180;1;stop;1.0;True;False;504;[0.015416718786818712, 0.9840753931877381]
(92, 0);8;44;1;stop;1.0;True;False;382;[0.009409587944814956, 0.9902714186199748]
(92, 0);9;133;1;stop;1.0;True;False;557;[0.01798308974116297, 0.981843645720167]
(92, 1);0;63;1;stop;1.0;True;True;661;[0.9995023106101278, 0.00021648315533776322]
(92, 1);1;135;1;stop;1.0;True;True;549;[0.9995582863620888, 0.00026114322373467285]
(92, 1);2;72;1;stop;1.0;True;True;437;[0.9986841135555714, 0.00017380666030038556]
(92, 1);3;149;1;stop;1.0;True;True;236;[0.9986943387462069, 0.0005523622185769809]
(92, 1);4;75;1;stop;1.0;True;True;279;[0.9999003509614339, 4.5395427124093135e-05]
(92, 1);5;93;1;stop;1.0;True;True;435;[0.9995660281695824, 7.251740747546186e-05]
(92, 1);6;57;1;stop;1.0;True;True;467;[0.9993774000965375, 0.00014419085567172232]
(92, 1);7;99;1;stop;1.0;True;True;373;[0.9996701375272788, 6.603471487172297e-05]
(92, 1);8;53;1;stop;1.0;True;True;371;[0.9996108139992285, 0.00021650669242167318]
(92, 1);9;50;1;stop;1.0;True;True;368;[0.9994727769827637, 0.00017394395959882217]
(92, 2);0;84;1;stop;1.0;True;False;302;[0.05663493407469946, 0.9430562562723986]
(92, 2);1;72;1;stop;1.0;True;False;180;[0.01205011416623079, 0.9876456694131308]
(92, 2);2;86;1;stop;1.0;True;False;241;[0.020320887018995745, 0.9791151244739206]
(92, 2);3;76;1;stop;1.0;True;False;371;[0.007815007418501451, 0.9920720412470898]
(92, 2);4;96;1;stop;1.0;True;False;823;[0.006096046562706577, 0.9936551875228513]
(92, 2);5;84;1;stop;1.0;True;False;280;[0.01744124817231884, 0.9824879641771145]
(92, 2);6;76;1;stop;1.0;True;False;352;[0.008060280028048566, 0.9917273378950668]
(92, 2);7;74;1;stop;1.0;True;False;432;[0.018542595635758014, 0.9812434420318699]
(92, 2);8;79;1;stop;1.0;True;False;388;[0.006902339078243309, 0.9928806103117696]
(92, 2);9;143;1;stop;1.0;True;False;382;[0.021610197738291773, 0.9781523330288876]
(92, 3);0;116;1;stop;1.0;True;False;786;[0.014952681257306363, 0.9847525843785454]
(92, 3);1;140;1;stop;1.0;True;False;433;[0.012428672277938745, 0.9873315752879686]
(92, 3);2;78;1;stop;1.0;True;False;490;[0.01743630047627518, 0.9822091132170413]
(92, 3);3;94;1;stop;1.0;True;False;574;[0.07802952477366365, 0.9213475736575879]
(92, 3);4;93;1;stop;1.0;True;False;652;[0.006096468066398373, 0.993723929615905]
(92, 3);5;87;1;stop;1.0;True;False;315;[0.03619808902319763, 0.963195464034334]
(92, 3);6;100;1;stop;1.0;True;False;344;[0.006486831803521171, 0.9932916229924341]
(92, 3);7;74;1;stop;1.0;True;False;389;[0.0050598620759483804, 0.9948470468221376]
(92, 3);8;324;1;stop;1.0;True;False;424;[0.03107302245892462, 0.9666534488076531]
(92, 3);9;114;1;stop;1.0;True;False;481;[0.020324690603373562, 0.9792983531184363]
(93, 0);0;221;1;stop;1.0;True;False;996;[0.02930140253737224, 0.9703291428641827]
(93, 0);1;118;1;stop;1.0;True;False;518;[0.012427741859681561, 0.9872580216102544]
(93, 0);2;161;1;stop;1.0;True;False;815;[0.017980980413549157, 0.9817282809908762]
(93, 0);3;61;1;stop;1.0;True;False;502;[0.010009569289531114, 0.9895907041369337]
(93, 0);4;116;1;stop;1.0;True;False;506;[0.034082081649571785, 0.9653800299570855]
(93, 0);5;60;1;stop;1.0;True;False;614;[0.01405938892920116, 0.9856393546086598]
(93, 0);6;53;1;stop;1.0;True;False;642;[0.010984311929649828, 0.9887761764684776]
(93, 0);7;58;1;stop;1.0;True;False;530;[0.027572347629509473, 0.9719587973311686]
(93, 0);8;160;1;stop;1.0;True;False;431;[0.02929800055348252, 0.9702165786081586]
(93, 0);9;137;1;stop;1.0;True;False;457;[0.01639819875500183, 0.9833072607254065]
(93, 1);0;59;1;stop;1.0;True;True;483;[0.9997909506169727, 9.914185499581038e-05]
(93, 1);1;81;1;stop;1.0;True;True;589;[0.9996189139669129, 0.00016861686803790237]
(93, 1);2;145;1;stop;1.0;True;True;584;[0.9995726981640392, 0.00016860914954690064]
(93, 1);3;120;1;stop;1.0;True;True;551;[0.9997735536331779, 7.966135099708378e-05]
(93, 1);4;113;1;stop;1.0;True;True;638;[0.9996996828055085, 0.00015841372930896512]
(93, 1);5;54;1;stop;1.0;True;True;481;[0.999757706237984, 0.00012729641262510265]
(93, 1);6;226;1;stop;1.0;True;True;471;[0.9984926092390178, 0.0008420815356102784]
(93, 1);7;80;1;stop;1.0;True;True;506;[0.9993820435246498, 0.00025306403943824363]
(93, 1);8;142;1;stop;1.0;True;True;716;[0.9997474593070107, 0.0001795148320411559]
(93, 1);9;129;1;stop;1.0;True;True;634;[0.9998519639783835, 8.48056983823484e-05]
(93, 2);0;121;1;stop;0.1;False;True;1355;[0.9994251458378849, 0.0004304949065623626]
(93, 2);1;130;1;stop;0.9;True;False;672;[0.01797954861262481, 0.981650160333536]
(93, 2);2;182;1;stop;0.9;True;False;740;[0.05337767447567824, 0.946141943371288]
(93, 2);3;76;1;stop;0.9;True;False;552;[0.01854504055424549, 0.9813728157559998]
(93, 2);4;157;1;stop;0.9;True;False;675;[0.01744012546270144, 0.9824246802409512]
(93, 2);5;93;1;stop;0.9;True;False;674;[0.004197982580911533, 0.9956082708197966]
(93, 2);6;107;1;stop;0.9;True;False;1529;[0.012045897382636582, 0.987300316558143]
(93, 2);7;323;1;stop;0.9;True;False;846;[0.13951481745768077, 0.8546319202052233]
(93, 2);8;92;1;stop;0.9;True;False;495;[0.02033067602758536, 0.9795867652294299]
(93, 2);9;184;1;stop;0.9;True;False;559;[0.009409332198343529, 0.9902446484790568]
(93, 3);0;107;1;stop;0.2;False;True;442;[0.9986121868571801, 0.0003456310954558067]
(93, 3);1;184;1;stop;0.8;True;False;1355;[0.011683994445236053, 0.9880366477257769]
(93, 3);2;108;1;stop;0.8;True;False;630;[0.0039450408759227175, 0.9959624179047986]
(93, 3);3;56;1;stop;0.2;False;True;472;[0.9984907076733114, 0.0001737730153028236]
(93, 3);4;204;1;stop;0.8;True;False;1355;[0.03307396898901681, 0.9665630086973287]
(93, 3);5;108;1;stop;0.8;True;False;474;[0.25952580864222363, 0.7278580866869429]
(93, 3);6;90;1;stop;0.8;True;False;710;[0.0320868917268185, 0.9674828018884309]
(93, 3);7;68;1;stop;0.8;True;False;854;[0.019118656965308147, 0.9805999525217235]
(93, 3);8;51;1;stop;0.8;True;False;918;[0.006487626794979978, 0.99341313438847]
(93, 3);9;72;1;stop;0.8;True;False;640;[0.00805938455603599, 0.9916173743315284]
(94, 0);0;185;1;stop;1.0;True;False;504;[0.04199575412623714, 0.9558189119975605]
(94, 0);1;64;1;stop;1.0;True;False;498;[0.024418807888784404, 0.9754059248581702]
(94, 0);2;31;1;stop;1.0;True;False;448;[0.006289055024133435, 0.9935762158724575]
(94, 0);3;144;1;stop;1.0;True;False;446;[0.003706775822823466, 0.9961644273660373]
(94, 0);4;110;1;stop;1.0;True;False;487;[0.00734335815750867, 0.9923208356463666]
(94, 0);5;219;1;stop;1.0;True;False;348;[0.01205084392298576, 0.9877057913828182]
(94, 0);6;100;1;stop;1.0;True;False;623;[0.014500128675361391, 0.9852619583249491]
(94, 0);7;45;1;stop;1.0;True;False;438;[0.012818835620739068, 0.9869956162536121]
(94, 0);8;48;1;stop;1.0;True;False;449;[0.005554095687273905, 0.9942968385010119]
(94, 0);9;72;1;stop;1.0;True;False;485;[0.008575898132614746, 0.9912391347673477]
(94, 1);0;100;1;stop;1.0;True;True;511;[0.9997123115509318, 0.00015841569329750474]
(94, 1);1;97;1;stop;1.0;True;True;409;[0.9990364070387735, 0.0005700912257683659]
(94, 1);2;83;1;stop;1.0;True;True;373;[0.9991200567509371, 0.00011583077810523036]
(94, 1);3;65;1;stop;1.0;True;True;516;[0.9998364716001731, 7.48396241731946e-05]
(94, 1);4;62;1;stop;1.0;True;True;650;[0.9995962819919902, 0.00015352403794059328]
(94, 1);5;83;1;stop;1.0;True;True;594;[0.9996806211353101, 9.312485103444078e-05]
(94, 1);6;61;1;stop;1.0;True;True;525;[0.9994565818665491, 0.0001910369688687228]
(94, 1);7;269;1;stop;1.0;True;True;300;[0.9991431432057629, 0.0007793055516784033]
(94, 1);8;57;1;stop;1.0;True;True;386;[0.9998309898012309, 0.00012338897422615555]
(94, 1);9;41;1;stop;1.0;True;True;480;[0.9998072757352997, 0.00010553766630155816]
(94, 2);0;97;1;stop;1.0;True;False;432;[0.022973998547789472, 0.9768791742234358]
(94, 2);1;107;1;stop;1.0;True;False;515;[0.011330435619620641, 0.9885530362762404]
(94, 2);2;66;1;stop;1.0;True;False;380;[0.009407035278496926, 0.9900030859250611]
(94, 2);3;281;1;stop;1.0;True;False;485;[0.02594725307713334, 0.9736635446928121]
(94, 2);4;98;1;stop;1.0;True;False;749;[0.016399707943651098, 0.983397749076851]
(94, 2);5;120;1;stop;1.0;True;False;483;[0.027581644493080013, 0.9722865104050409]
(94, 2);6;107;1;stop;1.0;True;False;721;[0.024418965080522315, 0.9754120494285691]
(94, 2);7;64;1;stop;1.0;True;False;306;[0.007344821966348335, 0.9925183173230144]
(94, 2);8;90;1;stop;1.0;True;False;459;[0.02096131295896424, 0.9788990656512486]
(94, 2);9;91;1;stop;1.0;True;False;457;[0.010011535931749855, 0.9897851148862525]
(94, 3);0;83;1;stop;1.0;True;False;442;[0.009704619268202078, 0.9898982937183254]
(94, 3);1;266;1;stop;1.0;True;False;1232;[0.009409175164481014, 0.9902279330709682]
(94, 3);2;69;1;stop;1.0;True;False;1235;[0.006902388447796133, 0.9928874262408273]
(94, 3);3;211;1;stop;1.0;True;False;1779;[0.05030145387504216, 0.9491187911575839]
(94, 3);4;258;1;stop;1.0;True;False;429;[0.006487877376682633, 0.9934516058414482]
(94, 3);5;80;1;stop;1.0;True;False;2211;[0.0044665583810559505, 0.9951249764448641]
(94, 3);6;63;1;stop;1.0;True;False;430;[0.010649751875745777, 0.9890914237919438]
(94, 3);7;146;1;stop;1.0;True;False;473;[0.009411104619350926, 0.9904312475539404]
(94, 3);8;77;1;stop;1.0;True;False;295;[0.005729549143230974, 0.9941487187814755]
(94, 3);9;94;1;stop;1.0;True;False;467;[0.006487540176395538, 0.9934001938671079]
(95, 0);0;127;1;stop;1.0;True;False;641;[0.02368265327199936, 0.9760294402176655]
(95, 0);1;82;1;stop;1.0;True;False;399;[0.004608735520403229, 0.9952098617440149]
(95, 0);2;257;1;stop;1.0;True;False;669;[0.32808641974260333, 0.61294612737253]
(95, 0);3;106;1;stop;1.0;True;False;556;[0.007813572853103313, 0.9918899837456052]
(95, 0);4;184;1;stop;1.0;True;False;476;[0.3126413765002871, 0.6828715073441232]
(95, 0);5;114;1;stop;1.0;True;False;487;[0.018542498376228393, 0.9812382787694008]
(95, 0);6;85;1;stop;1.0;True;False;583;[0.004608405889739612, 0.9951385525087985]
(95, 0);7;145;1;stop;1.0;True;False;522;[0.021605932077603925, 0.9779591579202579]
(95, 0);8;64;1;stop;1.0;True;False;713;[0.02516986268342279, 0.974473614820979]
(95, 0);9;102;1;stop;1.0;True;False;473;[0.005059476053833631, 0.9947713068714851]
(95, 1);0;64;1;stop;1.0;True;True;508;[0.9995581672636447, 9.024868322084282e-05]
(95, 1);1;128;1;stop;1.0;True;True;398;[0.9997046866207177, 7.02960014574221e-05]
(95, 1);2;155;1;stop;1.0;True;True;864;[0.998847978825139, 0.00033507606498771363]
(95, 1);3;114;1;stop;1.0;True;True;442;[0.9993038259049012, 6.298769410929237e-05]
(95, 1);4;72;1;stop;1.0;True;True;614;[0.9997144560921267, 5.3062762409149784e-05]
(95, 1);5;217;1;stop;1.0;True;True;714;[0.9998172855444851, 8.091930734362316e-05]
(95, 1);6;203;1;stop;1.0;True;True;767;[0.9994900444064209, 0.00043052282499923583]
(95, 1);7;96;1;stop;1.0;True;True;801;[0.9989478940321579, 0.0002376283031792595]
(95, 1);8;59;1;stop;1.0;True;True;440;[0.9997690257637202, 5.4750131404707064e-05]
(95, 1);9;95;1;stop;1.0;True;True;565;[0.9988250249456856, 0.00016329929414637552]
(95, 2);0;70;1;stop;1.0;True;False;496;[0.14782420998438117, 0.8506696197064827]
(95, 2);1;64;1;stop;1.0;True;False;746;[0.06180249339012377, 0.9370097636651422]
(95, 2);2;77;1;stop;1.0;True;False;556;[0.007813792678506123, 0.9919181323264604]
(95, 2);3;98;1;stop;1.0;True;False;405;[0.011328404359175712, 0.9883758781621433]
(95, 2);4;185;1;stop;1.0;True;False;776;[0.0516124130464384, 0.9438925372025848]
(95, 2);5;67;1;stop;1.0;True;False;402;[0.014499720743290758, 0.9852340702030317]
(95, 2);6;105;1;stop;1.0;True;False;467;[0.013632910283759798, 0.9860792812025231]
(95, 2);7;153;1;stop;1.0;True;False;730;[0.024415163652919722, 0.9752602037660782]
(95, 2);8;100;1;stop;1.0;True;False;358;[0.014060850485680357, 0.9857418571141976]
(95, 2);9;166;1;stop;1.0;True;False;521;[0.02032481174833096, 0.9793042978305605]
(95, 3);0;274;1;stop;1.0;True;False;1274;[0.231162071412235, 0.7579512520959437]
(95, 3);1;64;1;stop;1.0;True;False;826;[0.012046529231669692, 0.9873521443387103]
(95, 3);2;185;1;stop;1.0;True;False;419;[0.0015479559657706914, 0.9979324263676481]
(95, 3);3;89;1;stop;1.0;True;False;533;[0.001366792839422955, 0.9984630164095649]
(95, 3);4;267;1;stop;1.0;True;False;497;[0.04429068959868038, 0.9469766496828025]
(95, 3);5;91;1;stop;1.0;True;False;482;[0.0021154730450532156, 0.9977756259469909]
(95, 3);6;75;1;stop;1.0;True;False;728;[0.004754166431261798, 0.9950285392193586]
(95, 3);7;107;1;stop;1.0;True;False;398;[0.00940934117178626, 0.9902453503018113]
(95, 3);8;108;1;stop;1.0;True;False;648;[0.004069619781235682, 0.995802926138743]
(95, 3);9;119;1;stop;1.0;True;False;479;[0.018537658148724115, 0.9809820451100996]
(96, 0);0;116;1;stop;1.0;True;False;346;[0.4639655147426316, 0.49388871957250374]
(96, 0);1;99;1;stop;1.0;True;False;588;[0.0203277630625438, 0.9794464271421]
(96, 0);2;118;1;stop;1.0;True;False;525;[0.01281488755568679, 0.9866916844786883]
(96, 0);3;176;1;stop;1.0;True;False;613;[0.3491284148642826, 0.5407406992865647]
(96, 0);4;73;1;stop;1.0;True;False;617;[0.00505964252225883, 0.9948042205843545]
(96, 0);5;54;1;stop;1.0;True;False;448;[0.006690799508458531, 0.9930024912894538]
(96, 0);6;79;1;stop;1.0;True;False;620;[0.005908338790495957, 0.9936299999372417]
(96, 0);7;148;1;stop;1.0;True;False;465;[0.02756565635393913, 0.9717229199170067]
(96, 0);8;39;1;stop;1.0;True;False;497;[0.0022516731121493432, 0.9976709615374757]
(96, 0);9;150;1;stop;1.0;True;False;627;[0.006486831803521171, 0.9932916229924341]
(96, 1);0;61;1;stop;1.0;True;True;534;[0.9997114775881778, 0.00010228076139800511]
(96, 1);1;96;1;stop;1.0;True;True;511;[0.9995524502931971, 0.00016341831853995776]
(96, 1);2;171;1;stop;1.0;True;True;590;[0.9922283443229899, 0.002239389467131511]
(96, 1);3;111;1;stop;1.0;True;True;579;[0.9997560381210482, 8.748929275304274e-05]
(96, 1);4;59;1;stop;1.0;True;True;600;[0.9995169589775225, 0.00015838472554425856]
(96, 1);5;193;1;stop;1.0;True;True;496;[0.997992025729707, 0.001168528669924003]
(96, 1);6;67;1;stop;1.0;True;True;490;[0.9993744235857092, 0.00023041567206243205]
(96, 1);7;101;1;stop;1.0;True;True;388;[0.999717315487543, 0.0001442399554978641]
(96, 1);8;95;1;stop;1.0;True;True;522;[0.9988872288066999, 0.0002692519666093248]
(96, 1);9;28;1;stop;1.0;True;True;523;[0.9998144255866991, 9.027175235291832e-05]
(96, 2);0;70;1;stop;1.0;True;False;565;[0.0020505745090141927, 0.9978667801053684]
(96, 2);1;229;1;stop;1.0;True;False;356;[0.28574948730763977, 0.664387423778158]
(96, 2);2;92;1;stop;1.0;True;False;485;[0.005553303872359511, 0.9941549633525094]
(96, 2);3;63;1;stop;1.0;True;False;629;[0.006692219396809613, 0.9932135326258092]
(96, 2);4;169;1;stop;1.0;True;False;515;[0.1315485934782575, 0.8058327711411102]
(96, 2);5;79;1;stop;1.0;True;False;657;[0.1889449264676758, 0.7954878531794723]
(96, 2);6;65;1;stop;1.0;True;False;537;[0.008313710319019946, 0.9914373586862115]
(96, 2);7;100;1;stop;1.0;True;False;419;[0.012819037334732025, 0.9870109451402594]
(96, 2);8;79;1;stop;1.0;True;False;457;[0.02297021395673827, 0.9767183439363359]
(96, 2);9;243;1;stop;1.0;True;False;535;[0.08477360441629386, 0.9114022203965008]
(96, 3);0;99;1;stop;1.0;True;False;515;[0.00198749633641929, 0.9978727153264815]
(96, 3);1;242;1;stop;1.0;True;False;467;[0.07650688908308362, 0.9033687332191753]
(96, 3);2;81;1;stop;1.0;True;False;475;[0.0017006013462315874, 0.9982280000207352]
(96, 3);3;53;1;stop;1.0;True;False;606;[0.003482783134731653, 0.9963332653439703]
(96, 3);4;117;1;stop;1.0;True;False;480;[0.009705248631746892, 0.9899620775147718]
(96, 3);5;70;1;stop;1.0;True;False;729;[0.0010648141868344226, 0.9987955313303015]
(96, 3);6;77;1;stop;1.0;True;False;420;[0.0028005760121387847, 0.9970742483722274]
(96, 3);7;229;1;stop;1.0;True;False;837;[0.063505288720486, 0.8766634040330429]
(96, 3);8;226;1;stop;1.0;True;False;562;[0.007562673269025201, 0.9905145152482848]
(96, 3);9;76;1;stop;1.0;True;False;301;[0.00419803062328445, 0.9956198510933123]
(97, 0);0;92;0;stop;1.0;True;True;343;[0.9993678753279943, 0.0003568723917822491]
(97, 0);1;86;0;stop;1.0;True;True;396;[0.9989902450610474, 0.0007791862766149112]
(97, 0);2;162;0;stop;1.0;True;True;386;[0.9994625359100553, 0.00029588553860889226]
(97, 0);3;78;0;stop;1.0;True;True;541;[0.9998502955441295, 0.00010229500359963923]
(97, 0);4;68;0;stop;1.0;True;True;419;[0.9996214154801469, 0.00020984768315989022]
(97, 0);5;77;0;stop;1.0;True;True;410;[0.9994874244809898, 0.00034593398360339956]
(97, 0);6;93;0;stop;1.0;True;True;333;[0.9994882581113932, 0.00019710733633604552]
(97, 0);7;94;0;stop;1.0;True;True;417;[0.9995877059161213, 0.00023778064063467933]
(97, 0);8;97;0;stop;1.0;True;True;560;[0.9998006026187986, 0.00010553696176397745]
(97, 0);9;70;0;stop;1.0;True;True;578;[0.9998673376650645, 5.828693665985508e-05]
(97, 1);0;36;0;stop;1.0;True;False;300;[0.006903050033873989, 0.9929827441110436]
(97, 1);1;112;0;stop;1.0;True;False;718;[0.005554135413404035, 0.9943037919426122]
(97, 1);2;74;0;stop;1.0;True;False;488;[0.01065034096293847, 0.9891460060581571]
(97, 1);3;109;0;stop;1.0;True;False;1163;[0.005059427803140039, 0.9947621058463194]
(97, 1);4;184;0;stop;1.0;True;False;481;[0.010326002231223182, 0.989465690408898]
(97, 1);5;103;0;stop;1.0;True;False;497;[0.006096020401369039, 0.9936509500634357]
(97, 1);6;90;0;stop;1.0;True;False;559;[0.007576233768819569, 0.9922909031299249]
(97, 1);7;225;0;stop;1.0;True;False;839;[0.010647593860516806, 0.9888908737423724]
(97, 1);8;114;0;stop;1.0;True;False;428;[0.016910813048730898, 0.9828468850961845]
(97, 1);9;52;0;stop;1.0;True;False;410;[0.009123839141740045, 0.9906791036421042]
(97, 2);0;77;0;stop;1.0;True;False;523;[0.009122851612272196, 0.9905719455139861]
(97, 2);1;62;0;stop;1.0;True;False;551;[0.007575576298729045, 0.9922045198584127]
(97, 2);2;31;0;stop;1.0;True;False;605;[0.009124452594921765, 0.9907459134658452]
(97, 2);3;28;0;stop;1.0;True;False;424;[0.007119843612898456, 0.9926576116381498]
(97, 2);4;70;0;stop;1.0;True;False;456;[0.00406979249348838, 0.9958456019966446]
(97, 2);5;57;0;stop;1.0;True;False;325;[0.015901123241896624, 0.9837677182333755]
(97, 2);6;28;0;stop;1.0;True;False;397;[0.0071201865167611275, 0.9927053046250177]
(97, 2);7;95;0;stop;1.0;True;False;646;[0.023684753820198388, 0.9761160952314829]
(97, 2);8;128;0;stop;1.0;True;False;509;[0.021607044777470056, 0.9780094405859843]
(97, 2);9;249;0;stop;1.0;True;False;463;[0.004068781551731238, 0.9955979906466083]
(97, 3);0;102;0;stop;1.0;True;False;450;[0.012052998974470455, 0.9878822433256967]
(97, 3);1;217;0;stop;1.0;True;False;653;[0.02517179506765005, 0.9745483344022463]
(97, 3);2;58;0;stop;1.0;True;False;753;[0.003482617066649796, 0.9962856961334156]
(97, 3);3;58;0;stop;1.0;True;False;1457;[0.025171314958339665, 0.9745296539698283]
(97, 3);4;187;0;stop;1.0;True;False;564;[0.047403480275614675, 0.9521242646899706]
(97, 3);5;166;0;stop;1.0;True;False;539;[0.019121752262860402, 0.9807588553043707]
(97, 3);6;131;0;stop;1.0;True;False;975;[0.004330817487545358, 0.9955112675586757]
(97, 3);7;65;0;stop;1.0;True;False;261;[0.004198428995806553, 0.995714394057587]
(97, 3);8;95;0;stop;1.0;True;False;374;[0.004467593594011532, 0.9953552269366606]
(97, 3);9;122;0;stop;1.0;True;False;378;[0.010983196350221252, 0.9886758380858157]
(98, 0);0;96;0;stop;1.0;True;True;560;[0.9984331876906817, 0.0005352279427582689]
(98, 0);1;82;0;stop;1.0;True;True;722;[0.9994846855309152, 0.00019104243455843057]
(98, 0);2;27;0;stop;1.0;True;True;363;[0.9998020325696243, 5.143465637026346e-05]
(98, 0);3;102;0;stop;1.0;True;True;480;[0.999814783075519, 0.00013134474991609145]
(98, 0);4;93;0;stop;1.0;True;True;515;[0.9981121959529288, 0.00022304450580397793]
(98, 0);5;39;0;stop;1.0;True;True;665;[0.9991440952491616, 0.00020329419338641297]
(98, 0);6;109;0;stop;1.0;True;True;497;[0.9991102989037413, 0.00036810576545002685]
(98, 0);7;90;0;stop;1.0;True;True;472;[0.9996430955916169, 8.478798816524496e-05]
(98, 0);8;83;0;stop;1.0;True;True;553;[0.9993681134795498, 5.387967242947173e-05]
(98, 0);9;93;0;stop;1.0;True;True;442;[0.9992862078157059, 0.00015347631506963536]
(98, 1);0;92;0;stop;0.4;False;True;837;[0.9989714483780716, 0.00026098985670724604]
(98, 1);1;246;0;stop;0.4;False;True;755;[0.9952595714897683, 0.0009363682940946081]
(98, 1);2;186;0;stop;0.6;True;False;992;[0.03209173461259833, 0.9676287739399941]
(98, 1);3;74;0;stop;0.6;True;False;451;[0.009706641706493449, 0.9901045115427259]
(98, 1);4;249;0;stop;0.6;True;False;733;[0.09055304498584055, 0.7348642889203464]
(98, 1);5;219;0;stop;0.6;True;False;541;[0.019114682590540295, 0.9803962995705233]
(98, 1);6;243;0;stop;0.6;True;False;741;[0.030721058312933813, 0.8978008927513543]
(98, 1);7;83;0;stop;0.6;True;False;583;[0.005059553255900507, 0.9947864067798945]
(98, 1);8;88;0;stop;0.4;False;True;577;[0.9997673575988004, 0.00011410885502423368]
(98, 1);9;342;0;stop;0.4;False;True;506;[0.9888984506441973, 0.002865782874414158]
(98, 2);0;96;0;stop;1.0;True;False;566;[0.023670516656113128, 0.9755293393734187]
(98, 2);1;66;0;stop;1.0;True;False;429;[0.01064415717225482, 0.988571560164381]
(98, 2);2;76;0;stop;1.0;True;False;669;[0.0034829575147403606, 0.9963830875758272]
(98, 2);3;121;0;stop;1.0;True;False;323;[0.012044386823378626, 0.9871765786659086]
(98, 2);4;84;0;stop;1.0;True;False;318;[0.0019872565797191166, 0.9977521280222261]
(98, 2);5;77;0;stop;1.0;True;False;526;[0.012819660834414628, 0.9870591431523584]
(98, 2);6;27;0;stop;1.0;True;False;453;[0.015416733489354472, 0.9840762015336867]
(98, 2);7;72;0;stop;1.0;True;False;367;[0.009706428798405912, 0.990082425489797]
(98, 2);8;76;0;stop;1.0;True;False;403;[0.0059089699028675915, 0.9937359368339023]
(98, 2);9;56;0;stop;1.0;True;False;500;[0.019038205069269044, 0.9764736723729234]
(98, 3);0;86;0;stop;1.0;True;False;563;[0.010010800782401455, 0.9897123628455081]
(98, 3);1;64;0;stop;1.0;True;False;651;[0.010976384871069372, 0.9880625999266843]
(98, 3);2;63;0;stop;1.0;True;False;311;[0.006897025688227594, 0.9921162748930688]
(98, 3);3;72;0;stop;1.0;True;False;602;[0.04326290208769636, 0.9543642622474282]
(98, 3);4;47;0;stop;1.0;True;False;581;[0.006097084386321243, 0.9938247062717754]
(98, 3);5;68;0;stop;1.0;True;False;391;[0.002979752285094885, 0.9965909507817723]
(98, 3);6;51;0;stop;1.0;True;False;663;[0.001987539931654238, 0.9978947943987271]
(98, 3);7;82;0;stop;1.0;True;False;574;[0.006096023308178777, 0.9936517741409916]
(98, 3);8;39;0;stop;1.0;True;False;483;[0.004069416029013646, 0.9957533983756953]
(98, 3);9;268;0;stop;1.0;True;False;612;[0.006171705884680271, 0.10603034006686743]
(99, 0);0;66;3;stop;1.0;True;False;3214;[0.003944610117905227, 0.9958535229446771]
(99, 0);1;128;3;stop;1.0;True;False;950;[0.001700545394368041, 0.9981955721841402]
(99, 0);2;122;3;stop;1.0;True;False;778;[0.04206745518996527, 0.9574509632783764]
(99, 0);3;61;3;stop;1.0;True;False;1087;[0.006096075630991073, 0.9936600131033038]
(99, 0);4;95;3;stop;1.0;True;False;573;[0.0053842153181040305, 0.9944815490309437]
(99, 0);5;122;3;stop;1.0;True;False;546;[0.019715660486324428, 0.980108556434652]
(99, 0);6;264;3;stop;1.0;True;False;2587;[0.020941067605359423, 0.9779534581789988]
(99, 0);7;143;3;stop;1.0;True;False;754;[0.018543749526377794, 0.981304394342531]
(99, 0);8;203;3;stop;1.0;True;False;721;[0.01687006793487624, 0.9804785756761271]
(99, 0);9;72;3;stop;1.0;True;False;662;[0.005219117860042059, 0.994587667955165]
(99, 1);0;77;3;stop;0.9;True;False;1431;[0.007119140881339677, 0.9925597727246303]
(99, 1);1;99;3;stop;0.1;False;True;1217;[0.9996455972235517, 0.00014880783731186222]
(99, 1);2;353;3;stop;0.9;True;False;1528;[0.025131240144421807, 0.9729781512091624]
(99, 1);3;143;3;stop;0.9;True;False;1109;[0.012051504764474207, 0.987759755349178]
(99, 1);4;67;3;stop;0.9;True;False;978;[0.011684156015871696, 0.9880504965443924]
(99, 1);5;94;3;stop;0.9;True;False;1086;[0.0017004318745045628, 0.9981289413830561]
(99, 1);6;71;3;stop;0.9;True;False;722;[0.013220843574221463, 0.9866294814301277]
(99, 1);7;136;3;stop;0.9;True;False;896;[0.005383532434627204, 0.9943554150579881]
(99, 1);8;89;3;stop;0.9;True;False;3220;[0.10086974122601684, 0.8990422373812703]
(99, 1);9;99;3;stop;0.9;True;False;510;[0.013632221229285023, 0.9860294413424305]
(99, 2);0;85;3;stop;0.8;False;True;404;[0.9993543028190954, 0.00043046432152967737]
(99, 2);1;142;3;stop;0.8;False;True;943;[0.9996193904479123, 0.0002233812698740877]
(99, 2);2;65;3;stop;0.2;True;False;1320;[0.008845628997878725, 0.9909592739137001]
(99, 2);3;143;3;stop;0.8;False;True;1317;[0.9882083297359852, 0.011686022597268454]
(99, 2);4;101;3;stop;0.8;False;True;1784;[0.9994078806407213, 0.0003352640151013743]
(99, 2);5;99;3;stop;0.8;False;True;720;[0.9994362196490748, 0.0003249583227594251]
(99, 2);6;108;3;stop;0.2;True;False;312;[0.006288713163940876, 0.9935224379574582]
(99, 2);7;106;3;stop;0.8;False;True;746;[0.9996189139669129, 0.00015114718365013936]
(99, 2);8;61;3;stop;0.8;False;True;623;[0.9996713288494326, 0.0002034014353400115]
(99, 2);9;122;3;stop;0.8;False;True;1305;[0.9993073971990697, 0.0005356964701163827]
(99, 3);0;120;3;stop;1.0;True;True;696;[0.999263114739801, 0.00035683495634207996]
(99, 3);1;224;3;stop;1.0;True;True;637;[0.9996259420119524, 0.0002694510436499712]
(99, 3);2;154;3;stop;1.0;True;True;638;[0.9992801368624623, 0.0003052223519710972]
(99, 3);3;109;3;stop;1.0;True;True;461;[0.9996641810250884, 0.00023779878254992262]
(99, 3);4;115;3;stop;1.0;True;True;755;[0.9992576392398212, 0.00023038864544204973]
(99, 3);5;83;3;stop;1.0;True;True;2164;[0.9995948526409025, 0.00014880031604868016]
(99, 3);6;186;3;stop;1.0;True;True;846;[0.9989343329834818, 0.00068759111390684]
(99, 3);7;95;3;stop;1.0;True;True;810;[0.9993875204043754, 0.0002867607656698566]
(99, 3);8;104;3;stop;1.0;True;True;488;[0.99932977803412, 0.00032492361531952777]
(99, 3);9;227;3;stop;1.0;True;True;849;[0.9994686090767906, 0.00021647592955347588]
(100, 0);0;138;3;stop;1.0;True;False;543;[0.0034826602435892987, 0.9962978839251568]
(100, 0);1;105;3;stop;1.0;True;False;561;[0.004466596717998571, 0.9951333582997834]
(100, 0);2;123;3;stop;1.0;True;False;457;[0.02517292936226909, 0.9745922641453396]
(100, 0);3;92;3;stop;1.0;True;False;317;[0.007118441613477459, 0.9924620705459306]
(100, 0);4;77;3;stop;1.0;True;False;385;[0.0080604145496069, 0.9917441044753973]
(100, 0);5;143;3;stop;1.0;True;False;368;[0.0055543022662534625, 0.9943334920846116]
(100, 0);6;148;3;stop;1.0;True;False;382;[0.03470365808631238, 0.9527429241170452]
(100, 0);7;54;3;stop;1.0;True;False;607;[0.012429792427986582, 0.9874209478882094]
(100, 0);8;73;3;stop;1.0;True;False;510;[0.03409467084058023, 0.9657365666993896]
(100, 0);9;96;3;stop;1.0;True;False;489;[0.005554471772693253, 0.9943639015597756]
(100, 1);0;147;3;stop;1.0;True;False;387;[0.011682378861757069, 0.9879002762161535]
(100, 1);1;144;3;stop;1.0;True;False;413;[0.010326307512672507, 0.98949510273606]
(100, 1);2;150;3;stop;1.0;True;False;885;[0.014063009576419178, 0.9858931595632329]
(100, 1);3;131;3;stop;1.0;True;False;447;[0.01322163792595849, 0.9866890149957624]
(100, 1);4;175;3;stop;1.0;True;False;502;[0.0031724017296608986, 0.996738970230284]
(100, 1);5;95;3;stop;1.0;True;False;661;[0.0025507561054725985, 0.9973879318291662]
(100, 1);6;77;3;stop;1.0;True;False;539;[0.009704623895726254, 0.9898985269627537]
(100, 1);7;106;3;stop;1.0;True;False;461;[0.006903214617374023, 0.993006605758256]
(100, 1);8;60;3;stop;1.0;True;False;424;[0.032097695502166144, 0.9678085100632117]
(100, 1);9;131;3;stop;1.0;True;False;503;[0.01406264746974298, 0.98586766833497]
(100, 2);0;73;3;stop;1.0;True;False;521;[0.0097061742405181, 0.9900567171406396]
(100, 2);1;72;3;stop;1.0;True;False;570;[0.0026312866159810917, 0.9972215815226827]
(100, 2);2;66;3;stop;1.0;True;False;526;[0.0050592541044531345, 0.9947278974748452]
(100, 2);3;132;3;stop;1.0;True;False;646;[0.029261016392281018, 0.9689918511868308]
(100, 2);4;89;3;stop;1.0;True;False;575;[0.01542143902101204, 0.9843767909460912]
(100, 2);5;123;3;stop;1.0;True;False;713;[0.019121893591793816, 0.9807659634312026]
(100, 2);6;93;3;stop;1.0;True;False;370;[0.006691102605396807, 0.9930477490718175]
(100, 2);7;181;3;stop;1.0;True;False;548;[0.053251719112210494, 0.9439093170098843]
(100, 2);8;115;3;stop;1.0;True;False;579;[0.024410355956688456, 0.9750682827167729]
(100, 2);9;173;3;stop;1.0;True;False;489;[0.027549532979147372, 0.9711545857110279]
(100, 3);0;111;3;stop;1.0;True;True;599;[0.9982123204075657, 0.0008032945550638278]
(100, 3);1;80;3;stop;1.0;True;True;451;[0.9994496752903289, 0.00033527808363448014]
(100, 3);2;67;3;stop;1.0;True;True;475;[0.9997251789252996, 0.00013980322521781188]
(100, 3);3;123;3;stop;1.0;True;True;499;[0.9998711513688372, 8.749938912683156e-05]
(100, 3);4;105;3;stop;1.0;True;True;605;[0.9998344457103422, 9.02735602579079e-05]
(100, 3);5;102;3;stop;1.0;True;True;356;[0.9998233630346849, 6.604485472360928e-05]
(100, 3);6;60;3;stop;1.0;True;True;404;[0.9993566839558391, 0.00016338621703557846]
(100, 3);7;219;3;stop;1.0;True;True;440;[0.9974314554504303, 0.0014995772264542917]
(100, 3);8;85;3;stop;1.0;True;True;511;[0.999814544744775, 5.306807615752863e-05]
(100, 3);9;117;3;stop;1.0;True;True;482;[0.9996153404248426, 0.00019106739652913397]
(101, 0);0;87;3;stop;1.0;True;False;458;[0.003271892101807338, 0.9963697142236166]
(101, 0);1;62;3;stop;1.0;True;False;574;[0.0035930678261070523, 0.9962581271428268]
(101, 0);2;64;3;stop;1.0;True;False;451;[0.008313591391290506, 0.9914234143828766]
(101, 0);3;87;3;stop;1.0;True;False;674;[0.00806059903996627, 0.991766851062709]
(101, 0);4;103;3;stop;1.0;True;False;404;[0.0033758947612977028, 0.9964114919585736]
(101, 0);5;97;3;stop;1.0;True;False;600;[0.006094671791169525, 0.9934314875139061]
(101, 0);6;65;3;stop;1.0;True;False;350;[0.04740907503160072, 0.9522367767044074]
(101, 0);7;71;3;stop;1.0;True;False;452;[0.0026312928894647323, 0.9972240709998792]
(101, 0);8;70;3;stop;1.0;True;False;393;[0.004198106691499333, 0.9956378128841943]
(101, 0);9;173;3;stop;1.0;True;False;432;[0.006289291938150612, 0.9936135225786391]
(101, 1);0;194;3;stop;1.0;True;False;591;[0.013559436801733153, 0.9807647029269272]
(101, 1);1;223;3;stop;1.0;True;False;239;[0.009972994456003574, 0.9859748547459478]
(101, 1);2;191;3;stop;1.0;True;False;338;[0.05662738650100093, 0.942930641123822]
(101, 1);3;57;3;stop;1.0;True;False;352;[0.006289570848367647, 0.9936575413148956]
(101, 1);4;97;3;stop;1.0;True;False;377;[0.008058542979906278, 0.991513880410699]
(101, 1);5;85;3;stop;1.0;True;False;335;[0.0053844694961026705, 0.9945287100041832]
(101, 1);6;126;3;stop;1.0;True;False;397;[0.0016996568985345958, 0.9976736906972926]
(101, 1);7;65;3;stop;1.0;True;False;401;[0.01098526523752687, 0.9888620798346065]
(101, 1);8;86;3;stop;1.0;True;False;396;[0.0046084366542706555, 0.9951451633594834]
(101, 1);9;263;3;stop;1.0;True;False;333;[0.020952908737435647, 0.9785064950697497]
(101, 2);0;167;3;stop;1.0;True;False;502;[0.0021822340784679686, 0.9975965707078591]
(101, 2);1;114;3;stop;1.0;True;False;232;[0.0019872224664918303, 0.9977351578881514]
(101, 2);2;48;3;stop;1.0;True;False;364;[0.005219302024821579, 0.9946226922185584]
(101, 2);3;250;3;stop;1.0;True;False;368;[0.011599549512843333, 0.9808957839511712]
(101, 2);4;84;3;stop;1.0;True;False;567;[0.00572965569463704, 0.9941674521493048]
(101, 2);5;61;3;stop;1.0;True;False;280;[0.005729308726825198, 0.9941072483995129]
(101, 2);6;74;3;stop;1.0;True;False;485;[0.002980660350806115, 0.9968944971050906]
(101, 2);7;252;3;stop;1.0;True;False;386;[0.030976567123733832, 0.9636526639295642]
(101, 2);8;204;3;stop;1.0;True;False;397;[0.04985774595176997, 0.9407466755188728]
(101, 2);9;64;3;stop;1.0;True;False;437;[0.004197976575653575, 0.9956069713043547]
(101, 3);0;77;3;stop;1.0;True;True;573;[0.9992679951247885, 0.00011405184618322231]
(101, 3);1;96;3;stop;1.0;True;True;573;[0.9998494613353214, 4.539308939183015e-05]
(101, 3);2;53;3;stop;1.0;True;True;417;[0.9993518026723395, 7.25018485972827e-05]
(101, 3);3;55;3;stop;1.0;True;True;229;[0.9998616171657796, 7.030706384380461e-05]
(101, 3);4;107;3;stop;1.0;True;True;452;[0.9994419352857232, 0.00010549912494158639]
(101, 3);5;36;3;stop;1.0;True;True;254;[0.9998094206693467, 6.814036869755475e-05]
(101, 3);6;118;3;stop;1.0;True;True;548;[0.9993859725647344, 0.00011953944393807949]
(101, 3);7;120;3;stop;1.0;True;True;335;[0.9998067990774478, 6.013349227301687e-05]
(101, 3);8;76;3;stop;1.0;True;True;443;[0.9994950461542034, 9.31075345427974e-05]
(101, 3);9;63;3;stop;1.0;True;True;295;[0.9996969426627755, 6.203553025491647e-05]
(102, 0);0;76;2;stop;1.0;True;False;363;[0.0062875287920980275, 0.9933351427073918]
(102, 0);1;90;2;stop;1.0;True;False;452;[0.0035930541196671838, 0.9962541042787108]
(102, 0);2;66;2;stop;1.0;True;False;312;[0.007576118165548587, 0.9922758789901649]
(102, 0);3;89;2;stop;1.0;True;False;518;[0.011329166039164803, 0.9884423780061459]
(102, 0);4;50;2;stop;1.0;True;False;441;[0.02095216940719578, 0.9784719116490115]
(102, 0);5;68;2;stop;1.0;True;False;408;[0.013221625316827992, 0.986687738608716]
(102, 0);6;72;2;stop;1.0;True;False;443;[0.014954043148184444, 0.9848425306712582]
(102, 0);7;82;2;stop;1.0;True;False;457;[0.005059468816200258, 0.9947700093749403]
(102, 0);8;33;2;stop;1.0;True;False;471;[0.009123586811268718, 0.9906514930479616]
(102, 0);9;49;2;stop;1.0;True;False;572;[0.0049044928387272915, 0.9949092282215524]
(102, 1);0;32;2;stop;1.0;True;False;375;[0.004904570014600608, 0.9949249223182015]
(102, 1);1;137;2;stop;1.0;True;False;438;[0.018539815098592826, 0.9810962037575168]
(102, 1);2;70;2;stop;1.0;True;False;364;[0.006901763126217805, 0.9927978847901364]
(102, 1);3;64;2;stop;1.0;True;False;324;[0.005218632592084205, 0.9944954613248509]
(102, 1);4;132;2;stop;1.0;True;False;597;[0.019711843985001355, 0.9799187294275531]
(102, 1);5;76;2;stop;1.0;True;False;358;[0.010011282919712799, 0.9897601231101616]
(102, 1);6;103;2;stop;1.0;True;False;468;[0.011682506986083417, 0.9879110961084306]
(102, 1);7;47;2;stop;1.0;True;False;508;[0.005383884134472862, 0.9944205997140128]
(102, 1);8;36;2;stop;1.0;True;False;336;[0.006691731176490627, 0.9931409808794658]
(102, 1);9;54;2;stop;1.0;True;False;341;[0.014500246217240371, 0.9852700589019496]
(102, 2);0;53;2;stop;1.0;True;True;293;[0.9997588977517851, 7.966013547060624e-05]
(102, 2);1;109;2;stop;1.0;True;True;309;[0.9997919038886942, 7.030216936118254e-05]
(102, 2);2;112;2;stop;1.0;True;True;491;[0.9996129580899547, 0.00012727796126594333]
(102, 2);3;75;2;stop;1.0;True;True;359;[0.9995773433723147, 0.0001006816018290246]
(102, 2);4;89;2;stop;1.0;True;True;536;[0.9994487226648777, 0.00011586889474456412]
(102, 2);5;166;2;stop;1.0;True;True;557;[0.9995018342431148, 0.00013977203024028727]
(102, 2);6;81;2;stop;1.0;True;True;499;[0.9996783576121202, 9.608076786942426e-05]
(102, 2);7;201;2;stop;1.0;True;True;303;[0.9972524050874361, 0.001079911322079466]
(102, 2);8;124;2;stop;1.0;True;True;363;[0.999718626070755, 0.0001159001708014028]
(102, 2);9;175;2;stop;1.0;True;True;381;[0.9998093015118814, 9.313684126138913e-05]
(102, 3);0;98;2;stop;1.0;True;False;389;[0.017983930111328053, 0.9818891571175044]
(102, 3);1;65;2;stop;1.0;True;False;551;[0.012819098460811097, 0.9870160551284564]
(102, 3);2;237;2;stop;1.0;True;False;618;[0.024411729487572458, 0.9751230301573723]
(102, 3);3;109;2;stop;1.0;True;False;444;[0.0071204615308020055, 0.9927438383489751]
(102, 3);4;63;2;stop;1.0;True;False;412;[0.004330629568004492, 0.9954677934233964]
(102, 3);5;96;2;stop;1.0;True;False;354;[0.032087572593933085, 0.9675033313691092]
(102, 3);6;77;2;stop;1.0;True;False;355;[0.012052384027156046, 0.9878318716622911]
(102, 3);7;61;2;stop;1.0;True;False;510;[0.00806124478947844, 0.9918461213666989]
(102, 3);8;59;2;stop;1.0;True;False;461;[0.005729382489876909, 0.9941199717618528]
(102, 3);9;46;2;stop;1.0;True;False;347;[0.010327425313706244, 0.9896020282469566]
(103, 0);0;148;1;stop;1.0;True;False;289;[0.007574449339884257, 0.9920571409933201]
(103, 0);1;147;1;stop;1.0;True;False;568;[0.01743343228699367, 0.9820477859005877]
(103, 0);2;116;1;stop;1.0;True;False;866;[0.002799919063199359, 0.9968403592482904]
(103, 0);3;97;1;stop;1.0;True;False;603;[0.010647345082171664, 0.9888677915803858]
(103, 0);4;119;1;stop;1.0;True;False;1146;[0.015416138047871402, 0.9840383382958622]
(103, 0);5;69;1;stop;1.0;True;False;523;[0.09790943610642333, 0.9003584348152414]
(103, 0);6;178;1;stop;1.0;True;False;632;[0.010981253522309527, 0.9885009659392254]
(103, 0);7;58;1;stop;1.0;True;False;652;[0.043338698786178416, 0.9560364529695532]
(103, 0);8;244;1;stop;1.0;True;False;448;[0.009675708007166047, 0.9869490510269225]
(103, 0);9;188;1;stop;1.0;True;False;280;[0.00734431765476181, 0.9924500939707445]
(103, 1);0;125;1;stop;1.0;True;True;439;[0.9995744847554361, 0.00014649044715810827]
(103, 1);1;122;1;stop;1.0;True;True;899;[0.9977600792348443, 0.0017537611563277118]
(103, 1);2;187;1;stop;1.0;True;True;676;[0.9994907589485971, 0.00035691629834739587]
(103, 1);3;110;1;stop;1.0;True;True;913;[0.9983239893464697, 0.00024501833508880035]
(103, 1);4;132;1;stop;1.0;True;True;443;[0.9974466361470575, 0.0004164239105331907]
(103, 1);5;140;1;stop;1.0;True;True;571;[0.9975204114727256, 0.0005182862350085641]
(103, 1);6;245;1;stop;1.0;True;True;858;[0.9974828108334906, 0.0005347182628788029]
(103, 1);7;143;1;stop;1.0;True;True;525;[0.9973786822186886, 0.0005346624265896878]
(103, 1);8;163;1;stop;1.0;True;True;562;[0.9997001593541024, 0.00026947108794158416]
(103, 1);9;133;1;stop;1.0;True;True;625;[0.9943626050576523, 0.0006429758573329487]
(103, 2);0;179;1;stop;1.0;True;False;401;[0.012047971120379032, 0.987470115003341]
(103, 2);1;104;1;stop;1.0;True;False;555;[0.020324176956775564, 0.9792736607866689]
(103, 2);2;220;1;stop;1.0;True;False;480;[0.014502541932011032, 0.9854257308304875]
(103, 2);3;160;1;stop;1.0;True;False;460;[0.31991477359754955, 0.6772595608367444]
(103, 2);4;114;1;stop;1.0;True;False;709;[0.013217748579512405, 0.9863983786196239]
(103, 2);5;160;1;stop;1.0;True;False;717;[0.03019890977974945, 0.9692821748030865]
(103, 2);6;98;1;stop;1.0;True;False;583;[0.010326002231223182, 0.9894655742984263]
(103, 2);7;126;1;stop;1.0;True;False;309;[0.010010457094731936, 0.989678733679476]
(103, 2);8;134;1;stop;1.0;True;False;588;[0.0301984489844708, 0.9692673920652827]
(103, 2);9;112;1;stop;1.0;True;False;411;[0.014061534385382496, 0.9857898141265763]
(103, 3);0;139;1;stop;1.0;True;False;962;[0.02227020513189043, 0.9770126331011801]
(103, 3);1;136;1;stop;1.0;True;False;527;[0.030207630215777263, 0.9695621397320694]
(103, 3);2;99;1;stop;1.0;True;False;603;[0.008572717241909548, 0.9908713676351205]
(103, 3);3;45;1;stop;1.0;True;False;238;[0.027580224118732143, 0.9722364785115241]
(103, 3);4;85;1;stop;1.0;True;False;305;[0.0059097588881334585, 0.9938685080516185]
(103, 3);5;69;1;stop;1.0;True;False;341;[0.007344012983291805, 0.9924089999115451]
(103, 3);6;120;1;stop;1.0;True;False;492;[0.03510037962458406, 0.9636343987631052]
(103, 3);7;80;1;stop;1.0;True;False;467;[0.016911474285389243, 0.9828852334121025]
(103, 3);8;97;1;stop;1.0;True;False;386;[0.008313028489788323, 0.9913560446098477]
(103, 3);9;114;1;stop;1.0;True;False;497;[0.012426408579155548, 0.9871520664651369]
(104, 0);0;85;3;stop;1.0;True;False;494;[0.03618854517313845, 0.9629414936566134]
(104, 0);1;147;3;stop;1.0;True;False;570;[0.08749395284292133, 0.9117079992674195]
(104, 0);2;183;3;stop;1.0;True;False;552;[0.0136265346097617, 0.9856179299309622]
(104, 0);3;91;3;stop;1.0;True;False;326;[0.00970605390638595, 0.9900445653578653]
(104, 0);4;183;3;stop;1.0;True;False;527;[0.0361981494353267, 0.9631970141305153]
(104, 0);5;107;3;stop;1.0;True;False;479;[0.03729344119451201, 0.9618105859997151]
(104, 0);6;91;3;stop;1.0;True;False;315;[0.01853912113447054, 0.9810594858115594]
(104, 0);7;134;3;stop;1.0;True;False;538;[0.04082119690148359, 0.9585784267735388]
(104, 0);8;162;3;stop;1.0;True;False;596;[0.008576626060133704, 0.9913230067856786]
(104, 0);9;235;3;stop;1.0;True;False;417;[0.06799316762983901, 0.8546203441613471]
(104, 1);0;103;3;stop;1.0;True;False;483;[0.038453647082638855, 0.9612202992459942]
(104, 1);1;71;3;stop;1.0;True;False;575;[0.005218963564824475, 0.9945581880796643]
(104, 1);2;91;3;stop;1.0;True;False;444;[0.009706326974449661, 0.9900723757242501]
(104, 1);3;83;3;stop;1.0;True;False;428;[0.00940939052587425, 0.9902508440879181]
(104, 1);4;84;3;stop;1.0;True;False;428;[0.008844545057676349, 0.9908376603304223]
(104, 1);5;75;3;stop;1.0;True;False;642;[0.04207256059815499, 0.9575671440087936]
(104, 1);6;104;3;stop;1.0;True;False;434;[0.02296481473697697, 0.976488790554621]
(104, 1);7;149;3;stop;1.0;True;False;327;[0.04206532895516744, 0.9574025561261561]
(104, 1);8;120;3;stop;1.0;True;False;460;[0.03620509750270644, 0.9633818558652638]
(104, 1);9;96;3;stop;1.0;True;False;362;[0.01363204572097479, 0.9860165758825578]
(104, 2);0;119;3;stop;1.0;True;False;503;[0.030191746648171005, 0.9690524106803697]
(104, 2);1;110;3;stop;1.0;True;False;544;[0.017434604446469368, 0.9821137822317769]
(104, 2);2;111;3;stop;1.0;True;False;420;[0.023682721028710794, 0.9760322781143314]
(104, 2);3;231;3;stop;1.0;True;False;387;[0.07775554668460798, 0.19547742282973565]
(104, 2);4;92;3;stop;1.0;True;False;400;[0.0028883793095179724, 0.996695862279908]
(104, 2);5;55;3;stop;1.0;True;False;276;[0.015419291944065005, 0.9842396953586309]
(104, 2);6;91;3;stop;1.0;True;False;370;[0.0011693329831622193, 0.9986791199932034]
(104, 2);7;117;3;stop;1.0;True;False;340;[0.020321182558642393, 0.9791295248627341]
(104, 2);8;91;3;stop;1.0;True;False;516;[0.006287154037346532, 0.9932759805613857]
(104, 2);9;161;3;stop;1.0;True;False;373;[0.005058171034682771, 0.9945149148743455]
(104, 3);0;165;3;stop;1.0;True;True;446;[0.9991231507365705, 8.743390859309029e-05]
(104, 3);1;212;3;stop;1.0;True;True;630;[0.9987574776557276, 0.00030268857348077113]
(104, 3);2;114;3;stop;1.0;True;True;583;[0.9996865778227431, 0.00013549663405845123]
(104, 3);3;164;3;stop;1.0;True;True;465;[0.9994889726522923, 0.00011230848197840381]
(104, 3);4;198;3;stop;1.0;True;True;713;[0.9995135052712056, 0.00012334979537331794]
(104, 3);5;279;3;stop;1.0;True;True;457;[0.9709487673113156, 0.0006762060903649074]
(104, 3);6;96;3;stop;1.0;True;True;647;[0.9994170489528312, 0.00010549650906706516]
(104, 3);7;112;3;stop;1.0;True;True;269;[0.9995703160180524, 0.00011588292924545425]
(104, 3);8;139;3;stop;1.0;True;True;475;[0.9988078993570564, 0.0002375949923728269]
(104, 3);9;163;3;stop;1.0;True;True;328;[0.9994266937381971, 0.00021311083866853834]
(105, 0);0;126;3;stop;1.0;True;False;924;[0.013221051614111084, 0.9866449148965436]
(105, 0);1;149;3;stop;1.0;True;False;876;[0.02297314408489767, 0.9768428852088162]
(105, 0);2;68;3;stop;1.0;True;False;1195;[0.001597663868196962, 0.9982888227767537]
(105, 0);3;70;3;stop;1.0;True;False;546;[0.0006877603151220591, 0.9991802741521272]
(105, 0);4;87;3;stop;1.0;True;False;782;[0.032091619843817046, 0.9676253134360213]
(105, 0);5;46;3;stop;1.0;True;False;481;[0.0006070479408320465, 0.9993472786325466]
(105, 0);6;83;3;stop;1.0;True;False;867;[0.0038236683748445496, 0.995963127490198]
(105, 0);7;73;3;stop;1.0;True;False;523;[0.004467761892037454, 0.9953930217769332]
(105, 0);8;61;3;stop;1.0;True;False;1197;[0.01639729174470954, 0.9832527442450156]
(105, 0);9;80;3;stop;1.0;True;False;636;[0.010648822606163096, 0.9890048971932138]
(105, 1);0;136;3;stop;0.6;True;False;858;[0.005728606659390273, 0.9939854493685375]
(105, 1);1;178;3;stop;0.6;True;False;1497;[0.0017543600196284132, 0.9981007951428201]
(105, 1);2;95;3;stop;0.4;False;True;386;[0.998911018253057, 0.00016849743181472423]
(105, 1);3;106;3;stop;0.6;True;False;864;[0.0021155466840741817, 0.9978105190015754]
(105, 1);4;71;3;stop;0.4;False;True;418;[0.9997252980727391, 6.81346503701894e-05]
(105, 1);5;72;3;stop;0.4;False;True;501;[0.9996631088805747, 0.00014881053370632916]
(105, 1);6;106;3;stop;0.6;True;False;1293;[0.0024721667788118167, 0.9973433449496467]
(105, 1);7;64;3;stop;0.6;True;False;755;[0.0088458778589304, 0.9909870195272563]
(105, 1);8;64;3;stop;0.4;False;True;659;[0.9991913425747073, 0.00017389503014530726]
(105, 1);9;176;3;stop;0.6;True;False;807;[0.0035929770219171498, 0.9962329257663675]
(105, 2);0;69;3;stop;1.0;True;False;852;[0.0038239637555333374, 0.9960399948148028]
(105, 2);1;97;3;stop;1.0;True;False;969;[0.0021155164211525733, 0.997795920529829]
(105, 2);2;66;3;stop;1.0;True;False;1467;[0.01168439559023708, 0.9880706305883933]
(105, 2);3;70;3;stop;1.0;True;False;379;[0.005059707663568333, 0.9948170797969794]
(105, 2);4;108;3;stop;1.0;True;False;927;[0.004198218794538881, 0.9956642841901183]
(105, 2);5;56;3;stop;1.0;True;False;1248;[0.0006877954066324016, 0.9992310957222084]
(105, 2);6;142;3;stop;1.0;True;False;541;[0.005909860336739016, 0.9938855825033214]
(105, 2);7;89;3;stop;1.0;True;False;488;[0.002251655933312347, 0.997663367827202]
(105, 2);8;92;3;stop;1.0;True;False;1096;[0.010981588648685401, 0.9885310198161107]
(105, 2);9;284;3;stop;1.0;True;False;1899;[0.08338361310904745, 0.8688772009806498]
(105, 3);0;68;3;stop;1.0;True;True;669;[0.9997161240814908, 0.00015841629760656942]
(105, 3);1;110;3;stop;1.0;True;True;638;[0.999413476859578, 0.00014877335615375421]
(105, 3);2;89;3;stop;1.0;True;True;542;[0.9993112066439958, 0.00022331225785119597]
(105, 3);3;60;3;stop;1.0;True;True;710;[0.9999111969660766, 4.832368756680444e-05]
(105, 3);4;64;3;stop;1.0;True;True;853;[0.9997801072260226, 8.219054402043303e-05]
(105, 3);5;67;3;stop;1.0;True;True;464;[0.999546733413629, 0.00012335391268564498]
(105, 3);6;65;3;stop;1.0;True;True;649;[0.9995269630002162, 0.0001535133502415957]
(105, 3);7;87;3;stop;1.0;True;True;550;[0.9995488772214536, 9.911784244788612e-05]
(105, 3);8;164;3;stop;1.0;True;True;506;[0.999469799896984, 0.00013129941358079405]
(105, 3);9;51;3;stop;1.0;True;True;344;[0.999742335924553, 7.029868308821527e-05]
(106, 0);0;60;3;stop;1.0;True;False;346;[0.007573510335579711, 0.9919340836359124]
(106, 0);1;94;3;stop;1.0;True;False;446;[0.0060926610560740795, 0.9931037094886671]
(106, 0);2;105;3;stop;1.0;True;False;497;[0.009407672258665567, 0.9900698049775973]
(106, 0);3;86;3;stop;1.0;True;False;620;[0.006487521615420761, 0.9933972527368745]
(106, 0);4;57;3;stop;1.0;True;False;552;[0.0023964421371664734, 0.9974830479552195]
(106, 0);5;107;3;stop;1.0;True;False;501;[0.0016475375632946238, 0.9977791863784151]
(106, 0);6;81;3;stop;1.0;True;False;600;[0.004904972284267866, 0.9950067047292754]
(106, 0);7;62;3;stop;1.0;True;False;485;[0.002251450871066253, 0.9975724879745596]
(106, 0);8;63;3;stop;1.0;True;False;394;[0.003944736142675824, 0.9958850891118279]
(106, 0);9;52;3;stop;1.0;True;False;338;[0.00030533997204625226, 0.9996653723401436]
(106, 1);0;52;3;stop;1.0;True;False;356;[0.0106508132718945, 0.9891898632655464]
(106, 1);1;53;3;stop;1.0;True;False;669;[0.005729450789845626, 0.9941318708106323]
(106, 1);2;164;3;stop;1.0;True;False;302;[0.004897232050367642, 0.9934366640503227]
(106, 1);3;69;3;stop;1.0;True;False;443;[0.0018099699812832587, 0.9980569757765628]
(106, 1);4;86;3;stop;1.0;True;False;365;[0.007343494720633858, 0.9923389135159646]
(106, 1);5;77;3;stop;1.0;True;False;224;[0.013221965767572258, 0.9867133870456045]
(106, 1);6;98;3;stop;1.0;True;False;439;[0.0031723034044480185, 0.9967080601947179]
(106, 1);7;53;3;stop;1.0;True;False;534;[0.0018098940335137942, 0.9980148226716135]
(106, 1);8;234;3;stop;1.0;True;False;599;[0.023565982395256913, 0.9712212610396136]
(106, 1);9;44;3;stop;1.0;True;False;506;[0.020948942636040614, 0.9783213955110592]
(106, 2);0;128;3;stop;1.0;True;False;799;[0.002386644035048131, 0.993404546829848]
(106, 2);1;194;3;stop;1.0;True;False;428;[0.0020465216681865676, 0.9958947842147615]
(106, 2);2;85;3;stop;1.0;True;False;618;[0.0015977499567976304, 0.9983425239687141]
(106, 2);3;45;3;stop;1.0;True;False;558;[0.006288440288878881, 0.9934793726615505]
(106, 2);4;56;3;stop;1.0;True;False;498;[0.009410077023212959, 0.9903228572815115]
(106, 2);5;73;3;stop;1.0;True;False;396;[0.009410902681120296, 0.9904100821377605]
(106, 2);6;201;3;stop;1.0;True;False;551;[0.02297243753381931, 0.9768128564499124]
(106, 2);7;72;3;stop;1.0;True;False;502;[0.0019262446273489294, 0.9978196580816306]
(106, 2);8;76;3;stop;1.0;True;False;403;[0.008571323418797915, 0.9907102257619522]
(106, 2);9;59;3;stop;1.0;True;False;309;[0.005059570144009666, 0.9947897101036014]
(106, 3);0;46;3;stop;1.0;True;True;453;[0.999708141656833, 2.6681454435170647e-05]
(106, 3);1;47;3;stop;1.0;True;True;334;[0.9995613830720727, 4.196965544589689e-05]
(106, 3);2;205;3;stop;1.0;True;True;588;[0.9993543028190954, 0.0001354516730780273]
(106, 3);3;181;3;stop;1.0;True;True;560;[0.9984104904488169, 0.00019384227815602602]
(106, 3);4;43;3;stop;1.0;True;True;498;[0.999952795348734, 1.9525354034356526e-05]
(106, 3);5;149;3;stop;1.0;True;True;386;[0.9959601713514822, 0.00029484866080749646]
(106, 3);6;91;3;stop;1.0;True;True;498;[0.9997140986828226, 4.399053317561188e-05]
(106, 3);7;25;3;stop;1.0;True;True;530;[0.9997777240910909, 3.426205082909494e-05]
(106, 3);8;85;3;stop;1.0;True;True;531;[0.9995836561668822, 5.6477583221846877e-05]
(106, 3);9;64;3;stop;1.0;True;True;374;[0.999826818902885, 6.20435767668199e-05]
(107, 0);0;152;0;stop;1.0;True;True;505;[0.9994856381906444, 0.00014878413952551826]
(107, 0);1;86;0;stop;1.0;True;True;473;[0.9988106346502004, 0.00017934662259135498]
(107, 0);2;72;0;stop;1.0;True;True;517;[0.999576033177958, 0.0001123182290213879]
(107, 0);3;89;0;stop;1.0;True;True;324;[0.9996450015921765, 9.0256515735174e-05]
(107, 0);4;66;0;stop;1.0;True;True;313;[0.9994184778169769, 0.0003919674562725553]
(107, 0);5;74;0;stop;1.0;True;True;457;[0.9996880074504653, 9.913164422525251e-05]
(107, 0);6;81;0;stop;1.0;True;True;768;[0.999369184987739, 0.00015348904947644048]
(107, 0);7;84;0;stop;1.0;True;True;617;[0.9998443369063489, 4.539287294122874e-05]
(107, 0);8;72;0;stop;1.0;True;True;565;[0.9995890161257782, 0.00019407108788376229]
(107, 0);9;298;0;stop;1.0;True;True;530;[0.9993683515729912, 0.00041722629511021115]
(107, 1);0;95;0;stop;0.9;True;False;434;[0.05029542185775956, 0.9490049753429213]
(107, 1);1;138;0;stop;0.9;True;False;644;[0.058312948758080886, 0.9411232521648661]
(107, 1);2;76;0;stop;0.9;True;False;585;[0.013634327505266074, 0.9861817596561909]
(107, 1);3;61;0;stop;0.9;True;False;723;[0.013219500850051368, 0.9865291146561596]
(107, 1);4;137;0;stop;0.9;True;False;367;[0.054979154109068576, 0.9445456330990135]
(107, 1);5;205;0;stop;0.9;True;False;1164;[0.016893774967319863, 0.9818565170840616]
(107, 1);6;152;0;stop;0.9;True;False;448;[0.056627427004078495, 0.9429312769209932]
(107, 1);7;86;0;stop;0.9;True;False;658;[0.03960991385084527, 0.9596603483634952]
(107, 1);8;63;0;stop;0.1;False;True;611;[0.9997960744958984, 9.914232774214144e-05]
(107, 1);9;257;0;stop;0.9;True;False;824;[0.07982642445634859, 0.9135650230160103]
(107, 2);0;163;0;stop;1.0;True;False;761;[0.3043334017955926, 0.6858258874180981]
(107, 2);1;135;0;stop;1.0;True;False;485;[0.03207596158006607, 0.9671530743661487]
(107, 2);2;30;0;stop;1.0;True;False;376;[0.014500066447693557, 0.985257908061424]
(107, 2);3;211;0;stop;1.0;True;False;481;[0.1628034273822627, 0.8267840495763321]
(107, 2);4;161;0;stop;1.0;True;False;347;[0.08266121271453208, 0.9169019002659434]
(107, 2);5;106;0;stop;1.0;True;False;473;[0.01853967365156848, 0.98108885932742]
(107, 2);6;109;0;stop;1.0;True;False;424;[0.031123188048858042, 0.9682141087574208]
(107, 2);7;87;0;stop;1.0;True;False;332;[0.029289382099780475, 0.9699310788524889]
(107, 2);8;197;0;stop;1.0;True;False;488;[0.013581651532817407, 0.9823718723290029]
(107, 2);9;98;0;stop;1.0;True;False;348;[0.025945440552429925, 0.9735954014453053]
(107, 3);0;174;0;stop;0.8;True;False;3827;[0.04083227402528586, 0.9588385403150848]
(107, 3);1;337;0;stop;0.8;True;False;1213;[0.26766491709525764, 0.727588636888372]
(107, 3);2;290;0;stop;0.8;True;False;2485;[0.10009688933670881, 0.8921538766720006]
(107, 3);3;155;0;stop;0.2;False;True;1812;[0.9987985043728406, 0.00043022505327797855]
(107, 3);4;240;0;stop;0.8;True;False;1908;[0.10528489879585021, 0.8815396646655075]
(107, 3);5;148;0;stop;0.8;True;False;2850;[0.019116929469250536, 0.9805114675965931]
(107, 3);6;111;0;stop;0.8;True;False;657;[0.00648674519555094, 0.9932782150471587]
(107, 3);7;302;0;stop;0.8;True;False;1454;[0.35300851395566946, 0.6392158021399775]
(107, 3);8;92;0;stop;0.8;True;False;501;[0.015422931856839704, 0.9844722150683072]
(107, 3);9;62;0;stop;0.2;False;True;536;[0.9986306133642553, 0.0004874268012936637]
(108, 0);0;38;3;stop;1.0;True;False;644;[0.003172220208571254, 0.9966818885722671]
(108, 0);1;44;3;stop;1.0;True;False;488;[0.018542639844803758, 0.981245737636227]
(108, 0);2;97;3;stop;1.0;True;False;369;[0.053383325220571896, 0.9462421580991416]
(108, 0);3;55;3;stop;1.0;True;False;411;[0.010322851466218117, 0.989164085048222]
(108, 0);4;66;3;stop;1.0;True;False;374;[0.01911497425967519, 0.980411082207653]
(108, 0);5;79;3;stop;1.0;True;False;362;[0.01590235919609422, 0.9838442151698668]
(108, 0);6;294;3;stop;1.0;True;False;554;[0.008553309976121462, 0.9886284155695346]
(108, 0);7;54;3;stop;1.0;True;False;552;[0.014950827573766466, 0.9846306403413619]
(108, 0);8;60;3;stop;1.0;True;False;495;[0.005552692213048899, 0.9940456383358875]
(108, 0);9;93;3;stop;1.0;True;False;392;[0.013634138967304187, 0.9861679627466978]
(108, 1);0;223;3;stop;1.0;True;False;347;[0.056636459913970996, 0.9430817024214238]
(108, 1);1;71;3;stop;1.0;True;False;285;[0.010982814041557303, 0.9886413482552517]
(108, 1);2;105;3;stop;1.0;True;False;463;[0.016398097104800467, 0.9833008045240413]
(108, 1);3;37;3;stop;1.0;True;False;880;[0.007575178954359762, 0.9921524161161434]
(108, 1);4;57;3;stop;1.0;True;False;550;[0.020949202357741715, 0.9783333751584705]
(108, 1);5;50;3;stop;1.0;True;False;415;[0.02517549821838751, 0.9746916888224579]
(108, 1);6;59;3;stop;1.0;True;False;659;[0.011328674452602544, 0.9883996355487379]
(108, 1);7;45;3;stop;1.0;True;False;359;[0.004608964078170633, 0.9952590992304039]
(108, 1);8;129;3;stop;1.0;True;False;484;[0.020326527238432868, 0.9793868489682023]
(108, 1);9;49;3;stop;1.0;True;False;789;[0.014502161592699965, 0.985400264536207]
(108, 2);0;81;3;stop;1.0;True;False;681;[0.003944771881776391, 0.9958944294463447]
(108, 2);1;167;3;stop;1.0;True;False;514;[0.008060172412418338, 0.9917140896061394]
(108, 2);2;62;3;stop;1.0;True;False;435;[0.0041982227982742286, 0.9956654660150738]
(108, 2);3;62;3;stop;1.0;True;False;479;[0.022282117818476353, 0.977535330977259]
(108, 2);4;194;3;stop;1.0;True;False;734;[0.025165236366248588, 0.9742944520244438]
(108, 2);5;210;3;stop;1.0;True;False;547;[0.006096773311403123, 0.9937738446490355]
(108, 2);6;61;3;stop;1.0;True;False;439;[0.012425549429721018, 0.9870835335376096]
(108, 2);7;58;3;stop;1.0;True;False;438;[0.005728784216955701, 0.9940159551236514]
(108, 2);8;103;3;stop;1.0;True;False;397;[0.011326524687294495, 0.9882119383985603]
(108, 2);9;61;3;stop;1.0;True;False;590;[0.02516938861181851, 0.9744551645188686]
(108, 3);0;61;3;stop;1.0;True;True;465;[0.9998319431547771, 8.887382891616563e-05]
(108, 3);1;69;3;stop;1.0;True;True;615;[0.9989364741404899, 0.0005190219927075614]
(108, 3);2;295;3;stop;1.0;True;True;365;[0.9977457196144514, 0.0012243050889538668]
(108, 3);3;50;3;stop;1.0;True;True;507;[0.999192294722194, 0.0001464344364936868]
(108, 3);4;118;3;stop;1.0;True;True;697;[0.9993762095027766, 0.00040439267677775894]
(108, 3);5;54;3;stop;1.0;True;True;481;[0.9992797797247636, 0.0003568409117176039]
(108, 3);6;339;3;stop;1.0;True;True;401;[0.9927098861383563, 0.004597159853352706]
(108, 3);7;131;3;stop;1.0;True;True;499;[0.9997324467414286, 7.252944196401803e-05]
(108, 3);8;27;3;stop;1.0;True;True;552;[0.9997385232067433, 9.026495151082463e-05]
(108, 3);9;138;3;stop;1.0;True;True;563;[0.999833373179526, 9.609561303736868e-05]
(109, 0);0;166;3;stop;1.0;True;False;423;[0.11912861685361072, 0.8802481247363745]
(109, 0);1;95;3;stop;1.0;True;False;3363;[0.008057882077618714, 0.9914324372536213]
(109, 0);2;245;3;stop;1.0;True;False;919;[0.0889345439597429, 0.898207048710975]
(109, 0);3;88;3;stop;1.0;True;False;2925;[0.015417674480808347, 0.9841363509338805]
(109, 0);4;79;3;stop;1.0;True;False;687;[0.012817533724961857, 0.9868952912780108]
(109, 0);5;210;3;stop;1.0;True;False;1106;[0.4216100677250139, 0.5762726369474029]
(109, 0);6;83;3;stop;1.0;True;False;1434;[0.031124657312099235, 0.9682597043837068]
(109, 0);7;106;3;stop;1.0;True;False;1313;[0.01743668293716427, 0.9822307345692148]
(109, 0);8;194;3;stop;1.0;True;False;500;[0.35052223328312077, 0.5779134618671936]
(109, 0);9;116;3;stop;1.0;True;False;2134;[0.04883088622079116, 0.9506187766655553]
(109, 1);0;237;3;stop;1.0;True;False;963;[0.022921420720071566, 0.974643673535635]
(109, 1);1;104;3;stop;1.0;True;False;1119;[0.06006151236033719, 0.9395200372607612]
(109, 1);2;320;3;stop;1.0;True;False;864;[0.008576110779209596, 0.9912638500055545]
(109, 1);3;211;3;stop;1.0;True;False;1326;[0.013218196079758125, 0.9864321324219857]
(109, 1);4;227;3;stop;1.0;True;False;1814;[0.011684495878639263, 0.9880790100788004]
(109, 1);5;212;3;stop;1.0;True;False;895;[0.016907870052872483, 0.9826757959132099]
(109, 1);6;119;3;stop;1.0;True;False;2024;[0.016399504625168034, 0.9833852989477059]
(109, 1);7;82;3;stop;1.0;True;False;826;[0.018539695752594898, 0.981089891820492]
(109, 1);8;240;3;stop;1.0;True;False;694;[0.016397932901960108, 0.9832911230487587]
(109, 1);9;131;3;stop;1.0;True;False;1125;[0.02032152170779546, 0.9791457529103259]
(109, 2);0;176;3;stop;0.9;True;False;1359;[0.033079244774929586, 0.9667171681467333]
(109, 2);1;303;3;stop;0.9;True;False;1361;[0.004069858475385004, 0.9958615622079209]
(109, 2);2;379;3;stop;0.9;True;False;1356;[0.10235978679036442, 0.8842536059020033]
(109, 2);3;227;3;stop;0.9;True;False;831;[0.012428761175048205, 0.9873388965666714]
(109, 2);4;167;3;stop;0.9;True;False;999;[0.10658996006177673, 0.8924668221596278]
(109, 2);5;258;3;stop;0.1;False;True;2495;[0.49575729385422584, 0.49575729385422584]
(109, 2);6;265;3;stop;0.9;True;False;1700;[0.018518755801452663, 0.9799819213038387]
(109, 2);7;191;3;stop;0.9;True;False;1127;[0.042084559241391886, 0.9578400499126494]
(109, 2);8;304;3;stop;0.9;True;False;263;[0.08020070903776919, 0.9178484489003854]
(109, 2);9;231;3;stop;0.9;True;False;1842;[0.01691177265673687, 0.9829023933354781]
(109, 3);0;116;3;stop;1.0;True;True;1112;[0.9992345474639182, 0.0001312684886542498]
(109, 3);1;167;3;stop;1.0;True;True;1209;[0.9997422167750828, 7.96588439940462e-05]
(109, 3);2;242;3;stop;1.0;True;True;595;[0.9937305218142068, 0.0032126343607432385]
(109, 3);3;96;3;stop;1.0;True;True;895;[0.9992024112362206, 0.00016336097659270046]
(109, 3);4;103;3;stop;1.0;True;True;794;[0.9989668087765755, 0.00015829759514339776]
(109, 3);5;106;3;stop;1.0;True;True;1362;[0.9991187477666098, 0.0001794020475525413]
(109, 3);6;239;3;stop;1.0;True;True;1189;[0.9947678859497583, 0.0013198387808306463]
(109, 3);7;382;3;stop;1.0;True;True;1082;[0.9915786936331336, 0.005988991866116569]
(109, 3);8;133;3;stop;1.0;True;True;790;[0.9992532350373858, 0.00014874952199990036]
(109, 3);9;209;3;stop;1.0;True;True;975;[0.982859438251848, 0.015886443211111496]
(110, 0);0;84;0;stop;1.0;True;True;447;[0.9995523311954484, 0.00012727019307275913]
(110, 0);1;76;0;stop;1.0;True;True;561;[0.9998917696795575, 3.647593735964029e-05]
(110, 0);2;140;0;stop;1.0;True;True;765;[0.9993559696258544, 0.0001910176580174276]
(110, 0);3;94;0;stop;1.0;True;True;503;[0.9996914623707467, 0.00010887512328065765]
(110, 0);4;134;0;stop;1.0;True;True;488;[0.9993569220465575, 0.00011953590993769725]
(110, 0);5;97;0;stop;1.0;True;True;582;[0.9995763905088108, 9.607096398525629e-05]
(110, 0);6;105;0;stop;1.0;True;True;618;[0.9996075978572159, 8.478491553610794e-05]
(110, 0);7;68;0;stop;1.0;True;True;631;[0.9996105757607444, 0.00011588768146954643]
(110, 0);8;130;0;stop;1.0;True;True;707;[0.9995671001227027, 0.00015839273126115803]
(110, 0);9;121;0;stop;1.0;True;True;534;[0.9995311313822538, 0.00014879080858076969]
(110, 1);0;144;0;stop;1.0;True;False;326;[0.002980852231079523, 0.9969584749722814]
(110, 1);1;107;0;stop;1.0;True;False;612;[0.00572988246448183, 0.9942068065189508]
(110, 1);2;90;0;stop;1.0;True;False;473;[0.005218779411987626, 0.9945232864965461]
(110, 1);3;86;0;stop;1.0;True;False;409;[0.00505923721739887, 0.9947243585852127]
(110, 1);4;146;0;stop;1.0;True;False;567;[0.01743532773312174, 0.9821544874853921]
(110, 1);5;63;0;stop;1.0;True;False;590;[0.0030751080348503383, 0.9968396483416125]
(110, 1);6;142;0;stop;1.0;True;False;476;[0.002889317393982167, 0.9970196169807238]
(110, 1);7;154;0;stop;1.0;True;False;420;[0.2138355407841571, 0.7700513865246398]
(110, 1);8;63;0;stop;1.0;True;False;563;[0.001926540408670255, 0.9979724353868575]
(110, 1);9;100;0;stop;1.0;True;False;455;[0.010010834197109797, 0.9897160986707201]
(110, 2);0;133;0;stop;1.0;True;False;472;[0.015419284591575405, 0.9842392333698372]
(110, 2);1;292;0;stop;1.0;True;False;520;[0.04467569238312894, 0.9552083254903135]
(110, 2);2;83;0;stop;1.0;True;False;437;[0.015904421861183696, 0.983971620646529]
(110, 2);3;55;0;stop;1.0;True;False;615;[0.02227753362774263, 0.9773343151400136]
(110, 2);4;69;0;stop;1.0;True;False;377;[0.00781488071900693, 0.9920559676089964]
(110, 2);5;62;0;stop;1.0;True;False;571;[0.0059101506020908965, 0.9939343356043489]
(110, 2);6;65;0;stop;1.0;True;False;699;[0.006902164641984723, 0.9928552273750192]
(110, 2);7;103;0;stop;1.0;True;False;391;[0.008061609968350009, 0.9918912733287122]
(110, 2);8;85;0;stop;1.0;True;False;529;[0.001700434306993611, 0.9981300101682511]
(110, 2);9;61;0;stop;1.0;True;False;423;[0.01449939578866731, 0.9852119689247348]
(110, 3);0;147;0;stop;1.0;True;False;887;[0.007574788854709614, 0.9921014903947134]
(110, 3);1;159;0;stop;1.0;True;False;346;[0.03731790069754909, 0.9624412400100242]
(110, 3);2;133;0;stop;1.0;True;False;667;[0.0038241752767124207, 0.9960952286338911]
(110, 3);3;86;0;stop;1.0;True;False;795;[0.01168431201722613, 0.9880635311745877]
(110, 3);4;136;0;stop;1.0;True;False;323;[0.02842192796496504, 0.9710819604341239]
(110, 3);5;95;0;stop;1.0;True;False;453;[0.02595168285118339, 0.9738297018191272]
(110, 3);6;62;0;stop;1.0;True;False;352;[0.01205322886937405, 0.9879012073110669]
(110, 3);7;89;0;stop;1.0;True;False;511;[0.0116836434546575, 0.9880069732596697]
(110, 3);8;122;0;stop;1.0;True;False;669;[0.005554071851732216, 0.9942923598584542]
(110, 3);9;225;0;stop;1.0;True;False;758;[0.0066920949451105185, 0.9931947177970891]
(111, 0);0;58;3;stop;1.0;True;False;379;[0.0124300532181459, 0.987441287974604]
(111, 0);1;35;3;stop;1.0;True;False;430;[0.004904429695734217, 0.9948968385151881]
(111, 0);2;33;3;stop;1.0;True;False;409;[0.0018673506894554906, 0.9980173159880199]
(111, 0);3;84;3;stop;1.0;True;False;648;[0.014954806146496878, 0.9848928297027638]
(111, 0);4;79;3;stop;1.0;True;False;628;[0.004904392278047854, 0.9948890507257842]
(111, 0);5;73;3;stop;1.0;True;False;632;[0.00432979125708473, 0.9952752766744064]
(111, 0);6;60;3;stop;1.0;True;False;473;[0.025948471808274497, 0.9737093171449785]
(111, 0);7;100;3;stop;1.0;True;False;743;[0.00406957320839982, 0.9957915779051156]
(111, 0);8;57;3;stop;1.0;True;False;499;[0.020328199253698317, 0.9794674695494818]
(111, 0);9;69;3;stop;1.0;True;False;292;[0.008059734277900134, 0.9916602781025037]
(111, 1);0;58;3;stop;1.0;True;False;332;[0.005059560493654673, 0.9947880582087596]
(111, 1);1;54;3;stop;1.0;True;False;561;[0.0009398175559484176, 0.9989256492038295]
(111, 1);2;107;3;stop;1.0;True;False;1032;[0.0034830471992874363, 0.9964085330970913]
(111, 1);3;76;3;stop;1.0;True;False;501;[0.002980967365172626, 0.9969972211458731]
(111, 1);4;78;3;stop;1.0;True;False;337;[0.016911675887074363, 0.982896750831082]
(111, 1);5;213;3;stop;1.0;True;False;421;[0.022279812325399887, 0.9774341852278717]
(111, 1);6;139;3;stop;1.0;True;False;580;[0.032090946541900714, 0.9676051093864498]
(111, 1);7;50;3;stop;1.0;True;False;430;[0.01798372430275864, 0.9818780081388843]
(111, 1);8;77;3;stop;1.0;True;False;582;[0.007121215327441347, 0.9928487639633363]
(111, 1);9;91;3;stop;1.0;True;False;479;[0.0032727659079176408, 0.996635707298467]
(111, 2);0;55;3;stop;1.0;True;False;558;[0.017978168361591502, 0.9815749236731615]
(111, 2);1;100;3;stop;1.0;True;False;445;[0.010011469097760137, 0.9897788088094567]
(111, 2);2;77;3;stop;1.0;True;False;347;[0.005909826520343666, 0.9938798121546243]
(111, 2);3;83;3;stop;1.0;True;False;411;[0.00884489089187141, 0.990876516988973]
(111, 2);4;99;3;stop;1.0;True;False;526;[0.00307498193341916, 0.9967989009837146]
(111, 2);5;43;3;stop;1.0;True;False;422;[0.0046089025422720985, 0.9952457560262914]
(111, 2);6;33;3;stop;1.0;True;False;327;[0.00317209314998846, 0.9966421013832448]
(111, 2);7;54;3;stop;1.0;True;False;501;[0.020328635454212582, 0.979488397469255]
(111, 2);8;112;3;stop;1.0;True;False;457;[0.012817741530442496, 0.9869114302005372]
(111, 2);9;51;3;stop;1.0;True;False;519;[0.02442149193102291, 0.9755130022788757]
(111, 3);0;61;3;stop;1.0;True;True;336;[0.9998879558243913, 5.307197324453057e-05]
(111, 3);1;45;3;stop;1.0;True;True;344;[0.9997728387142467, 9.313346607843715e-05]
(111, 3);2;67;3;stop;1.0;True;True;390;[0.9996676358048374, 7.720218236654358e-05]
(111, 3);3;77;3;stop;1.0;True;True;284;[0.9996397601502958, 7.139837207907595e-05]
(111, 3);4;55;3;stop;1.0;True;True;286;[0.9997486508085994, 0.00010888135334342557]
(111, 3);5;45;3;stop;1.0;True;True;532;[0.9983691391291216, 0.0003097463761629152]
(111, 3);6;56;3;stop;1.0;True;True;386;[0.9991859868710519, 0.00017389403511281008]
(111, 3);7;97;3;stop;1.0;True;True;500;[0.9997235109208278, 8.74864559651247e-05]
(111, 3);8;119;3;stop;1.0;True;True;420;[0.9996187948612449, 0.00022338105684120945]
(111, 3);9;95;3;stop;1.0;True;True;489;[0.999754012554225, 7.029948759740116e-05]
(112, 0);0;131;2;stop;1.0;True;False;576;[0.03112510997788176, 0.9682736745832631]
(112, 0);1;121;2;stop;1.0;True;False;428;[0.0073442651242962825, 0.9924430490484001]
(112, 0);2;195;2;stop;1.0;True;False;380;[0.001648382307448473, 0.998290367173895]
(112, 0);3;65;2;stop;1.0;True;False;647;[0.004466752198972499, 0.9951680667331998]
(112, 0);4;157;2;stop;1.0;True;False;446;[0.023683697876176954, 0.9760725949546475]
(112, 0);5;122;2;stop;1.0;True;False;539;[0.006096258764370735, 0.993689792575409]
(112, 0);6;114;2;stop;1.0;True;False;269;[0.005910812911361458, 0.9940461095565651]
(112, 0);7;111;2;stop;1.0;True;False;398;[0.007344737912012484, 0.9925071613486608]
(112, 0);8;129;2;stop;1.0;True;False;678;[0.005910889011222581, 0.9940587136353622]
(112, 0);9;150;2;stop;1.0;True;False;412;[0.007575103100076635, 0.9921427934816093]
(112, 1);0;105;2;stop;1.0;True;False;655;[0.05031368801975686, 0.9493496219201002]
(112, 1);1;108;2;stop;1.0;True;False;530;[0.011331008328002755, 0.98860324860244]
(112, 1);2;137;2;stop;1.0;True;False;588;[0.009411221296748134, 0.9904431762445602]
(112, 1);3;112;2;stop;1.0;True;False;472;[0.021607595997238896, 0.9780345255038011]
(112, 1);4;106;2;stop;1.0;True;False;596;[0.01639814402019972, 0.9833038027603679]
(112, 1);5;174;2;stop;1.0;True;False;475;[0.007815294363185732, 0.9921088830783378]
(112, 1);6;161;2;stop;1.0;True;False;479;[0.058308694628806924, 0.9410547342293111]
(112, 1);7;117;2;stop;1.0;True;False;570;[0.013219103732415504, 0.9864995304856687]
(112, 1);8;227;2;stop;1.0;True;False;445;[0.03844566252805838, 0.96102065319938]
(112, 1);9;144;2;stop;1.0;True;False;434;[0.01639237443307185, 0.9829580237183329]
(112, 2);0;103;2;stop;1.0;True;True;485;[0.9992321669671631, 0.00018511788718088756]
(112, 2);1;198;2;stop;1.0;True;True;844;[0.9956064984165307, 0.002078148108465365]
(112, 2);2;167;2;stop;1.0;True;True;448;[0.9994861145499384, 0.00011230816066171913]
(112, 2);3;312;2;stop;1.0;True;True;639;[0.9999132231714799, 3.535443250537284e-05]
(112, 2);4;77;2;stop;1.0;True;True;448;[0.9999326512895288, 3.426734456175296e-05]
(112, 2);5;124;2;stop;1.0;True;True;532;[0.9990345033907124, 0.0002451927132104656]
(112, 2);6;130;2;stop;1.0;True;True;485;[0.99948718635918, 0.00010225784147065938]
(112, 2);7;111;2;stop;1.0;True;True;378;[0.9989609796208705, 0.00011401682816232436]
(112, 2);8;53;2;stop;1.0;True;True;387;[0.9994301469118486, 0.00010549781699621803]
(112, 2);9;136;2;stop;1.0;True;True;492;[0.9993902588554937, 0.00013975630207982063]
(112, 3);0;190;2;stop;1.0;True;False;683;[0.03393661608757887, 0.9612596210858078]
(112, 3);1;75;2;stop;1.0;True;False;519;[0.009704517463228455, 0.989887547017848]
(112, 3);2;154;2;stop;1.0;True;False;434;[0.2448694698876992, 0.7542510894121514]
(112, 3);3;126;2;stop;1.0;True;False;428;[0.04740146858536824, 0.9520839581251015]
(112, 3);4;120;2;stop;1.0;True;False;493;[0.14018829897918123, 0.8587574309569542]
(112, 3);5;68;2;stop;1.0;True;False;400;[0.009707322117994625, 0.9901736987022717]
(112, 3);6;93;2;stop;1.0;True;False;336;[0.03112818234256965, 0.9683694658757386]
(112, 3);7;141;2;stop;1.0;True;False;497;[0.10362028855329124, 0.8951426259233618]
(112, 3);8;139;2;stop;1.0;True;False;503;[0.039603587050797966, 0.9595071140748958]
(112, 3);9;253;2;stop;1.0;True;False;613;[0.268468803136829, 0.6440231790458556]
(113, 0);0;62;0;stop;1.0;True;True;414;[0.9996718053554161, 0.00021651990734475766]
(113, 0);1;62;0;stop;1.0;True;True;376;[0.9996944407859681, 0.00013979895882706446]
(113, 0);2;135;0;stop;1.0;True;True;669;[0.9998076332215631, 0.00011958984330989355]
(113, 0);3;113;0;stop;1.0;True;True;590;[0.9997381657597386, 0.00013980495847624427]
(113, 0);4;79;0;stop;1.0;True;True;418;[0.9998118039525784, 8.480230161568629e-05]
(113, 0);5;69;0;stop;1.0;True;True;638;[0.999896417854762, 5.3072378153097604e-05]
(113, 0);6;180;0;stop;1.0;True;True;478;[0.9511324792228307, 0.004404617938078009]
(113, 0);7;66;0;stop;1.0;True;True;741;[0.9998676952019034, 7.96687965014838e-05]
(113, 0);8;135;0;stop;1.0;True;True;512;[0.9997705747640249, 0.00011590613962996675]
(113, 0);9;92;0;stop;1.0;True;True;392;[0.9988898455889945, 0.00012136160103359647]
(113, 1);0;58;0;stop;1.0;True;False;525;[0.013635855409056109, 0.9862924918512]
(113, 1);1;63;0;stop;1.0;True;False;441;[0.00941155338648851, 0.9904782593452033]
(113, 1);2;92;0;stop;1.0;True;False;359;[0.0059099110616948535, 0.993894178385654]
(113, 1);3;226;0;stop;1.0;True;False;599;[0.06362331512991265, 0.9349377072940522]
(113, 1);4;99;0;stop;1.0;True;False;483;[0.0031722852524342674, 0.9967024941509217]
(113, 1);5;75;0;stop;1.0;True;False;481;[0.004608884960737707, 0.9952422139039641]
(113, 1);6;85;0;stop;1.0;True;False;757;[0.0025508096230268925, 0.99740892217503]
(113, 1);7;124;0;stop;1.0;True;False;598;[0.009123373640963914, 0.9906286797823627]
(113, 1);8;176;0;stop;1.0;True;False;380;[0.004070000146012432, 0.9958963210822783]
(113, 1);9;75;0;stop;1.0;True;False;595;[0.005219787355028356, 0.9947152761103838]
(113, 2);0;56;0;stop;1.0;True;False;457;[0.004330846398967709, 0.9955177654554075]
(113, 2);1;125;0;stop;1.0;True;False;534;[0.028432453531716476, 0.9714417067932817]
(113, 2);2;71;0;stop;1.0;True;False;428;[0.006096921578777011, 0.993798097376275]
(113, 2);3;45;0;stop;1.0;True;False;431;[0.006288224396121172, 0.9934450173438516]
(113, 2);4;74;0;stop;1.0;True;False;562;[0.0028004771928979454, 0.9970391700483086]
(113, 2);5;141;0;stop;1.0;True;False;506;[0.00884567539517094, 0.9909643083609478]
(113, 2);6;51;0;stop;1.0;True;False;544;[0.0040696566517754015, 0.9958122647752367]
(113, 2);7;100;0;stop;1.0;True;False;450;[0.04466991963493921, 0.955084998327244]
(113, 2);8;51;0;stop;1.0;True;False;491;[0.009705813242597228, 0.9900197938495369]
(113, 2);9;80;0;stop;1.0;True;False;441;[0.0021155507191631053, 0.9978124179941361]
(113, 3);0;78;0;stop;1.0;True;False;756;[0.0014548788847746684, 0.9984184522546438]
(113, 3);1;82;0;stop;1.0;True;False;443;[0.006288689174449722, 0.9935185549860862]
(113, 3);2;111;0;stop;1.0;True;False;722;[0.005384210183318616, 0.9944804880887494]
(113, 3);3;252;0;stop;1.0;True;False;404;[0.08032587929265128, 0.919280973910523]
(113, 3);4;99;0;stop;1.0;True;False;561;[0.004330898026987673, 0.9955294614982579]
(113, 3);5;63;0;stop;1.0;True;False;365;[0.014062942518923835, 0.985888176588242]
(113, 3);6;62;0;stop;1.0;True;False;408;[0.01064901048472992, 0.9890225047646848]
(113, 3);7;142;0;stop;1.0;True;False;611;[0.004467819413069605, 0.9954055418862371]
(113, 3);8;139;0;stop;1.0;True;False;422;[0.006096601790900319, 0.9937457077290064]
(113, 3);9;57;0;stop;1.0;True;False;874;[0.008846936651148782, 0.9911056257160042]
(114, 0);0;72;3;stop;1.0;True;False;630;[0.003944435194672684, 0.995809191302006]
(114, 0);1;90;3;stop;1.0;True;False;655;[0.0018672981552849046, 0.9979894135068664]
(114, 0);2;137;3;stop;1.0;True;False;776;[0.0031721294519213776, 0.9966534688237126]
(114, 0);3;94;3;stop;1.0;True;False;610;[0.023680519034814853, 0.9759415494982517]
(114, 0);4;59;3;stop;1.0;True;False;375;[0.01000980793910477, 0.9896142861177001]
(114, 0);5;121;3;stop;1.0;True;False;531;[0.005728948121131516, 0.99404434271162]
(114, 0);6;145;3;stop;1.0;True;False;561;[0.008310571197295712, 0.9910631206795433]
(114, 0);7;97;3;stop;1.0;True;False;449;[0.012426645596350056, 0.9871705374395122]
(114, 0);8;255;3;stop;1.0;True;False;330;[0.019650453999084383, 0.9768670013140622]
(114, 0);9;47;3;stop;1.0;True;False;502;[0.001987351341756411, 0.9977999558923806]
(114, 1);0;77;3;stop;1.0;True;False;424;[0.006288431293199325, 0.9934777252557059]
(114, 1);1;76;3;stop;1.0;True;False;464;[0.017436608107199776, 0.9822263637904083]
(114, 1);2;173;3;stop;1.0;True;False;491;[0.005218933701760854, 0.9945526463144765]
(114, 1);3;110;3;stop;1.0;True;False;753;[0.017976608205405618, 0.981489592105457]
(114, 1);4;89;3;stop;1.0;True;False;616;[0.008060891158337979, 0.9918024973915454]
(114, 1);5;57;3;stop;1.0;True;False;509;[0.007814649684040243, 0.9920268718173554]
(114, 1);6;95;3;stop;1.0;True;False;446;[0.0038239746959970494, 0.9960430699280246]
(114, 1);7;86;3;stop;1.0;True;False;443;[0.008060122448506998, 0.9917078756063288]
(114, 1);8;178;3;stop;1.0;True;False;504;[0.008312489408588346, 0.9912921977725122]
(114, 1);9;147;3;stop;1.0;True;False;447;[0.3234044240432168, 0.6431664767555705]
(114, 2);0;187;3;stop;1.0;True;False;458;[0.19579623076908872, 0.7989708996995818]
(114, 2);1;73;3;stop;1.0;True;False;453;[0.003593072966035483, 0.9962596652669347]
(114, 2);2;130;3;stop;1.0;True;False;349;[0.006691309995423611, 0.9930786676770564]
(114, 2);3;138;3;stop;1.0;True;False;460;[0.001032066093656552, 0.9988081372588917]
(114, 2);4;116;3;stop;1.0;True;False;451;[0.005219048177766036, 0.9945744606517068]
(114, 2);5;81;3;stop;1.0;True;False;326;[0.003171643947948041, 0.9965008581696209]
(114, 2);6;103;3;stop;1.0;True;False;516;[0.006096308182257014, 0.9936977972505432]
(114, 2);7;62;3;stop;1.0;True;False;388;[0.0035924082629741638, 0.9960754765399962]
(114, 2);8;55;3;stop;1.0;True;False;381;[0.005382854771248823, 0.994230137844407]
(114, 2);9;113;3;stop;1.0;True;False;442;[0.01690723314311292, 0.9826385008733675]
(114, 3);0;131;3;stop;1.0;True;True;538;[0.9993497787679844, 0.00010883795798108251]
(114, 3);1;87;3;stop;1.0;True;True;407;[0.9988925813391258, 0.00011762803364704265]
(114, 3);2;48;3;stop;1.0;True;True;414;[0.9992245493342292, 0.00011952017920370473]
(114, 3);3;57;3;stop;1.0;True;True;430;[0.999444078694253, 0.00011954639824390424]
(114, 3);4;107;3;stop;1.0;True;True;493;[0.9994027607145949, 0.00011954149598624697]
(114, 3);5;128;3;stop;1.0;True;True;590;[0.9990149912072257, 0.00019095263488450793]
(114, 3);6;82;3;stop;1.0;True;True;383;[0.9998433835264354, 3.763197753747425e-05]
(114, 3);7;51;3;stop;1.0;True;True;324;[0.9998035816792646, 5.475201113356362e-05]
(114, 3);8;107;3;stop;1.0;True;True;436;[0.998685183632812, 0.00023756576428753224]
(114, 3);9;76;3;stop;1.0;True;True;617;[0.9995167207904968, 0.0001123115880870843]
(115, 0);0;178;3;stop;1.0;True;False;451;[0.012427907789044372, 0.9872711506052416]
(115, 0);1;80;3;stop;1.0;True;False;675;[0.004754735473080212, 0.995147642555663]
(115, 0);2;127;3;stop;1.0;True;False;665;[0.0050598065834568575, 0.994836192658395]
(115, 0);3;100;3;stop;1.0;True;False;567;[0.012430580742240993, 0.9874834831728866]
(115, 0);4;55;3;stop;1.0;True;False;555;[0.004197736372379447, 0.995550137360025]
(115, 0);5;196;3;stop;1.0;True;False;594;[0.004069505290636238, 0.99577491075472]
(115, 0);6;125;3;stop;1.0;True;False;564;[0.010010838970648665, 0.989716215732335]
(115, 0);7;91;3;stop;1.0;True;False;468;[0.007342262242864241, 0.9921723648536971]
(115, 0);8;72;3;stop;1.0;True;False;533;[0.0028889137461489854, 0.9968800438703966]
(115, 0);9;109;3;stop;1.0;True;False;475;[0.010012280683534786, 0.9898586955113606]
(115, 1);0;79;3;stop;1.0;True;False;617;[0.015423505497213252, 0.9845088406870015]
(115, 1);1;107;3;stop;1.0;True;False;369;[0.0060967674970697746, 0.9937731380117008]
(115, 1);2;83;3;stop;1.0;True;False;548;[0.0052191676336659715, 0.9945974555615232]
(115, 1);3;95;3;stop;1.0;True;False;731;[0.001284203476730816, 0.9986342986832198]
(115, 1);4;101;3;stop;1.0;True;False;644;[0.006288266374688007, 0.9934516058414482]
(115, 1);5;90;3;stop;1.0;True;False;519;[0.0032729235299290864, 0.9966837833283373]
(115, 1);6;235;3;stop;1.0;True;False;739;[0.003172457700758587, 0.9967563801448863]
(115, 1);7;235;3;stop;1.0;True;False;696;[0.010650803114492277, 0.9891886960363397]
(115, 1);8;130;3;stop;1.0;True;False;458;[0.007344702889656447, 0.992502229521769]
(115, 1);9;91;3;stop;1.0;True;False;473;[0.005219545928720595, 0.9946695129639894]
(115, 2);0;79;3;stop;1.0;True;False;564;[0.010650005788643642, 0.9891147488396299]
(115, 2);1;166;3;stop;1.0;True;False;421;[0.014949950718934544, 0.9845729722673473]
(115, 2);2;168;3;stop;1.0;True;False;349;[0.007120118613694824, 0.9926959063713784]
(115, 2);3;124;3;stop;1.0;True;False;457;[0.007344867496181894, 0.9925247762725992]
(115, 2);4;138;3;stop;1.0;True;False;514;[0.008844599884146782, 0.9908440968079567]
(115, 2);5;91;3;stop;1.0;True;False;477;[0.014062392659523004, 0.9858500581678199]
(115, 2);6;100;3;stop;1.0;True;False;581;[0.017440208623898355, 0.9824291671869994]
(115, 2);7;90;3;stop;1.0;True;False;552;[0.006097116366885429, 0.9938295336010535]
(115, 2);8;124;3;stop;1.0;True;False;458;[0.005554527393120976, 0.9943738027244177]
(115, 2);9;74;3;stop;1.0;True;False;694;[0.007814593789509923, 0.9920198335948218]
(115, 3);0;109;3;stop;1.0;True;True;588;[0.9997772474618766, 6.204050003609536e-05]
(115, 3);1;219;3;stop;1.0;True;True;656;[0.9996259420119524, 0.00022338276110992416]
(115, 3);2;138;3;stop;1.0;True;True;570;[0.9996615602067899, 0.00020985608863474995]
(115, 3);3;121;3;stop;1.0;True;True;547;[0.9996297538640136, 0.00028683023708346274]
(115, 3);4;76;3;stop;1.0;True;True;439;[0.9996421426072467, 0.00023047742770067783]
(115, 3);5;64;3;stop;1.0;True;True;690;[0.9996460737172699, 0.0002611661369336926]
(115, 3);6;78;3;stop;1.0;True;True;599;[0.9996886031365599, 0.00014881422358845945]
(115, 3);7;80;3;stop;1.0;True;True;559;[0.9997126689886925, 0.00019108598347215448]
(115, 3);8;115;3;stop;1.0;True;True;517;[0.9992197883358656, 0.00039188952478260537]
(115, 3);9;114;3;stop;1.0;True;True;676;[0.9996647766678914, 0.00020660316264034664]
(116, 0);0;70;0;stop;1.0;True;True;459;[0.9996380924047152, 0.000168620084180101]
(116, 0);1;215;0;stop;1.0;True;True;542;[0.999763425546277, 7.03001580287558e-05]
(116, 0);2;79;0;stop;1.0;True;True;620;[0.9998485079505216, 7.484048064962447e-05]
(116, 0);3;73;0;stop;1.0;True;True;564;[0.9998028667097628, 6.401152513495072e-05]
(116, 0);4;105;0;stop;1.0;True;True;411;[0.9995883014842655, 0.0001313149413918343]
(116, 0);5;60;0;stop;1.0;True;True;379;[0.9998348032208699, 7.0305186467721e-05]
(116, 0);6;107;0;stop;1.0;True;True;557;[0.9996818124699572, 9.025978665663804e-05]
(116, 0);7;24;0;stop;1.0;True;True;528;[0.9998091823398811, 7.253504490716698e-05]
(116, 0);8;77;0;stop;1.0;True;True;597;[0.999853036543692, 4.399665868773084e-05]
(116, 0);9;90;0;stop;1.0;True;True;425;[0.9997683108334782, 6.604120167830337e-05]
(116, 1);0;55;0;stop;1.0;True;False;422;[0.003482894404776721, 0.9963652171967498]
(116, 1);1;65;0;stop;1.0;True;False;531;[0.010325372001296847, 0.9894055884744767]
(116, 1);2;92;0;stop;1.0;True;False;487;[0.0014102931460622452, 0.9985434796454068]
(116, 1);3;115;0;stop;1.0;True;False;410;[0.02297243753381931, 0.9768129692561741]
(116, 1);4;278;0;stop;1.0;True;False;556;[0.011678157115770563, 0.9875432356585471]
(116, 1);5;155;0;stop;1.0;True;False;440;[0.01691426466626071, 0.9830474105868388]
(116, 1);6;116;0;stop;1.0;True;False;448;[0.003593055832969308, 0.9962549326028026]
(116, 1);7;90;0;stop;1.0;True;False;425;[0.004754801223336796, 0.9951612189288215]
(116, 1);8;98;0;stop;1.0;True;False;552;[0.0021824734227606753, 0.997706321796965]
(116, 1);9;89;0;stop;1.0;True;False;563;[0.007120196702276926, 0.9927069493632225]
(116, 2);0;83;0;stop;1.0;True;False;299;[0.0030749482094942168, 0.9967881223030238]
(116, 2);1;66;0;stop;1.0;True;False;481;[0.004904633159400244, 0.9949377849442784]
(116, 2);2;104;0;stop;1.0;True;False;390;[0.012818976208944424, 0.9870066486892749]
(116, 2);3;29;0;stop;1.0;True;False;549;[0.0010648796876921876, 0.9988572557830662]
(116, 2);4;109;0;stop;1.0;True;False;643;[0.012051608203813232, 0.9877681294433659]
(116, 2);5;40;0;stop;1.0;True;False;450;[0.017984273130844438, 0.9819078908323621]
(116, 2);6;115;0;stop;1.0;True;False;585;[0.002889165847228191, 0.9969672429734038]
(116, 2);7;63;0;stop;1.0;True;False;424;[0.007815432249444011, 0.992126365733061]
(116, 2);8;126;0;stop;1.0;True;False;497;[0.016913006518472093, 0.9829744946506739]
(116, 2);9;65;0;stop;1.0;True;False;381;[0.008574082672541025, 0.9910294003910441]
(116, 3);0;81;0;stop;0.9;True;False;472;[0.02441548963269896, 0.9752732431473976]
(116, 3);1;64;0;stop;0.9;True;False;415;[0.02368347201191014, 0.9760631682715232]
(116, 3);2;111;0;stop;0.9;True;False;286;[0.005554702203805498, 0.9944052752193269]
(116, 3);3;58;0;stop;0.9;True;False;465;[0.017436233962194295, 0.9822054322557737]
(116, 3);4;151;0;stop;0.9;True;False;485;[0.012818322181261367, 0.9869560174252594]
(116, 3);5;56;0;stop;0.1;False;True;339;[0.9996793106892041, 0.00021652155926685622]
(116, 3);6;84;0;stop;0.9;True;False;511;[0.01032608101266866, 0.9894732772440926]
(116, 3);7;74;0;stop;0.9;True;False;391;[0.030206809192063665, 0.9695356937577791]
(116, 3);8;121;0;stop;0.9;True;False;430;[0.006692318321606019, 0.9932279974527964]
(116, 3);9;117;0;stop;0.9;True;False;413;[0.00857649519220423, 0.9913078952840685]
(117, 0);0;69;0;stop;1.0;True;True;373;[0.9996688270949156, 0.00010552307326910797]
(117, 0);1;81;0;stop;1.0;True;True;344;[0.9993312066571571, 7.36420414932614e-05]
(117, 0);2;77;0;stop;1.0;True;True;335;[0.999671686243446, 0.00010552337517347414]
(117, 0);3;81;0;stop;1.0;True;True;436;[0.9989095908121542, 0.00012718841307081562]
(117, 0);4;66;0;stop;1.0;True;True;381;[0.999581512168098, 5.827026301880995e-05]
(117, 0);5;83;0;stop;1.0;True;True;385;[0.9987593801945651, 0.0001353709616457176]
(117, 0);6;141;0;stop;1.0;True;True;332;[0.9998215755328766, 8.48031103573129e-05]
(117, 0);7;183;0;stop;1.0;True;True;498;[0.9980694443417246, 0.0013242187434835883]
(117, 0);8;117;0;stop;1.0;True;True;397;[0.9994351480108374, 0.00016858599619372914]
(117, 0);9;51;0;stop;1.0;True;True;313;[0.9993603746882848, 0.00020018574138627894]
(117, 1);0;68;0;stop;1.0;True;False;383;[0.010647324773991945, 0.9888659266484767]
(117, 1);1;85;0;stop;1.0;True;False;432;[0.005728948121131516, 0.9940446958952025]
(117, 1);2;77;0;stop;1.0;True;False;354;[0.011683325900838516, 0.9879804428387196]
(117, 1);3;151;0;stop;1.0;True;False;576;[0.02095803481173391, 0.9787459060001322]
(117, 1);4;167;0;stop;1.0;True;False;535;[0.003376182919214744, 0.996496478182403]
(117, 1);5;95;0;stop;1.0;True;False;437;[0.008313872856334876, 0.9914571619284024]
(117, 1);6;104;0;stop;1.0;True;False;491;[0.004609065174644712, 0.9952808266373501]
(117, 1);7;85;0;stop;1.0;True;False;368;[0.004198042633963586, 0.9956226870708103]
(117, 1);8;210;0;stop;1.0;True;False;465;[0.03409055791437028, 0.9656201753759619]
(117, 1);9;32;0;stop;1.0;True;False;315;[0.0030750508486767918, 0.9968212879539222]
(117, 2);0;117;0;stop;1.0;True;False;350;[0.01132930649638629, 0.9884548406083967]
(117, 2);1;90;0;stop;1.0;True;False;392;[0.008575395162616694, 0.9911808082514088]
(117, 2);2;67;0;stop;1.0;True;False;471;[0.0049041139929626686, 0.9948325352534546]
(117, 2);3;189;0;stop;1.0;True;False;370;[0.06542895194665409, 0.9318899808446449]
(117, 2);4;58;0;stop;1.0;True;False;323;[0.010324170732046634, 0.9892904215008265]
(117, 2);5;71;0;stop;1.0;True;False;565;[0.0009109593114739722, 0.9989881036724872]
(117, 2);6;233;0;stop;1.0;True;False;441;[0.07147302841953804, 0.926876328480145]
(117, 2);7;62;0;stop;1.0;True;False;414;[0.0015486455261234037, 0.9983766248906862]
(117, 2);8;76;0;stop;1.0;True;False;333;[0.006486881294309049, 0.9932992683034642]
(117, 2);9;62;0;stop;1.0;True;False;430;[0.005059075587016847, 0.9946925119242076]
(117, 3);0;57;0;stop;1.0;True;False;545;[0.013630095780666089, 0.985875895090198]
(117, 3);1;59;0;stop;1.0;True;False;314;[0.006288731156119298, 0.9935251444340285]
(117, 3);2;183;0;stop;1.0;True;False;379;[0.3758860676864432, 0.6197313551544671]
(117, 3);3;59;0;stop;1.0;True;False;411;[0.0028003877244308457, 0.9970070563741078]
(117, 3);4;164;0;stop;1.0;True;False;563;[0.015422505317572163, 0.9844448343062634]
(117, 3);5;45;0;stop;1.0;True;False;412;[0.00239650498718684, 0.9975092615176807]
(117, 3);6;109;0;stop;1.0;True;False;363;[0.0010321310565261327, 0.9988710526556457]
(117, 3);7;69;0;stop;1.0;True;False;389;[0.006096154116051566, 0.9936727251889974]
(117, 3);8;56;0;stop;1.0;True;False;370;[0.007576175966963582, 0.9922831565321472]
(117, 3);9;69;0;stop;1.0;True;False;430;[0.0021826149604317418, 0.9977707601684905]
(118, 0);0;87;1;stop;0.4;False;True;2212;[0.9997821328893616, 0.00013981122505140123]
(118, 0);1;140;1;stop;0.6;True;False;785;[0.013217143532848561, 0.98635337657127]
(118, 0);2;90;1;stop;0.6;True;False;721;[0.007118719954591606, 0.9925009377578345]
(118, 0);3;104;1;stop;0.6;True;False;1289;[0.02842062016612793, 0.971037333403438]
(118, 0);4;80;1;stop;0.4;False;True;507;[0.9997877333279853, 0.00010553555270292585]
(118, 0);5;212;1;stop;0.6;True;False;635;[0.10084622383040945, 0.8988326224143411]
(118, 0);6;109;1;stop;0.4;False;True;1164;[0.9997166006379222, 0.00015354248695243888]
(118, 0);7;76;1;stop;0.6;True;False;561;[0.004608219109495541, 0.9950981798206427]
(118, 0);8;303;1;stop;0.4;False;True;675;[0.9987660395159874, 0.0008037401549344688]
(118, 0);9;87;1;stop;0.6;True;False;940;[0.012818658359547363, 0.9869821453039627]
(118, 1);0;72;1;stop;1.0;True;True;410;[0.9996177227945009, 0.00019106776096161905]
(118, 1);1;168;1;stop;1.0;True;True;603;[0.9994709907767733, 0.0003249694795095698]
(118, 1);2;132;1;stop;1.0;True;True;730;[0.9994794457150145, 0.00024530193800596534]
(118, 1);3;70;1;stop;1.0;True;True;656;[0.9989747794379994, 0.00034575653843362057]
(118, 1);4;134;1;stop;1.0;True;True;534;[0.9995062406466491, 0.0002098234692691529]
(118, 1);5;97;1;stop;1.0;True;True;771;[0.9994255030275367, 0.00032495460392782866]
(118, 1);6;86;1;stop;1.0;True;True;669;[0.9991571860251237, 0.0005191368402952775]
(118, 1);7;109;1;stop;1.0;True;True;700;[0.9997008741919668, 0.00015841388038414218]
(118, 1);8;123;1;stop;1.0;True;True;586;[0.9992313337830061, 0.00019099397756290555]
(118, 1);9;174;1;stop;1.0;True;True;590;[0.9954084949881713, 0.004068007507020924]
(118, 2);0;80;1;stop;0.8;True;False;757;[0.006289219963328178, 0.9936023422643671]
(118, 2);1;203;1;stop;0.8;True;False;1202;[0.02671064612356033, 0.9714718581462479]
(118, 2);2;67;1;stop;0.8;True;False;760;[0.017979840107761182, 0.9816662418229319]
(118, 2);3;187;1;stop;0.2;False;True;1723;[0.9980783506214606, 0.0017543207024988171]
(118, 2);4;135;1;stop;0.8;True;False;1296;[0.009410144329569457, 0.9903302228768271]
(118, 2);5;246;1;stop;0.8;True;False;1324;[0.06554170842251913, 0.9334960087968602]
(118, 2);6;110;1;stop;0.8;True;False;1503;[0.020325756703780867, 0.9793498027965527]
(118, 2);7;155;1;stop;0.2;False;True;1167;[0.9994463411343099, 0.0002867774482141057]
(118, 2);8;111;1;stop;0.8;True;False;882;[0.06950655931569509, 0.9299875867886778]
(118, 2);9;86;1;stop;0.8;True;False;596;[0.015422417069541347, 0.9844390564246526]
(118, 3);0;277;1;stop;0.5;True;False;1062;[0.05179050742368202, 0.947149437633864]
(118, 3);1;107;1;stop;0.5;False;True;774;[0.9994990951953738, 0.0002694168690015496]
(118, 3);2;120;1;stop;0.5;False;True;639;[0.9987087256221919, 0.0003566369541747308]
(118, 3);3;81;1;stop;0.5;True;False;520;[0.008314174153420784, 0.991492668773776]
(118, 3);4;68;1;stop;0.5;False;True;2012;[0.9988419131505748, 0.0005524438745294915]
(118, 3);5;169;1;stop;0.5;True;False;1688;[0.03730421918816181, 0.9620884573675802]
(118, 3);6;96;1;stop;0.5;True;False;991;[0.026752824894793012, 0.9730058020620113]
(118, 3);7;133;1;stop;0.5;False;True;749;[0.9993301351896878, 0.00023771919518161298]
(118, 3);8;133;1;stop;0.5;True;False;972;[0.005056878408666124, 0.9942606589799022]
(118, 3);9;96;1;stop;0.5;False;True;637;[0.9995168398840025, 0.0002959016232170731]
(119, 0);0;90;1;stop;1.0;True;False;373;[0.006096718075460199, 0.993765014726393]
(119, 0);1;57;1;stop;1.0;True;False;425;[0.002980673142440064, 0.9968986434836552]
(119, 0);2;94;1;stop;1.0;True;False;575;[0.006691846048655375, 0.9931579124143923]
(119, 0);3;85;1;stop;1.0;True;False;398;[0.011330035821492878, 0.9885185553327501]
(119, 0);4;69;1;stop;1.0;True;False;546;[0.009123504152804211, 0.9906426018365152]
(119, 0);5;270;1;stop;1.0;True;False;564;[0.018545027289803576, 0.98137212661935]
(119, 0);6;105;1;stop;1.0;True;False;452;[0.022971254520203526, 0.9767626971628084]
(119, 0);7;227;1;stop;1.0;True;False;627;[0.010957083358747288, 0.9863251948405525]
(119, 0);8;80;1;stop;1.0;True;False;454;[0.024419139739195673, 0.9754191951121154]
(119, 0);9;58;1;stop;1.0;True;False;520;[0.0018673462373498173, 0.9980150601521809]
(119, 1);0;172;1;stop;1.0;True;True;548;[0.999542207589584, 8.74706050198922e-05]
(119, 1);1;80;1;stop;1.0;True;True;437;[0.9997714088488209, 8.218983857636252e-05]
(119, 1);2;26;1;stop;1.0;True;True;376;[0.9998531557209194, 6.814335801422218e-05]
(119, 1);3;57;1;stop;1.0;True;True;312;[0.9998031050231739, 0.00011234383242660298]
(119, 1);4;78;1;stop;1.0;True;True;330;[0.9998171663860824, 0.00010888882988932525]
(119, 1);5;57;1;stop;1.0;True;True;395;[0.9995418502709511, 0.0003569345092439822]
(119, 1);6;47;1;stop;1.0;True;True;396;[0.9993722805592462, 0.000286756390081205]
(119, 1);7;43;1;stop;1.0;True;True;472;[0.9997709322226171, 0.00010228690676233265]
(119, 1);8;82;1;stop;1.0;True;True;464;[0.9994384820713412, 0.00011230280551897941]
(119, 1);9;75;1;stop;1.0;True;True;509;[0.9998891476534775, 5.475671073805695e-05]
(119, 2);0;83;1;stop;1.0;True;False;503;[0.025171458990171258, 0.9745353137890079]
(119, 2);1;223;1;stop;1.0;True;False;434;[0.020330055594058465, 0.9795570243335705]
(119, 2);2;262;1;stop;1.0;True;False;355;[0.031086264065081224, 0.9670653290848701]
(119, 2);3;98;1;stop;1.0;True;False;528;[0.019120872399770054, 0.9807136776125656]
(119, 2);4;101;1;stop;1.0;True;False;335;[0.025172707300568684, 0.9745837721174668]
(119, 2);5;90;1;stop;1.0;True;False;511;[0.02757573989830168, 0.9720782992649614]
(119, 2);6;98;1;stop;1.0;True;False;254;[0.0197137756439434, 0.9800147783089409]
(119, 2);7;84;1;stop;1.0;True;False;334;[0.038449301665894144, 0.9611117097108367]
(119, 2);8;92;1;stop;1.0;True;False;315;[0.01065084374415929, 0.9891926620417407]
(119, 2);9;112;1;stop;1.0;True;False;419;[0.010323801517531293, 0.9892547226545215]
(119, 3);0;177;1;stop;1.0;True;False;329;[0.007575681056625301, 0.9922184862368489]
(119, 3);1;63;1;stop;1.0;True;False;401;[0.07804720027932162, 0.9215561842270795]
(119, 3);2;128;1;stop;1.0;True;False;415;[0.01205055661190228, 0.9876820672309223]
(119, 3);3;108;1;stop;1.0;True;False;347;[0.013221486617186157, 0.9866774090317504]
(119, 3);4;206;1;stop;1.0;True;False;529;[0.01639638478458542, 0.9831984633685285]
(119, 3);5;126;1;stop;1.0;True;False;403;[0.005059659410665949, 0.994807287713133]
(119, 3);6;73;1;stop;1.0;True;False;344;[0.009124844182348357, 0.9907880394914188]
(119, 3);7;115;1;stop;1.0;True;False;527;[0.008845907385282497, 0.9909905312767348]
(119, 3);8;80;1;stop;1.0;True;False;492;[0.00970622515156158, 0.9900617423922239]
(119, 3);9;101;1;stop;1.0;True;False;451;[0.04466593666062066, 0.9549997531973753]
(120, 0);0;40;1;stop;1.0;True;False;350;[0.06004766672877773, 0.9393035321459704]
(120, 0);1;187;1;stop;1.0;True;False;836;[0.16364195343722898, 0.7333923760251954]
(120, 0);2;69;1;stop;1.0;True;False;440;[0.014060535366620077, 0.9857197334286866]
(120, 0);3;106;1;stop;1.0;True;False;331;[0.04083244925877145, 0.9588427052200598]
(120, 0);4;72;1;stop;1.0;True;False;660;[0.008061237101679993, 0.9918453001722394]
(120, 0);5;50;1;stop;1.0;True;False;486;[0.001410067883195559, 0.9983841108246062]
(120, 0);6;76;1;stop;1.0;True;False;283;[0.06182611788914296, 0.9373679571340076]
(120, 0);7;143;1;stop;1.0;True;False;400;[0.11265889910819049, 0.8861309212309433]
(120, 0);8;70;1;stop;1.0;True;False;475;[0.06181199810733772, 0.9371538052499996]
(120, 0);9;140;1;stop;1.0;True;False;558;[0.031129080361500402, 0.9683971931900851]
(120, 1);0;74;1;stop;0.9;True;True;594;[0.9989916727335029, 0.00015830152026518208]
(120, 1);1;195;1;stop;0.9;True;True;265;[0.999758301994707, 0.00014424587061060792]
(120, 1);2;113;1;stop;0.9;True;True;474;[0.9984863102220413, 9.596620739047319e-05]
(120, 1);3;34;1;stop;0.9;True;True;231;[0.999755918969945, 0.00017399323468523056]
(120, 1);4;70;1;stop;0.9;True;True;335;[0.9994070471937035, 9.756729768207408e-05]
(120, 1);5;56;1;stop;0.9;True;True;357;[0.9990756718683621, 0.00030515977560230346]
(120, 1);6;102;1;stop;0.9;True;True;659;[0.9994164536030691, 0.00016858278070170106]
(120, 1);7;52;1;stop;0.9;True;True;450;[0.9993666847455807, 0.00026109317036949304]
(120, 1);8;170;1;stop;0.9;True;True;422;[0.9997469827067728, 3.4261005250236385e-05]
(120, 1);9;163;1;stop;0.1;False;False;558;[0.038463219732659044, 0.9614594779537012]
(120, 2);0;155;1;stop;1.0;True;False;707;[0.016888314167093264, 0.9815390891421906]
(120, 2);1;81;1;stop;1.0;True;False;382;[0.01405926155303597, 0.9856305524428524]
(120, 2);2;97;1;stop;1.0;True;False;367;[0.0251674384111685, 0.9743795555084793]
(120, 2);3;58;1;stop;1.0;True;False;492;[0.004466924725291711, 0.9952064374604241]
(120, 2);4;51;1;stop;1.0;True;False;412;[0.022277448645858105, 0.9773304430994095]
(120, 2);5;56;1;stop;1.0;True;False;369;[0.004904378246489067, 0.9948861010180173]
(120, 2);6;96;1;stop;1.0;True;False;354;[0.017437697330587223, 0.9822877833406425]
(120, 2);7;185;1;stop;1.0;True;False;475;[0.09308927584489796, 0.7794269987364334]
(120, 2);8;74;1;stop;1.0;True;False;380;[0.023678729359849236, 0.9758677537305221]
(120, 2);9;74;1;stop;1.0;True;False;403;[0.037317349070212884, 0.9624271029880573]
(120, 3);0;78;1;stop;1.0;True;False;335;[0.07583363275771905, 0.9238426904911408]
(120, 3);1;93;1;stop;1.0;True;False;510;[0.007119731578582081, 0.9926418714908242]
(120, 3);2;47;1;stop;1.0;True;False;314;[0.03845481144438185, 0.9612492685539874]
(120, 3);3;158;1;stop;1.0;True;False;325;[0.025954912855842577, 0.9739510211380645]
(120, 3);4;70;1;stop;1.0;True;False;414;[0.05832498990418316, 0.9413176740719107]
(120, 3);5;45;1;stop;1.0;True;False;359;[0.01911162488987474, 0.9802393489214904]
(120, 3);6;44;1;stop;1.0;True;False;503;[0.028428982985058384, 0.9713231497396018]
(120, 3);7;168;1;stop;1.0;True;False;476;[0.012428316695859257, 0.9873034538803158]
(120, 3);8;42;1;stop;1.0;True;False;377;[0.012051625443789385, 0.9877696418106889]
(120, 3);9;76;1;stop;1.0;True;False;411;[0.009409933437928071, 0.9903080100458963]
(121, 0);0;49;1;stop;1.0;True;False;626;[0.02096083819552798, 0.9788767919637188]
(121, 0);1;49;1;stop;1.0;True;False;489;[0.0030750009949316467, 0.9968050600832224]
(121, 0);2;84;1;stop;1.0;True;False;857;[0.005059625633908083, 0.9948006814231912]
(121, 0);3;45;1;stop;1.0;True;False;749;[0.006288860101571049, 0.993545266508872]
(121, 0);4;75;1;stop;1.0;True;False;1435;[0.008315430997183825, 0.9916428110492114]
(121, 0);5;116;1;stop;1.0;True;False;486;[0.00394482455051478, 0.9959077901585436]
(121, 0);6;88;1;stop;1.0;True;False;555;[0.015420262503467884, 0.9843015983182376]
(121, 0);7;165;1;stop;1.0;True;False;445;[0.004609186053774487, 0.9953072787189816]
(121, 0);8;85;1;stop;1.0;True;False;521;[0.014062875461748245, 0.98588388961554]
(121, 0);9;91;1;stop;1.0;True;False;435;[0.002182501521421023, 0.9977189002728272]
(121, 1);0;139;1;stop;0.9;True;True;538;[0.9997291106819199, 5.8278877137715664e-05]
(121, 1);1;147;1;stop;0.9;True;True;1128;[0.9993027545249562, 0.00010223902171201392]
(121, 1);2;87;1;stop;0.9;True;True;435;[0.9992224068618015, 0.0002867131847281126]
(121, 1);3;215;1;stop;0.9;True;True;678;[0.9992891837729633, 0.00014875477086065758]
(121, 1);4;87;1;stop;0.9;True;True;536;[0.9985483530283182, 0.0004723912846877738]
(121, 1);5;151;1;stop;0.9;True;True;663;[0.9990785276339452, 0.00026101773492027334]
(121, 1);6;135;1;stop;0.9;True;True;590;[0.9988987665156753, 0.00013968767870525768]
(121, 1);7;127;1;stop;0.9;True;True;822;[0.9988723610828899, 0.0002529349551104453]
(121, 1);8;67;1;stop;0.9;True;True;556;[0.9995694822610254, 7.028648249423269e-05]
(121, 1);9;99;1;stop;0.1;False;False;1164;[0.002714866989812002, 0.9972412609143382]
(121, 2);0;56;1;stop;1.0;False;True;493;[0.9997619957088622, 7.720947165875375e-05]
(121, 2);1;132;1;stop;1.0;False;True;509;[0.9994290752219481, 0.00020335217071091842]
(121, 2);2;44;1;stop;1.0;False;True;500;[0.9996887222505457, 7.720387577710092e-05]
(121, 2);3;84;1;stop;1.0;False;True;709;[0.999733757344477, 9.913618221566403e-05]
(121, 2);4;76;1;stop;1.0;False;True;499;[0.9993541838031262, 8.476349108641815e-05]
(121, 2);5;82;1;stop;1.0;False;True;389;[0.9991356459393174, 0.00012330310290684554]
(121, 2);6;108;1;stop;1.0;False;True;737;[0.9993657323155734, 0.00010549107630415264]
(121, 2);7;159;1;stop;1.0;False;True;599;[0.998949202560057, 0.0002609841320855964]
(121, 2);8;95;1;stop;1.0;False;True;389;[0.9990172516292496, 9.30630592421459e-05]
(121, 2);9;74;1;stop;1.0;False;True;397;[0.9991351699215302, 0.0002303605235445635]
(121, 3);0;98;1;stop;1.0;True;False;502;[0.008577116832654382, 0.9913800619821738]
(121, 3);1;116;1;stop;1.0;True;False;929;[0.005384487468738596, 0.9945317758204069]
(121, 3);2;94;1;stop;1.0;True;False;598;[0.0034830339125421516, 0.9964047457950543]
(121, 3);3;87;1;stop;1.0;True;False;635;[0.01911600425191485, 0.9804639070754737]
(121, 3);4;191;1;stop;1.0;True;False;1240;[0.029308417319664548, 0.9705614242690631]
(121, 3);5;101;1;stop;1.0;True;False;629;[0.0046089530895570665, 0.9952567374734905]
(121, 3);6;73;1;stop;1.0;True;False;650;[0.0018100493846316117, 0.9981007951428201]
(121, 3);7;93;1;stop;1.0;True;False;509;[0.0047544294062671555, 0.995083306865676]
(121, 3);8;59;1;stop;1.0;True;False;1352;[0.005729456253878297, 0.9941326957499655]
(121, 3);9;89;1;stop;1.0;True;False;537;[0.015420799278463175, 0.9843360174245167]
(122, 0);0;82;3;stop;1.0;True;False;319;[0.02368509263574291, 0.9761301806024357]
(122, 0);1;187;3;stop;1.0;True;False;450;[0.008846265927422355, 0.991030687932314]
(122, 0);2;76;3;stop;1.0;True;False;529;[0.004608454234094891, 0.9951490591757669]
(122, 0);3;127;3;stop;1.0;True;False;748;[0.020324894127314443, 0.9793081849877036]
(122, 0);4;93;3;stop;1.0;True;False;606;[0.012819893126363538, 0.9870770295598043]
(122, 0);5;86;3;stop;1.0;True;False;617;[0.010326977193916191, 0.9895590679127032]
(122, 0);6;80;3;stop;1.0;True;False;446;[0.021610074084102215, 0.9781467451220569]
(122, 0);7;99;3;stop;1.0;True;False;532;[0.011329652244658069, 0.9884847752463363]
(122, 0);8;191;3;stop;1.0;True;False;430;[0.014501089781033266, 0.9853271135155538]
(122, 0);9;182;3;stop;1.0;True;False;709;[0.008315359625573372, 0.9916344881476438]
(122, 1);0;110;3;stop;1.0;False;True;529;[0.9995557851813783, 0.0002868089015518499]
(122, 1);1;56;3;stop;1.0;False;True;865;[0.9991825354134093, 0.00026933132291504734]
(122, 1);2;125;3;stop;1.0;False;True;595;[0.9992702568172541, 0.0003149081462551188]
(122, 1);3;115;3;stop;1.0;False;True;552;[0.998620508335929, 0.0004507915846458734]
(122, 1);4;109;3;stop;1.0;False;True;483;[0.9997101670434324, 0.00011233333325333341]
(122, 1);5;96;3;stop;1.0;False;True;517;[0.9990899507779072, 0.0003351572413921841]
(122, 1);6;226;3;stop;1.0;False;True;466;[0.9996774045650394, 0.00023048556045908547]
(122, 1);7;91;3;stop;1.0;False;True;693;[0.9994157392303615, 0.00031495379817514445]
(122, 1);8;96;3;stop;1.0;False;True;461;[0.999489806225809, 0.00021648047144687304]
(122, 1);9;102;3;stop;1.0;False;True;349;[0.9994718243352931, 0.00026940941796208234]
(122, 2);0;154;3;stop;1.0;True;False;1347;[0.24803993541059124, 0.6534981898194022]
(122, 2);1;217;3;stop;1.0;True;False;527;[0.025174405822302966, 0.9746494483888466]
(122, 2);2;75;3;stop;1.0;True;False;788;[0.008059522905728481, 0.9916344881476438]
(122, 2);3;90;3;stop;1.0;True;False;384;[0.010007894129684869, 0.9894250765342679]
(122, 2);4;107;3;stop;1.0;True;False;1449;[0.005060103354726188, 0.9948948324934092]
(122, 2);5;103;3;stop;1.0;True;False;524;[0.0311262899081611, 0.9683104460642322]
(122, 2);6;119;3;stop;1.0;True;False;868;[0.012052378280132867, 0.9878312902287051]
(122, 2);7;183;3;stop;1.0;True;False;630;[0.014058309620342227, 0.9855633890626895]
(122, 2);8;104;3;stop;1.0;True;False;295;[0.012050832430410899, 0.9877045118407205]
(122, 2);9;70;3;stop;1.0;True;False;405;[0.029309703079370055, 0.9706040967904529]
(122, 3);0;258;3;stop;0.8;True;True;464;[0.9993368019813229, 0.0003568613309025487]
(122, 3);1;78;3;stop;0.8;True;True;369;[0.9992568059762604, 0.00014874994757630529]
(122, 3);2;69;3;stop;0.2;False;False;992;[0.03845595750414741, 0.961278016710574]
(122, 3);3;95;3;stop;0.8;True;True;590;[0.9994740869545118, 0.00029130159218496675]
(122, 3);4;120;3;stop;0.8;True;True;391;[0.9995448278040693, 0.00024918127790911]
(122, 3);5;106;3;stop;0.8;True;True;472;[0.9991345749141544, 0.00028668803017959266]
(122, 3);6;104;3;stop;0.8;True;True;618;[0.9994414590056604, 0.00026111259292423307]
(122, 3);7;87;3;stop;0.8;True;True;597;[0.9991857488210577, 0.0004581497611604384]
(122, 3);8;93;3;stop;0.2;False;False;1255;[0.016399316948805576, 0.9833740011002239]
(122, 3);9;89;3;stop;0.8;True;True;535;[0.9989942900220055, 0.000535528672333286]
(123, 0);0;88;2;stop;1.0;True;False;497;[0.014954585086905533, 0.9848782601650539]
(123, 0);1;199;2;stop;1.0;True;False;534;[0.007343886916035745, 0.9923922109995416]
(123, 0);2;190;2;stop;1.0;True;False;766;[0.024407114497437647, 0.9749387540455693]
(123, 0);3;117;2;stop;1.0;True;False;685;[0.008060564447702239, 0.9917626299689947]
(123, 0);4;157;2;stop;1.0;True;False;832;[0.014061085153398134, 0.9857583058394076]
(123, 0);5;165;2;stop;1.0;True;False;1106;[0.0037064364728956155, 0.996073110990483]
(123, 0);6;83;2;stop;1.0;True;False;643;[0.007119527884341579, 0.992613328896628]
(123, 0);7;120;2;stop;1.0;True;False;1279;[0.040823231051301846, 0.9586261862887531]
(123, 0);8;50;2;stop;1.0;True;False;398;[0.0236817837447429, 0.9759937826856275]
(123, 0);9;110;2;stop;1.0;True;False;540;[0.0209605583400137, 0.9788638830840707]
(123, 1);0;101;2;stop;0.5;False;True;861;[0.9996353525762656, 0.0002304758891029903]
(123, 1);1;186;2;stop;0.5;True;False;1193;[0.01970931572478288, 0.9797931718518503]
(123, 1);2;199;2;stop;0.5;False;True;568;[0.9994682518717328, 0.000179464677834065]
(123, 1);3;84;2;stop;0.5;True;False;802;[0.0024723377137633932, 0.997412361468181]
(123, 1);4;74;2;stop;0.5;False;True;692;[0.999908932396985, 2.66868239585543e-05]
(123, 1);5;200;2;stop;0.5;False;True;986;[0.9997970277870544, 5.648964942401841e-05]
(123, 1);6;231;2;stop;0.5;True;False;1086;[0.010010003636000978, 0.989633782896495]
(123, 1);7;54;2;stop;0.5;True;False;384;[0.03208711358080833, 0.9674894948261086]
(123, 1);8;173;2;stop;0.5;True;False;468;[0.014500066447693557, 0.9852576768280324]
(123, 1);9;179;2;stop;0.5;False;True;673;[0.999283231809145, 0.00047273897906834024]
(123, 2);0;211;2;stop;1.0;True;True;416;[0.9982687457151236, 0.0008033397551372019]
(123, 2);1;206;2;stop;1.0;True;True;613;[0.9983926662297846, 0.0012061053271182239]
(123, 2);2;92;2;stop;1.0;True;True;845;[0.9991166057536598, 0.00018509635028851149]
(123, 2);3;102;2;stop;1.0;True;True;627;[0.9991605182278209, 0.00043038099347410486]
(123, 2);4;175;2;stop;1.0;True;True;546;[0.9990232004387561, 0.0007094808593863583]
(123, 2);5;101;2;stop;1.0;True;True;458;[0.9998541091101509, 4.832092254233079e-05]
(123, 2);6;162;2;stop;1.0;True;True;602;[0.9994427688200107, 0.0002098102628700402]
(123, 2);7;188;2;stop;1.0;True;True;492;[0.995680711172752, 0.001937191127088406]
(123, 2);8;229;2;stop;1.0;True;True;832;[0.9992584724459125, 0.00068781410097166]
(123, 2);9;202;2;stop;1.0;True;True;538;[0.99969849142047, 0.00011957684234375583]
(123, 3);0;135;2;stop;1.0;True;False;709;[0.006097023332982691, 0.9938146981187916]
(123, 3);1;67;2;stop;1.0;True;False;803;[0.03209220134320408, 0.967642947716668]
(123, 3);2;111;2;stop;1.0;True;False;466;[0.004608900344576632, 0.9952455201315826]
(123, 3);3;58;2;stop;1.0;True;False;457;[0.05831809305442214, 0.941206248846048]
(123, 3);4;74;2;stop;1.0;True;False;457;[0.004197902511511774, 0.995589601169302]
(123, 3);5;21;2;stop;1.0;True;False;672;[0.00591005196663436, 0.9939177305492551]
(123, 3);6;96;2;stop;1.0;True;False;505;[0.039615703286138775, 0.9598006778979561]
(123, 3);7;83;2;stop;1.0;True;False;789;[0.005059758329611103, 0.994826753847866]
(123, 3);8;75;2;stop;1.0;True;False;1205;[0.022975943117053085, 0.9769619995233957]
(123, 3);9;178;2;stop;1.0;True;False;396;[0.019119504817310576, 0.980643628995402]
(124, 0);0;74;1;stop;1.0;True;False;375;[0.005552565123464518, 0.9940224335397534]
(124, 0);1;68;1;stop;1.0;True;False;447;[0.0060960901651853, 0.993662367369489]
(124, 0);2;60;1;stop;1.0;True;False;601;[0.005728937194040571, 0.9940425758698154]
(124, 0);3;107;1;stop;1.0;True;False;492;[0.0023229107323125987, 0.9975689289775027]
(124, 0);4;287;1;stop;1.0;True;False;416;[0.45689451999779, 0.5177293185502059]
(124, 0);5;94;1;stop;1.0;True;False;423;[0.002182079039001533, 0.997525868047137]
(124, 0);6;188;1;stop;1.0;True;False;589;[0.02218637556683933, 0.9733350139532779]
(124, 0);7;60;1;stop;1.0;True;False;457;[0.009705267143057255, 0.989963947279872]
(124, 0);8;83;1;stop;1.0;True;False;388;[0.013219860157239718, 0.986556031509516]
(124, 0);9;168;1;stop;1.0;True;False;547;[0.010304708992303502, 0.9874252479818657]
(124, 1);0;73;1;stop;1.0;True;True;430;[0.9991191047304436, 0.0002032891526611834]
(124, 1);1;151;1;stop;1.0;True;True;513;[0.9989906019789699, 0.00028664674869333887]
(124, 1);2;239;1;stop;1.0;True;True;506;[0.9991787269824258, 0.00021641297221223037]
(124, 1);3;61;1;stop;1.0;True;True;449;[0.9995080269738154, 0.00021648439406785834]
(124, 1);4;131;1;stop;1.0;True;True;549;[0.9990433079097066, 0.0001397077958529825]
(124, 1);5;72;1;stop;1.0;True;True;514;[0.9995561425049928, 0.00012335497144531386]
(124, 1);6;116;1;stop;1.0;True;True;706;[0.9993995459691306, 0.00016339322896178487]
(124, 1);7;74;1;stop;1.0;True;True;446;[0.9997410253102584, 0.00011233676144691683]
(124, 1);8;67;1;stop;1.0;True;True;404;[0.99968324206177, 0.00010887429263255617]
(124, 1);9;149;1;stop;1.0;True;True;613;[0.9995310122870452, 0.00017669345707474409]
(124, 2);0;89;1;stop;1.0;True;False;390;[0.0030750068600361837, 0.9968068369410693]
(124, 2);1;124;1;stop;1.0;True;False;500;[0.012428642645710223, 0.9873292516530882]
(124, 2);2;32;1;stop;1.0;True;False;333;[0.0028004892112680102, 0.9970430807078411]
(124, 2);3;70;1;stop;1.0;True;False;310;[0.0024722540131035045, 0.9973785635541119]
(124, 2);4;59;1;stop;1.0;True;False;467;[0.0037068535948911003, 0.9961853664491879]
(124, 2);5;66;1;stop;1.0;True;False;470;[0.010011755532286037, 0.98980718785418]
(124, 2);6;176;1;stop;1.0;True;False;294;[0.008313048309616355, 0.9913587387219743]
(124, 2);7;70;1;stop;1.0;True;False;309;[0.0052173487160638125, 0.9942506422698699]
(124, 2);8;98;1;stop;1.0;True;False;511;[0.011680167545911545, 0.9877133500057208]
(124, 2);9;102;1;stop;1.0;True;False;554;[0.010976552358688614, 0.9880776131853913]
(124, 3);0;88;1;stop;1.0;True;False;662;[0.0047544860838201536, 0.9950955830497995]
(124, 3);1;98;1;stop;1.0;True;False;410;[0.0052190307573423975, 0.9945713947038999]
(124, 3);2;72;1;stop;1.0;True;False;446;[0.002631260267513133, 0.997211386618838]
(124, 3);3;101;1;stop;1.0;True;False;570;[0.0066912780888472535, 0.9930738476944487]
(124, 3);4;66;1;stop;1.0;True;False;747;[0.0075760748147767395, 0.9922697755994415]
(124, 3);5;100;1;stop;1.0;True;False;394;[0.003943267357708735, 0.995514575143672]
(124, 3);6;166;1;stop;1.0;True;False;488;[0.02842305285562807, 0.971120406837522]
(124, 3);7;58;1;stop;1.0;True;False;518;[0.00394441262449803, 0.9958033986561582]
(124, 3);8;67;1;stop;1.0;True;False;707;[0.003171556232415157, 0.9964732771928699]
(124, 3);9;83;1;stop;1.0;True;False;443;[0.0038230229927411785, 0.995794887812552]
(125, 0);0;76;3;stop;1.0;True;False;597;[0.009705276398725676, 0.9899648812417698]
(125, 0);1;197;3;stop;1.0;True;False;409;[0.1359487477893397, 0.8592225682722465]
(125, 0);2;205;3;stop;1.0;True;False;412;[0.01911736246811446, 0.9805337017718457]
(125, 0);3;80;3;stop;1.0;True;False;425;[0.004329977075554211, 0.9953180253966033]
(125, 0);4;84;3;stop;1.0;True;False;491;[0.009409875107031913, 0.9903018131570798]
(125, 0);5;100;3;stop;1.0;True;False;368;[0.01001275334321045, 0.9899055363061342]
(125, 0);6;125;3;stop;1.0;True;False;774;[0.005384315447398388, 0.994500295153906]
(125, 0);7;84;3;stop;1.0;True;False;455;[0.008572533293327363, 0.9908500663898688]
(125, 0);8;129;3;stop;1.0;True;False;581;[0.009704679426188488, 0.9899040179027979]
(125, 0);9;182;3;stop;1.0;True;False;834;[0.0191206991672481, 0.9807047358512229]
(125, 1);0;199;3;stop;1.0;True;False;558;[0.06005902077022334, 0.9105763365250216]
(125, 1);1;114;3;stop;1.0;True;False;509;[0.0019875513044814897, 0.9979003738387864]
(125, 1);2;132;3;stop;1.0;True;False;429;[0.008576564715543127, 0.9913163299256725]
(125, 1);3;86;3;stop;1.0;True;False;400;[0.008576343878650037, 0.9912907917204121]
(125, 1);4;99;3;stop;1.0;True;False;624;[0.0041984229899099945, 0.9957129757053844]
(125, 1);5;230;3;stop;1.0;True;False;462;[0.02670311983660699, 0.9711979862025203]
(125, 1);6;92;3;stop;1.0;True;False;553;[0.007117053464819524, 0.9922686019636181]
(125, 1);7;181;3;stop;1.0;True;False;463;[0.028417076537037476, 0.9709161780933763]
(125, 1);8;145;3;stop;1.0;True;False;473;[0.00805843538746799, 0.9915005204708558]
(125, 1);9;172;3;stop;1.0;True;False;531;[0.03406177319886371, 0.9648047756946613]
(125, 2);0;86;3;stop;1.0;True;False;606;[0.007119629730733362, 0.9926276587941237]
(125, 2);1;199;3;stop;1.0;True;False;329;[0.02436665288933979, 0.9733225915090606]
(125, 2);2;171;3;stop;1.0;True;False;526;[0.08503538421352998, 0.9142165642085063]
(125, 2);3;243;3;stop;1.0;True;False;622;[0.010001291672603718, 0.9887724469537349]
(125, 2);4;98;3;stop;1.0;True;False;1023;[0.0029802837328547055, 0.996768460904581]
(125, 2);5;57;3;stop;1.0;True;False;414;[0.008313234618309665, 0.9913807655329329]
(125, 2);6;141;3;stop;1.0;True;False;481;[0.009120350639231401, 0.9903001770152009]
(125, 2);7;77;3;stop;1.0;True;False;360;[0.0015485318087320671, 0.9983031980001141]
(125, 2);8;221;3;stop;1.0;True;False;342;[0.010638357422503814, 0.9880331565658584]
(125, 2);9;112;3;stop;1.0;True;False;536;[0.005554387018826742, 0.9943486964744298]
(125, 3);0;148;3;stop;1.0;True;True;284;[0.9992241922163972, 0.0003300054822069006]
(125, 3);1;98;3;stop;1.0;True;True;442;[0.9991845586882586, 0.00021305922238370158]
(125, 3);2;140;3;stop;1.0;True;True;405;[0.9994553911202801, 0.00012334261981459724]
(125, 3);3;123;3;stop;1.0;True;True;716;[0.9984871421456634, 0.0002096094679931713]
(125, 3);4;133;3;stop;1.0;True;True;528;[0.9994346716758342, 0.000139762566474018]
(125, 3);5;76;3;stop;1.0;True;True;385;[0.9989536040269491, 0.0001487048432525564]
(125, 3);6;114;3;stop;1.0;True;True;760;[0.9981781119156897, 0.0002864136609140847]
(125, 3);7;118;3;stop;1.0;True;True;651;[0.9990587756985824, 0.0002376548191996818]
(125, 3);8;139;3;stop;1.0;True;True;632;[0.9996033097033569, 0.00011232133539964173]
(125, 3);9;79;3;stop;1.0;True;True;460;[0.9994316948199065, 0.00011230205581937282]
(126, 0);0;75;3;stop;1.0;True;False;389;[0.033070728228388274, 0.966468242187642]
(126, 0);1;122;3;stop;1.0;True;False;660;[0.02517081085341927, 0.9745102950228349]
(126, 0);2;61;3;stop;1.0;True;False;381;[0.035139884812175344, 0.9647190080463949]
(126, 0);3;127;3;stop;1.0;True;False;599;[0.020326440006628685, 0.9793826185412099]
(126, 0);4;70;3;stop;1.0;True;False;385;[0.0032727424993554315, 0.9966288396492551]
(126, 0);5;57;3;stop;1.0;True;False;522;[0.01321829692697571, 0.9864395554369421]
(126, 0);6;70;3;stop;1.0;True;False;442;[0.012427558154756874, 0.9872433812259768]
(126, 0);7;51;3;stop;1.0;True;False;447;[0.01321660153539784, 0.9863130181275074]
(126, 0);8;83;3;stop;1.0;True;False;435;[0.0066915333457181515, 0.9931115868923879]
(126, 0);9;57;3;stop;1.0;True;False;455;[0.016399144914026748, 0.9833638573263517]
(126, 1);0;46;3;stop;1.0;True;False;511;[0.024416729559834163, 0.9753229099272711]
(126, 1);1;76;3;stop;1.0;True;False;362;[0.010326691589251067, 0.9895318700656731]
(126, 1);2;63;3;stop;1.0;True;False;313;[0.033076894619870324, 0.9666486594034474]
(126, 1);3;34;3;stop;1.0;True;False;311;[0.008845101773017172, 0.990900394468018]
(126, 1);4;108;3;stop;1.0;True;False;671;[0.005910164693004783, 0.9939368090069768]
(126, 1);5;71;3;stop;1.0;True;False;372;[0.012429010090337395, 0.9873586528879306]
(126, 1);6;44;3;stop;1.0;True;False;319;[0.020325669475283456, 0.9793455725295799]
(126, 1);7;36;3;stop;1.0;True;False;353;[0.003074788392444842, 0.9967363645362803]
(126, 1);8;100;3;stop;1.0;True;False;586;[0.009410521254062488, 0.9903695078994165]
(126, 1);9;51;3;stop;1.0;True;False;251;[0.0021155527367104536, 0.997813011342932]
(126, 2);0;156;3;stop;1.0;True;False;481;[0.0050597872818633335, 0.9948327710502771]
(126, 2);1;50;3;stop;1.0;True;False;588;[0.0035930095740987094, 0.9962421543131842]
(126, 2);2;81;3;stop;1.0;True;False;477;[0.024416258030827837, 0.9753039730337154]
(126, 2);3;29;3;stop;1.0;True;False;394;[0.01495365096793802, 0.9848166318636834]
(126, 2);4;26;3;stop;1.0;True;False;517;[0.0083142811958036, 0.9915056767879322]
(126, 2);5;100;3;stop;1.0;True;False;363;[0.004330739014657586, 0.9954933103685465]
(126, 2);6;105;3;stop;1.0;True;False;497;[0.03409315891675058, 0.965693651297285]
(126, 2);7;37;3;stop;1.0;True;False;314;[0.008312643994474992, 0.9913104720151501]
(126, 2);8;71;3;stop;1.0;True;False;431;[0.014499693087294596, 0.9852324497744536]
(126, 2);9;205;3;stop;1.0;True;False;352;[0.030200112200540762, 0.9693208171646898]
(126, 3);0;103;3;stop;1.0;True;True;509;[0.9988409617439542, 5.6435640912679364e-05]
(126, 3);1;111;3;stop;1.0;True;True;400;[0.9996738306102103, 7.482742044901357e-05]
(126, 3);2;72;3;stop;1.0;True;True;510;[0.9998245547140321, 7.25361517125611e-05]
(126, 3);3;184;3;stop;1.0;True;True;579;[0.9996450015921765, 8.747961467856775e-05]
(126, 3);4;83;3;stop;1.0;True;True;308;[0.999567814778149, 8.21731448339223e-05]
(126, 3);5;71;3;stop;1.0;True;True;379;[0.9999282411581683, 3.0240710076171997e-05]
(126, 3);6;118;3;stop;1.0;True;True;494;[0.9988602292419012, 0.00012326912378989824]
(126, 3);7;60;3;stop;1.0;True;True;412;[0.9998955835638214, 6.204789628086982e-05]
(126, 3);8;303;3;stop;1.0;True;True;224;[0.9947091428928487, 0.0016683339030660158]
(126, 3);9;145;3;stop;1.0;True;True;407;[0.9992597817877922, 0.0001633704802523598]
(127, 0);0;66;2;stop;1.0;True;False;453;[0.006487790754752589, 0.9934381934236162]
(127, 0);1;118;2;stop;1.0;True;False;559;[0.01743255945347183, 0.9819985833063575]
(127, 0);2;91;2;stop;1.0;True;False;404;[0.0064857802135371975, 0.9931305162243617]
(127, 0);3;143;2;stop;1.0;True;False;467;[0.035121910219865216, 0.9642254388385059]
(127, 0);4;145;2;stop;1.0;True;False;602;[0.030180569798999926, 0.968693534695772]
(127, 0);5;60;2;stop;1.0;True;False;655;[0.009409498208419345, 0.990262066003909]
(127, 0);6;129;2;stop;1.0;True;False;513;[0.19098898693305402, 0.8040936452159231]
(127, 0);7;122;2;stop;1.0;True;False;407;[0.01690417792232804, 0.9824612681140962]
(127, 0);8;89;2;stop;1.0;True;False;611;[0.004069493647704866, 0.9957724286047587]
(127, 0);9;94;2;stop;1.0;True;False;383;[0.016395141705230806, 0.9831239119427841]
(127, 1);0;87;2;stop;1.0;True;False;657;[0.012817539836839672, 0.9868956396237426]
(127, 1);1;72;2;stop;1.0;True;False;421;[0.01542049044673128, 0.984316034651903]
(127, 1);2;89;2;stop;1.0;True;False;625;[0.01406040798006832, 0.9857106982873355]
(127, 1);3;112;2;stop;1.0;True;False;496;[0.008311296419352082, 0.991149890118706]
(127, 1);4;247;2;stop;1.0;True;False;820;[0.032948631311215455, 0.9629001552293261]
(127, 1);5;86;2;stop;1.0;True;False;531;[0.011684033444840093, 0.9880401388980312]
(127, 1);6;58;2;stop;1.0;True;False;426;[0.0050588150593608725, 0.994641207566447]
(127, 1);7;116;2;stop;1.0;True;False;779;[0.010324116579758093, 0.9892852886816351]
(127, 1);8;125;2;stop;1.0;True;False;556;[0.0926067192770216, 0.9065188332042204]
(127, 1);9;101;2;stop;1.0;True;False;608;[0.03307834570260269, 0.9666909906362905]
(127, 2);0;228;2;stop;1.0;True;True;416;[0.9963041552180929, 0.0015944879312444237]
(127, 2);1;201;2;stop;1.0;True;True;598;[0.9987156219043408, 0.000896591616920265]
(127, 2);2;87;2;stop;1.0;True;True;402;[0.9988736693955638, 0.00020323913993012746]
(127, 2);3;95;2;stop;1.0;True;True;421;[0.9997870183698169, 0.0001398118917248631]
(127, 2);4;56;2;stop;1.0;True;True;519;[0.9996435721132362, 0.00015353121229288568]
(127, 2);5;62;2;stop;1.0;True;True;313;[0.9990154671096059, 0.00043031840542226104]
(127, 2);6;49;2;stop;1.0;True;True;342;[0.9995960437569696, 0.00019106357003000684]
(127, 2);7;42;2;stop;1.0;True;True;495;[0.9994965942791333, 0.00021648191661475616]
(127, 2);8;96;2;stop;1.0;True;True;358;[0.9981158774996042, 0.00031454406894842096]
(127, 2);9;55;2;stop;1.0;True;True;624;[0.9968628664491109, 0.0003909652486603198]
(127, 3);0;137;2;stop;1.0;True;False;362;[0.006288074474955819, 0.9934211345219933]
(127, 3);1;210;2;stop;1.0;True;False;385;[0.01448435214529142, 0.9841898109878366]
(127, 3);2;69;2;stop;1.0;True;False;544;[0.0015010516774414367, 0.9984117976916157]
(127, 3);3;60;2;stop;1.0;True;False;348;[0.004608243280630082, 0.995103492008232]
(127, 3);4;77;2;stop;1.0;True;False;645;[0.0030748177160518503, 0.996745720977401]
(127, 3);5;248;2;stop;1.0;True;False;385;[0.11269019532483653, 0.886377085053838]
(127, 3);6;92;2;stop;1.0;True;False;531;[0.0044675637697062145, 0.9953487310278333]
(127, 3);7;87;2;stop;1.0;True;False;517;[0.004608684975504384, 0.9951986449304341]
(127, 3);8;68;2;stop;1.0;True;False;564;[0.031128790914552857, 0.9683882464809546]
(127, 3);9;87;2;stop;1.0;True;False;591;[0.0034830837380983143, 0.9964191851787462]
(128, 0);0;133;0;stop;1.0;True;True;466;[0.999163969551251, 0.0002530087784581918]
(128, 0);1;67;0;stop;1.0;True;True;494;[0.999358707932349, 0.00029585478275763737]
(128, 0);2;71;0;stop;1.0;True;True;234;[0.9994297896623626, 0.00022333888033359447]
(128, 0);3;117;0;stop;1.0;True;True;340;[0.9997115967339845, 0.0001006951412008605]
(128, 0);4;35;0;stop;1.0;True;True;411;[0.9995868721445892, 0.0001910619301252687]
(128, 0);5;141;0;stop;1.0;True;True;448;[0.9998077523788297, 8.091853564065177e-05]
(128, 0);6;70;0;stop;1.0;True;True;321;[0.9988008829062641, 0.0004951871815691736]
(128, 0);7;57;0;stop;1.0;True;True;496;[0.9991986026713184, 0.00021641730639299095]
(128, 0);8;63;0;stop;1.0;True;True;513;[0.9993494216053961, 0.0002414675636540578]
(128, 0);9;119;0;stop;1.0;True;True;743;[0.9995376817860313, 0.00020983007278043225]
(128, 1);0;82;0;stop;1.0;True;False;296;[0.010012443008584549, 0.989875164994353]
(128, 1);1;48;0;stop;1.0;True;False;709;[0.01743219370765583, 0.9819777755157343]
(128, 1);2;82;0;stop;1.0;True;False;476;[0.007813967798083141, 0.9919404182254548]
(128, 1);3;153;0;stop;1.0;True;False;318;[0.04083020048614001, 0.9587898808489226]
(128, 1);4;78;0;stop;1.0;True;False;306;[0.008574884044466876, 0.9911216682644077]
(128, 1);5;60;0;stop;1.0;True;False;320;[0.026734442371082738, 0.9723373381432152]
(128, 1);6;127;0;stop;1.0;True;False;493;[0.019714099955607068, 0.980030922454386]
(128, 1);7;110;0;stop;1.0;True;False;587;[0.011331013731049853, 0.9886037154017712]
(128, 1);8;214;0;stop;1.0;True;False;355;[0.01578334677723398, 0.9764809476958228]
(128, 1);9;69;0;stop;1.0;True;False;471;[0.011326978372639376, 0.9882515213497715]
(128, 2);0;61;0;stop;1.0;True;False;361;[0.012050142895976014, 0.9876481115295088]
(128, 2);1;90;0;stop;1.0;True;False;280;[0.022281687512490937, 0.9775165350246743]
(128, 2);2;82;0;stop;1.0;True;False;345;[0.019118155565149966, 0.9805742776103666]
(128, 2);3;94;0;stop;1.0;True;False;593;[0.07804593495220233, 0.9215412024562003]
(128, 2);4;137;0;stop;1.0;True;False;310;[0.009707072165370485, 0.9901481032515296]
(128, 2);5;59;0;stop;1.0;True;False;353;[0.0018672892513346745, 0.9979845457563586]
(128, 2);6;74;0;stop;1.0;True;False;444;[0.012816861436194262, 0.986843858782627]
(128, 2);7;47;0;stop;1.0;True;False;212;[0.019119080886609522, 0.9806217338923349]
(128, 2);8;31;0;stop;1.0;True;False;247;[0.005553716979099515, 0.9942287239213325]
(128, 2);9;295;0;stop;1.0;True;False;393;[0.07928567806948522, 0.8794594682352536]
(128, 3);0;95;0;stop;1.0;True;False;391;[0.02367464240751168, 0.9756993115362731]
(128, 3);1;57;0;stop;1.0;True;False;207;[0.029284508278594676, 0.9697697234210556]
(128, 3);2;58;0;stop;1.0;True;False;415;[0.0052184534276284705, 0.9944611532985903]
(128, 3);3;34;0;stop;1.0;True;False;267;[0.005382818836936356, 0.9942237747434353]
(128, 3);4;67;0;stop;1.0;True;False;290;[0.058329467731176636, 0.9413899320194682]
(128, 3);5;72;0;stop;1.0;True;False;416;[0.008574691871923341, 0.9910995364461432]
(128, 3);6;122;0;stop;1.0;True;False;546;[0.0373060869788956, 0.9621366785030412]
(128, 3);7;90;0;stop;1.0;True;False;508;[0.020328824477342203, 0.979497662015897]
(128, 3);8;158;0;stop;1.0;True;False;376;[0.02675413249269987, 0.9730533179832501]
(128, 3);9;85;0;stop;1.0;True;False;437;[0.012046144374222197, 0.987320303824851]
(129, 0);0;74;1;stop;1.0;True;False;443;[0.04333173507154371, 0.9558828465566787]
(129, 0);1;54;1;stop;1.0;True;False;333;[0.007343442196054393, 0.99233198721593]
(129, 0);2;85;1;stop;1.0;True;False;338;[0.015422718585731358, 0.9844582348680257]
(129, 0);3;55;1;stop;1.0;True;False;519;[0.021607230233018863, 0.9780178786651763]
(129, 0);4;84;1;stop;1.0;True;False;443;[0.03209347914860883, 0.9676814580366757]
(129, 0);5;112;1;stop;1.0;True;False;372;[0.02161052748625643, 0.9781670472133976]
(129, 0);6;86;1;stop;1.0;True;False;643;[0.0026311787144035355, 0.9971806843559684]
(129, 0);7;91;1;stop;1.0;True;False;427;[0.04207402513214149, 0.9576003731985714]
(129, 0);8;42;1;stop;1.0;True;False;601;[0.0055533833135768314, 0.9941692196760145]
(129, 0);9;60;1;stop;1.0;True;False;586;[0.0028888434923907574, 0.9968558772396023]
(129, 1);0;121;1;stop;1.0;True;True;653;[0.9989605037444467, 0.00020010557440249162]
(129, 1);1;132;1;stop;1.0;True;True;518;[0.9981425993308775, 0.0008550426663748037]
(129, 1);2;88;1;stop;1.0;True;True;542;[0.9994226453393744, 0.00024148506567575818]
(129, 1);3;68;1;stop;1.0;True;True;384;[0.9994592016529572, 0.00021988283243201768]
(129, 1);4;88;1;stop;1.0;True;True;371;[0.9993157304041552, 9.604586327230414e-05]
(129, 1);5;95;1;stop;1.0;True;True;348;[0.9990098752709569, 0.00024518663360201736]
(129, 1);6;107;1;stop;1.0;True;True;561;[0.9995040969884492, 0.0002304455588457056]
(129, 1);7;100;1;stop;1.0;True;True;559;[0.99986304729117, 6.401537115777788e-05]
(129, 1);8;67;1;stop;1.0;True;True;423;[0.9995637651676795, 0.00017395971947196877]
(129, 1);9;102;1;stop;1.0;True;True;713;[0.9988805679795322, 0.00022673137445917036]
(129, 2);0;243;1;stop;1.0;True;False;723;[0.03961562772525333, 0.9597987006284997]
(129, 2);1;188;1;stop;1.0;True;False;513;[0.029306838148515698, 0.9705090967672071]
(129, 2);2;69;1;stop;1.0;True;False;485;[0.009704859902385204, 0.9899227081625602]
(129, 2);3;135;1;stop;1.0;True;False;1762;[0.005058911549520942, 0.9946604314531112]
(129, 2);4;105;1;stop;1.0;True;False;304;[0.015420556624438867, 0.9843203083899776]
(129, 2);5;124;1;stop;1.0;True;False;644;[0.0029805750746493315, 0.9968659466559269]
(129, 2);6;126;1;stop;1.0;True;False;700;[0.002396439851742246, 0.9974819805595166]
(129, 2);7;230;1;stop;1.0;True;False;433;[0.020953453260848534, 0.9785320629821447]
(129, 2);8;101;1;stop;1.0;True;False;276;[0.012812516856547294, 0.9865092757074433]
(129, 2);9;85;1;stop;1.0;True;False;510;[0.02161175893329168, 0.9782228250193877]
(129, 3);0;54;1;stop;0.6;False;True;1266;[0.9995679338777427, 0.00017670002900942297]
(129, 3);1;76;1;stop;0.6;False;True;691;[0.9994918307628191, 0.000144207357949858]
(129, 3);2;52;1;stop;0.4;True;False;1530;[0.0020501325955038538, 0.9976520957188453]
(129, 3);3;66;1;stop;0.6;False;True;1428;[0.9997119541423942, 0.00015841569329750474]
(129, 3);4;75;1;stop;0.6;False;True;911;[0.9996869352222083, 0.0001272874293924607]
(129, 3);5;68;1;stop;0.4;True;False;483;[0.007569520865791545, 0.9914118145930462]
(129, 3);6;113;1;stop;0.4;True;False;550;[0.006287193010799964, 0.9932820966166764]
(129, 3);7;80;1;stop;0.6;False;True;476;[0.9997174346340454, 0.00016863359264722135]
(129, 3);8;63;1;stop;0.4;True;False;1136;[0.0021153126620845246, 0.9977001515536206]
(129, 3);9;107;1;stop;0.6;False;True;1051;[0.9986830434794772, 0.00026919676485148437]
(130, 0);0;254;3;stop;1.0;True;False;833;[0.00433112313234631, 0.9955814482005688]
(130, 0);1;224;3;stop;1.0;True;False;507;[0.007119976019363424, 0.9926758190639835]
(130, 0);2;210;3;stop;1.0;True;False;448;[0.005383748072683599, 0.9943952556631996]
(130, 0);3;95;3;stop;1.0;True;False;436;[0.009123482400701178, 0.9906401449349412]
(130, 0);4;244;3;stop;1.0;True;False;404;[0.0012832993454347567, 0.9979312390636912]
(130, 0);5;67;3;stop;1.0;True;False;383;[0.002550435023725465, 0.9972626008750161]
(130, 0);6;172;3;stop;1.0;True;False;452;[0.008844633623682128, 0.9908478424418706]
(130, 0);7;86;3;stop;1.0;True;False;750;[0.013633189815788054, 0.9860995661003468]
(130, 0);8;59;3;stop;1.0;True;False;423;[0.001500882052566069, 0.9982991586266261]
(130, 0);9;105;3;stop;1.0;True;False;687;[0.01001094876267086, 0.9897273089962312]
(130, 1);0;105;3;stop;1.0;True;False;587;[0.02160738478052548, 0.9780248339414911]
(130, 1);1;194;3;stop;1.0;True;False;686;[0.009410494330383731, 0.990366702104105]
(130, 1);2;102;3;stop;1.0;True;False;246;[0.009411387340153558, 0.9904609514777155]
(130, 1);3;148;3;stop;1.0;True;False;474;[0.032084986905687896, 0.9674253389588904]
(130, 1);4;492;3;stop;1.0;True;False;563;[0.20981858692383448, 0.5703460521080139]
(130, 1);5;72;3;stop;1.0;True;False;568;[0.002251439061767437, 0.9975671495998678]
(130, 1);6;82;3;stop;1.0;True;False;418;[0.012429638327282477, 0.9874085111957908]
(130, 1);7;93;3;stop;1.0;True;False;533;[0.005909981513744677, 0.9939060724176976]
(130, 1);8;100;3;stop;1.0;True;False;599;[0.004198318889068071, 0.995688274723305]
(130, 1);9;73;3;stop;1.0;True;False;381;[0.0075767792955557635, 0.992362039732547]
(130, 2);0;77;3;stop;1.0;True;False;425;[0.010326957496789144, 0.9895575509624076]
(130, 2);1;203;3;stop;1.0;True;False;1013;[0.004754728671381424, 0.9951462259375756]
(130, 2);2;151;3;stop;1.0;True;False;773;[0.01405856435657763, 0.9855814530561117]
(130, 2);3;142;3;stop;1.0;True;False;619;[0.01494997210502589, 0.9845745906943151]
(130, 2);4;70;3;stop;1.0;True;False;607;[0.0059094489170731165, 0.9938163465461936]
(130, 2);5;215;3;stop;1.0;True;False;648;[0.013218681414051203, 0.986468323822389]
(130, 2);6;122;3;stop;1.0;True;False;692;[0.018534542506486403, 0.9808172234840373]
(130, 2);7;128;3;stop;1.0;True;False;728;[0.006486253407932073, 0.9932030667437364]
(130, 2);8;202;3;stop;1.0;True;False;556;[0.023684906286593633, 0.9761224569867405]
(130, 2);9;272;3;stop;1.0;True;False;587;[0.12141185399456175, 0.8695175503137629]
(130, 3);0;91;3;stop;1.0;True;True;589;[0.9994626549971048, 6.10594320434705e-05]
(130, 3);1;131;3;stop;1.0;True;True;447;[0.9987961259613564, 8.605021896698985e-05]
(130, 3);2;60;3;stop;1.0;True;True;389;[0.9997658086034802, 4.985037176646461e-05]
(130, 3);3;68;3;stop;1.0;True;True;609;[0.9987164542515536, 0.00017381229605998487]
(130, 3);4;147;3;stop;1.0;True;True;411;[0.999626061118472, 7.841472414011094e-05]
(130, 3);5;133;3;stop;1.0;True;True;624;[0.9993413259736881, 0.0001022429218955692]
(130, 3);6;106;3;stop;1.0;True;True;541;[0.9993603746882848, 0.00011585861858969982]
(130, 3);7;83;3;stop;1.0;True;True;677;[0.9997828478440363, 4.539005917733093e-05]
(130, 3);8;50;3;stop;1.0;True;True;596;[0.9981733609580955, 6.0980696562640015e-05]
(130, 3);9;266;3;stop;1.0;True;True;790;[0.9994809938157807, 0.00026523514154673246]
(131, 0);0;43;0;stop;1.0;True;True;350;[0.9996253464213816, 0.00011956806178917038]
(131, 0);1;77;0;stop;1.0;True;True;413;[0.9998595911813487, 8.480634540094802e-05]
(131, 0);2;44;0;stop;1.0;True;True;418;[0.9996765706314049, 9.025935626546249e-05]
(131, 0);3;210;0;stop;1.0;True;True;416;[0.9991888432427624, 0.00017119854778732834]
(131, 0);4;44;0;stop;1.0;True;True;462;[0.9997590169032433, 8.479777280510636e-05]
(131, 0);5;123;0;stop;1.0;True;True;466;[0.9992310957222084, 0.00013543488113733682]
(131, 0);6;190;0;stop;1.0;True;True;255;[0.9998306322920667, 7.721477339445981e-05]
(131, 0);7;90;0;stop;1.0;True;True;378;[0.9997450763371897, 5.6486740371623724e-05]
(131, 0);8;67;0;stop;1.0;True;True;508;[0.9997988152013287, 6.401128095082658e-05]
(131, 0);9;41;0;stop;1.0;True;True;501;[0.9994025226129557, 0.00013545813207110688]
(131, 1);0;54;0;stop;1.0;True;False;468;[0.010984526678600524, 0.988795757112112]
(131, 1);1;101;0;stop;1.0;True;False;685;[0.013634613567842171, 0.9862023966001073]
(131, 1);2;204;0;stop;1.0;True;False;398;[0.0031724819047823506, 0.9967640785807648]
(131, 1);3;194;0;stop;1.0;True;False;405;[0.01363501016452366, 0.9862313831014514]
(131, 1);4;45;0;stop;1.0;True;False;366;[0.007120767114416801, 0.9927864875877462]
(131, 1);5;60;0;stop;1.0;True;False;746;[0.01001099649870826, 0.9897317463366045]
(131, 1);6;63;0;stop;1.0;True;False;404;[0.001987595848681479, 0.9979225729493358]
(131, 1);7;90;0;stop;1.0;True;False;346;[0.01743877830655639, 0.98234874928961]
(131, 1);8;110;0;stop;1.0;True;False;322;[0.008314443744279467, 0.9915250141392252]
(131, 1);9;74;0;stop;1.0;True;False;425;[0.003944980679835409, 0.9959471637960859]
(131, 2);0;60;0;stop;1.0;True;False;545;[0.013220736403434697, 0.9866215902034733]
(131, 2);1;83;0;stop;1.0;True;False;378;[0.008060226220053849, 0.9917210065134922]
(131, 2);2;98;0;stop;1.0;True;False;529;[0.008575795900551733, 0.9912270709416696]
(131, 2);3;42;0;stop;1.0;True;False;310;[0.00806026081086636, 0.9917251101308139]
(131, 2);4;93;0;stop;1.0;True;False;296;[0.0046088783676796015, 0.995240796687807]
(131, 2);5;64;0;stop;1.0;True;False;409;[0.006902556306917088, 0.9929116360667303]
(131, 2);6;77;0;stop;1.0;True;False;540;[0.006903270576657923, 0.9930145989186638]
(131, 2);7;60;0;stop;1.0;True;False;342;[0.002550655154961009, 0.9973485625368109]
(131, 2);8;183;0;stop;1.0;True;False;446;[0.004754758145479777, 0.9951522469259269]
(131, 2);9;125;0;stop;1.0;True;False;495;[0.004904962928784608, 0.9950046984859721]
(131, 3);0;94;0;stop;1.0;True;False;555;[0.006487589672587894, 0.9934076054799018]
(131, 3);1;70;0;stop;1.0;True;False;554;[0.012819728076388032, 0.9870644859667463]
(131, 3);2;32;0;stop;1.0;True;False;664;[0.012429685742680255, 0.987412114178853]
(131, 3);3;205;0;stop;1.0;True;False;336;[0.001924919680497922, 0.9971332713282016]
(131, 3);4;66;0;stop;1.0;True;False;431;[0.004198040632181344, 0.9956220964153573]
(131, 3);5;74;0;stop;1.0;True;False;532;[0.011684317588741598, 0.9880642296110912]
(131, 3);6;65;0;stop;1.0;True;False;483;[0.0047544498101084005, 0.9950879104748962]
(131, 3);7;203;0;stop;1.0;True;False;548;[0.017981246209501308, 0.9817427582142362]
(131, 3);8;95;0;stop;1.0;True;False;461;[0.008844798105760068, 0.990866100187577]
(131, 3);9;55;0;stop;1.0;True;False;544;[0.014051466987726672, 0.9850836633973453]
(132, 0);0;63;1;stop;1.0;True;False;520;[0.005729344242250068, 0.9941132566207999]
(132, 0);1;42;1;stop;1.0;True;False;347;[0.010011397490409114, 0.989771568070639]
(132, 0);2;42;1;stop;1.0;True;False;455;[0.011329452357651724, 0.9884673033677801]
(132, 0);3;32;1;stop;1.0;True;False;418;[0.010984552867784173, 0.9887978548967691]
(132, 0);4;41;1;stop;1.0;True;False;297;[0.013634145468569817, 0.986168658924832]
(132, 0);5;79;1;stop;1.0;True;False;488;[0.016912385544124855, 0.9829380963830161]
(132, 0);6;53;1;stop;1.0;True;False;532;[0.009703753959967086, 0.9898099911425062]
(132, 0);7;140;1;stop;1.0;True;False;536;[0.004198432999742365, 0.9957153394722891]
(132, 0);8;134;1;stop;1.0;True;False;634;[0.004904534934507644, 0.9949179603632116]
(132, 0);9;38;1;stop;1.0;True;False;364;[0.008576413400762347, 0.9912986408955953]
(132, 1);0;53;1;stop;1.0;True;True;396;[0.9995080269738154, 0.00026113002465222263]
(132, 1);1;115;1;stop;1.0;True;True;381;[0.9998139489254385, 0.00011591122443008856]
(132, 1);2;83;1;stop;1.0;True;True;368;[0.9997182686308643, 8.218552766082518e-05]
(132, 1);3;105;1;stop;1.0;True;True;507;[0.9996105757607444, 0.00015352623413528068]
(132, 1);4;54;1;stop;1.0;True;True;261;[0.9988555907383594, 0.0003050925566843671]
(132, 1);5;93;1;stop;1.0;True;True;638;[0.9996876500506168, 0.00017398128792809597]
(132, 1);6;71;1;stop;1.0;True;True;421;[0.9994840900826845, 0.0001535067623046877]
(132, 1);7;124;1;stop;1.0;True;True;309;[0.9997100478977962, 0.0001088771999286374]
(132, 1);8;81;1;stop;1.0;True;True;708;[0.9997148135306543, 9.608424986342042e-05]
(132, 1);9;52;1;stop;1.0;True;True;428;[0.999265852501042, 0.000345857288413883]
(132, 2);0;94;1;stop;1.0;True;False;472;[0.014058504023894204, 0.985577399643411]
(132, 2);1;65;1;stop;1.0;True;False;587;[0.007345571493372998, 0.9926195541166648]
(132, 2);2;104;1;stop;1.0;True;False;307;[0.0038240202815994374, 0.9960550151864044]
(132, 2);3;202;1;stop;1.0;True;False;329;[0.008060287714934278, 0.9917285099670745]
(132, 2);4;159;1;stop;1.0;True;False;638;[0.004904679933850037, 0.9949473434152174]
(132, 2);5;157;1;stop;1.0;True;False;629;[0.020956315988221463, 0.9786656328304316]
(132, 2);6;122;1;stop;1.0;True;False;524;[0.014501525411058406, 0.985356974539306]
(132, 2);7;58;1;stop;1.0;True;False;363;[0.025947444853365566, 0.9736707773153128]
(132, 2);8;49;1;stop;1.0;True;False;466;[0.0028891686025527695, 0.9969680723546762]
(132, 2);9;39;1;stop;1.0;True;False;456;[0.008575644599335016, 0.9912097361422186]
(132, 3);0;55;1;stop;1.0;True;False;425;[0.01639951244506308, 0.9833857605356742]
(132, 3);1;166;1;stop;1.0;True;False;465;[0.0106516411327425, 0.9892668555295201]
(132, 3);2;81;1;stop;1.0;True;False;532;[0.005553269448184924, 0.9941489544162186]
(132, 3);3;91;1;stop;1.0;True;False;483;[0.010648726129268248, 0.9889961524737917]
(132, 3);4;95;1;stop;1.0;True;False;410;[0.010985081902663712, 0.988845527746369]
(132, 3);5;45;1;stop;1.0;True;False;325;[0.0034823663188521263, 0.996213877922666]
(132, 3);6;76;1;stop;1.0;True;False;937;[0.014061608141258987, 0.9857950279638639]
(132, 3);7;100;1;stop;1.0;True;False;387;[0.013633566868068376, 0.986126575931545]
(132, 3);8;77;1;stop;1.0;True;False;445;[0.018538201782515466, 0.9810109558338553]
(132, 3);9;91;1;stop;1.0;True;False;539;[0.01363335233704398, 0.9861112745555104]
(133, 0);0;106;0;stop;1.0;True;True;711;[0.9990650819906495, 0.00016852346587678432]
(133, 0);1;72;0;stop;1.0;True;True;612;[0.9993103733357659, 0.0002610784799095939]
(133, 0);2;68;0;stop;1.0;True;True;448;[0.9995463760933782, 0.00029591037135351264]
(133, 0);3;87;0;stop;1.0;True;True;505;[0.9994408636413572, 0.00018515655395483335]
(133, 0);4;163;0;stop;1.0;True;True;586;[0.9992120519145813, 0.00022329011036438702]
(133, 0);5;97;0;stop;1.0;True;True;578;[0.9989764449139805, 0.00023763510187680298]
(133, 0);6;116;0;stop;1.0;True;True;579;[0.9993212065132902, 0.00018513430633122768]
(133, 0);7;96;0;stop;1.0;True;True;643;[0.9982338205995847, 0.0005026996742104331]
(133, 0);8;209;0;stop;1.0;True;True;432;[0.9986572438780323, 0.00043693822819201644]
(133, 0);9;56;0;stop;1.0;True;True;396;[0.9987948177502479, 0.00019697072499880622]
(133, 1);0;106;0;stop;1.0;True;False;455;[0.014497335607540351, 0.9850722120944865]
(133, 1);1;171;0;stop;1.0;True;False;568;[0.019710598611837573, 0.9798569195950135]
(133, 1);2;305;0;stop;1.0;True;False;675;[0.06320078176733253, 0.9287286738487117]
(133, 1);3;93;0;stop;1.0;True;False;559;[0.006487351475626419, 0.9933711372886089]
(133, 1);4;124;0;stop;1.0;True;False;525;[0.028421446850623807, 0.9710655476930958]
(133, 1);5;149;0;stop;1.0;True;False;549;[0.17980788074536525, 0.8058429898811608]
(133, 1);6;125;0;stop;1.0;True;False;364;[0.01639607205134687, 0.9831795658510533]
(133, 1);7;110;0;stop;1.0;True;False;324;[0.017980405964752137, 0.9816966867511516]
(133, 1);8;75;0;stop;1.0;True;False;565;[0.00857593493645577, 0.9912433517866516]
(133, 1);9;143;0;stop;1.0;True;False;516;[0.00572867768175605, 0.9939974629865544]
(133, 2);0;162;0;stop;1.0;True;False;569;[0.05832814659740084, 0.9413684872597019]
(133, 2);1;106;0;stop;1.0;True;False;389;[0.03512265548848998, 0.9642459423047901]
(133, 2);2;148;0;stop;1.0;True;False;665;[0.06749690960855204, 0.931766179327906]
(133, 2);3;80;0;stop;1.0;True;False;405;[0.01064996008387526, 0.9891105500877927]
(133, 2);4;168;0;stop;1.0;True;False;540;[0.10965684400202344, 0.889897205636141]
(133, 2);5;99;0;stop;1.0;True;False;505;[0.008844852933799122, 0.9908723033759277]
(133, 2);6;219;0;stop;1.0;True;False;593;[0.0802934437408267, 0.918909891926232]
(133, 2);7;64;0;stop;1.0;True;False;510;[0.033079094927844784, 0.9667129366260412]
(133, 2);8;106;0;stop;1.0;True;False;701;[0.038447009977224805, 0.9610543423512823]
(133, 2);9;128;0;stop;1.0;True;False;563;[0.02842971501823767, 0.971348005264207]
(133, 3);0;146;0;stop;1.0;True;False;483;[0.009124783267644916, 0.9907814861904033]
(133, 3);1;110;0;stop;1.0;True;False;575;[0.030207666226100098, 0.9695633713908993]
(133, 3);2;149;0;stop;1.0;True;False;571;[0.031133964256811142, 0.9685491411347878]
(133, 3);3;77;0;stop;1.0;True;False;479;[0.03209321899248557, 0.9676735345113393]
(133, 3);4;76;0;stop;1.0;True;False;396;[0.0179812290612568, 0.9817419536136759]
(133, 3);5;146;0;stop;1.0;True;False;434;[0.010322462610328832, 0.9891267611635953]
(133, 3);6;132;0;stop;1.0;True;False;546;[0.00806061441435349, 0.9917686097031163]
(133, 3);7;86;0;stop;1.0;True;False;432;[0.015420931636813089, 0.9843443322402258]
(133, 3);8;113;0;stop;1.0;True;False;509;[0.010326873784418324, 0.989549496234909]
(133, 3);9;104;0;stop;1.0;True;False;581;[0.03307715486371924, 0.9666561244024391]
(134, 0);0;96;2;stop;1.0;True;False;511;[0.07153023921548642, 0.92761828392161]
(134, 0);1;89;2;stop;1.0;True;False;459;[0.006692136428753063, 0.993201302784725]
(134, 0);2;46;2;stop;1.0;True;False;365;[0.01743387287670142, 0.9820722756231584]
(134, 0);3;39;2;stop;1.0;True;False;362;[0.00970548465359879, 0.9899862621109817]
(134, 0);4;89;2;stop;1.0;True;False;429;[0.017975811035007665, 0.98144606990277]
(134, 0);5;43;2;stop;1.0;True;False;420;[0.11579536303477353, 0.8827785925532723]
(134, 0);6;77;2;stop;1.0;True;False;296;[0.02296925010842467, 0.9766774037243442]
(134, 0);7;37;2;stop;1.0;True;False;611;[0.010643360343925618, 0.9884978211293161]
(134, 0);8;133;2;stop;1.0;True;False;419;[0.026738662283994175, 0.9724906415643488]
(134, 0);9;74;2;stop;1.0;True;False;504;[0.014497847168820894, 0.9851066847537361]
(134, 1);0;95;2;stop;1.0;True;False;696;[0.013631824713724299, 0.9860006986121035]
(134, 1);1;87;2;stop;1.0;True;False;513;[0.018537472521324653, 0.9809724083915176]
(134, 1);2;102;2;stop;1.0;True;False;432;[0.036207212396610206, 0.9634382854322152]
(134, 1);3;70;2;stop;1.0;True;False;396;[0.011329376725650046, 0.9884606641533139]
(134, 1);4;90;2;stop;1.0;True;False;431;[0.01590292033584115, 0.983878832698531]
(134, 1);5;191;2;stop;1.0;True;False;791;[0.003376306882979581, 0.9965330576294438]
(134, 1);6;79;2;stop;1.0;True;False;467;[0.007574644378455792, 0.992082482737667]
(134, 1);7;59;2;stop;1.0;True;False;306;[0.028426800553564335, 0.9712485869818435]
(134, 1);8;209;2;stop;1.0;True;False;459;[0.04303002738487065, 0.9492271572599701]
(134, 1);9;124;2;stop;1.0;True;False;638;[0.009704929317200699, 0.9899294835034435]
(134, 2);0;62;2;stop;1.0;True;True;676;[0.9996317789463356, 0.00023779107206682194]
(134, 2);1;174;2;stop;1.0;True;True;449;[0.9986880371777259, 0.00036795028181122206]
(134, 2);2;81;2;stop;1.0;True;True;754;[0.9994678946086261, 0.00015837702231190465]
(134, 2);3;36;2;stop;1.0;True;True;598;[0.9996465502112153, 0.000230478306903968]
(134, 2);4;134;2;stop;1.0;True;True;577;[0.999567457450362, 0.00023777565185063588]
(134, 2);5;54;2;stop;1.0;True;True;401;[0.9998356374028987, 6.204416846329792e-05]
(134, 2);6;217;2;stop;1.0;True;True;386;[0.9971377753040923, 0.001924928859252108]
(134, 2);7;59;2;stop;1.0;True;True;575;[0.9996345187358974, 0.00012336473599061458]
(134, 2);8;98;2;stop;1.0;True;True;796;[0.9996087890175628, 0.00021650627946832323]
(134, 2);9;85;2;stop;1.0;True;True;463;[0.9996372585620616, 0.00030533152751124193]
(134, 3);0;155;2;stop;1.0;True;False;407;[0.06367767362586438, 0.9357365761791291]
(134, 3);1;120;2;stop;1.0;True;False;487;[0.006486667867983223, 0.9932665718171938]
(134, 3);2;43;2;stop;1.0;True;False;604;[0.007120128799113487, 0.9926975510940118]
(134, 3);3;105;2;stop;1.0;True;False;579;[0.043336435972788176, 0.9559864435074905]
(134, 3);4;67;2;stop;1.0;True;False;758;[0.006690474093346247, 0.9929544173569631]
(134, 3);5;57;2;stop;1.0;True;False;288;[0.015421902299425583, 0.9844064801488498]
(134, 3);6;112;2;stop;1.0;True;False;623;[0.016912780706980532, 0.9829611325948363]
(134, 3);7;189;2;stop;1.0;True;False;893;[0.44323361643792997, 0.5346417957076876]
(134, 3);8;45;2;stop;1.0;True;False;470;[0.006095715194059972, 0.9936014007066466]
(134, 3);9;179;2;stop;1.0;True;False;551;[0.0071149564823204765, 0.9919764292464365]
(135, 0);0;47;3;stop;0.9;True;False;1069;[0.004068682605476508, 0.9955736499526201]
(135, 0);1;136;3;stop;0.9;True;False;574;[0.0012447193979717454, 0.998655817148549]
(135, 0);2;111;3;stop;0.1;False;True;605;[0.9989227943985387, 0.0004725685926308132]
(135, 0);3;86;3;stop;0.9;True;False;498;[0.006485953404865863, 0.9931568542717167]
(135, 0);4;91;3;stop;0.9;True;False;658;[0.002322383550670732, 0.9973422779356503]
(135, 0);5;248;3;stop;0.9;True;False;398;[0.004198110695127771, 0.9956389946777291]
(135, 0);6;149;3;stop;0.9;True;False;454;[0.005219478729570088, 0.9946564212932837]
(135, 0);7;63;3;stop;0.9;True;False;377;[0.006485740009068734, 0.9931244024897938]
(135, 0);8;95;3;stop;0.9;True;False;462;[0.002115358052257039, 0.9977216295637821]
(135, 0);9;174;3;stop;0.9;True;False;437;[0.014951069965475869, 0.9846464735416189]
(135, 1);0;87;3;stop;0.8;True;False;416;[0.0024721879976805435, 0.9973520011574001]
(135, 1);1;108;3;stop;0.8;True;False;574;[0.004069971035206988, 0.9958889910710177]
(135, 1);2;80;3;stop;0.8;True;False;785;[0.00857657698442614, 0.9913176178397201]
(135, 1);3;179;3;stop;0.8;True;False;447;[0.03513032681268728, 0.964456580676236]
(135, 1);4;101;3;stop;0.8;True;False;522;[0.004753524923958216, 0.994894006458365]
(135, 1);5;221;3;stop;0.2;False;True;1105;[0.9903688069110198, 0.0068848778600723495]
(135, 1);6;154;3;stop;0.8;True;False;630;[0.006288995047316917, 0.9935665660115516]
(135, 1);7;110;3;stop;0.8;True;False;1076;[0.003172224746471908, 0.9966834280467961]
(135, 1);8;105;3;stop;0.8;True;False;560;[0.005059046638836956, 0.9946870865969277]
(135, 1);9;80;3;stop;0.2;False;True;775;[0.999698610564729, 6.603660416709636e-05]
(135, 2);0;115;3;stop;1.0;True;False;548;[0.011327464484246166, 0.9882940180927469]
(135, 2);1;92;3;stop;1.0;True;False;494;[0.004467429562796104, 0.9953187340594162]
(135, 2);2;395;3;stop;1.0;True;False;306;[0.09565639460768867, 0.8525761900783413]
(135, 2);3;97;3;stop;1.0;True;False;577;[0.004330441656617689, 0.9954246771781816]
(135, 2);4;265;3;stop;1.0;True;False;517;[0.16594945810618944, 0.7437338947880308]
(135, 2);5;82;3;stop;1.0;True;False;458;[0.025953167860873615, 0.9738855515621283]
(135, 2);6;94;3;stop;1.0;True;False;557;[0.004754674258141395, 0.9951348926020783]
(135, 2);7;103;3;stop;1.0;True;False;623;[0.0010985704902409638, 0.9987550993419393]
(135, 2);8;91;3;stop;1.0;True;False;442;[0.002550619884037364, 0.9973346890492322]
(135, 2);9;92;3;stop;1.0;True;False;564;[0.0028001981141429952, 0.9969397547018768]
(135, 3);0;79;3;stop;1.0;True;True;357;[0.99933132567039, 0.00016084916013733863]
(135, 3);1;91;3;stop;1.0;True;True;476;[0.9993909732681603, 0.00019102439837582084]
(135, 3);2;227;3;stop;1.0;True;True;606;[0.9901029928341841, 0.008566068986610177]
(135, 3);3;168;3;stop;1.0;True;True;521;[0.9993109685641688, 0.00015835210265633754]
(135, 3);4;66;3;stop;1.0;True;True;616;[0.999724464070056, 7.965740060384498e-05]
(135, 3);5;178;3;stop;1.0;True;True;689;[0.9994842091723022, 0.00013976949762032018]
(135, 3);6;260;3;stop;1.0;True;True;386;[0.9936741373959379, 0.002350280141219405]
(135, 3);7;78;3;stop;1.0;True;True;495;[0.9996590585058136, 0.00012336767727018385]
(135, 3);8;205;3;stop;1.0;True;True;318;[0.9994313376280417, 0.00024915300061729664]
(135, 3);9;104;3;stop;1.0;True;True;646;[0.9995738892246157, 0.0002611472084944401]
(136, 0);0;99;0;stop;1.0;True;True;344;[0.999560787549058, 9.911897676806442e-05]
(136, 0);1;54;0;stop;1.0;True;True;459;[0.999695870424935, 0.00010887564243893925]
(136, 0);2;76;0;stop;1.0;True;True;583;[0.999652983018083, 0.0001535326764876068]
(136, 0);3;71;0;stop;1.0;True;True;585;[0.999530416811215, 0.00012726740149414452]
(136, 0);4;154;0;stop;1.0;True;True;466;[0.9996919389154221, 0.0001634410739106799]
(136, 0);5;71;0;stop;1.0;True;True;549;[0.9993938308075889, 0.00039195773735135496]
(136, 0);6;49;0;stop;1.0;True;True;428;[0.9997581828433341, 0.00012146708548083727]
(136, 0);7;217;0;stop;1.0;True;True;644;[0.9989812035317664, 0.0004303036318658668]
(136, 0);8;71;0;stop;1.0;True;True;521;[0.9997884482721162, 6.301821693336886e-05]
(136, 0);9;101;0;stop;1.0;True;True;392;[0.9990577048721261, 0.0006068719728282166]
(136, 1);0;142;0;stop;1.0;True;False;680;[0.004904525579858564, 0.9949160719754878]
(136, 1);1;118;0;stop;1.0;True;False;509;[0.02368621076142847, 0.9761761853817587]
(136, 1);2;134;0;stop;1.0;True;False;757;[0.007120964053028704, 0.9928139820069075]
(136, 1);3;130;0;stop;1.0;True;False;562;[0.002800359682663833, 0.996996984139635]
(136, 1);4;149;0;stop;1.0;True;False;629;[0.016400192790206176, 0.9834266870317158]
(136, 1);5;388;0;stop;1.0;True;False;851;[0.026648347617390895, 0.9692060211996653]
(136, 1);6;162;0;stop;1.0;True;False;521;[0.019112294716880796, 0.9802737136221304]
(136, 1);7;358;0;stop;1.0;True;False;496;[0.06309303032706476, 0.927145340221528]
(136, 1);8;117;0;stop;1.0;True;False;967;[0.01798508782841775, 0.9819523718058248]
(136, 1);9;78;0;stop;1.0;True;False;529;[0.015422005252074156, 0.9844129491107465]
(136, 2);0;88;0;stop;1.0;True;False;514;[0.008315268429407033, 0.9916234695535254]
(136, 2);1;118;0;stop;1.0;True;False;481;[0.024421061067055758, 0.9754957605902904]
(136, 2);2;73;0;stop;1.0;True;False;541;[0.02675755168485668, 0.9731777182117861]
(136, 2);3;96;0;stop;1.0;True;False;443;[0.013635588826277748, 0.9862730103795835]
(136, 2);4;80;0;stop;1.0;True;False;922;[0.006096276205931914, 0.9936929710238726]
(136, 2);5;269;0;stop;1.0;True;False;405;[0.012379727508585264, 0.9834434039519742]
(136, 2);6;124;0;stop;1.0;True;False;677;[0.015422828898005397, 0.9844653973120466]
(136, 2);7;96;0;stop;1.0;True;False;534;[0.08996140374073293, 0.9085779851139321]
(136, 2);8;202;0;stop;1.0;True;False;476;[0.020324399858421875, 0.9792845211770854]
(136, 2);9;91;0;stop;1.0;True;False;502;[0.019716074141682638, 0.9801291694383251]
(136, 3);0;78;0;stop;1.0;True;False;416;[0.011329657647058537, 0.9884855899760664]
(136, 3);1;108;0;stop;1.0;True;False;598;[0.010327469634302588, 0.9896065811526514]
(136, 3);2;83;0;stop;1.0;True;False;487;[0.016912643608617287, 0.9829530693100209]
(136, 3);3;75;0;stop;1.0;True;False;628;[0.020326066852581186, 0.9793646663374314]
(136, 3);4;332;0;stop;1.0;True;False;858;[0.016909724483723375, 0.9827834389173887]
(136, 3);5;113;0;stop;1.0;True;False;785;[0.010012314103182839, 0.9898624337326908]
(136, 3);6;103;0;stop;1.0;True;False;617;[0.005554289023780707, 0.9943314885877796]
(136, 3);7;115;0;stop;1.0;True;False;661;[0.006289507867560097, 0.9936477722120847]
(136, 3);8;95;0;stop;1.0;True;False;478;[0.01744124817231884, 0.9824880794687869]
(136, 3);9;115;0;stop;1.0;True;False;805;[0.01363377490137655, 0.9861418784634255]
(137, 0);0;61;0;stop;1.0;True;True;495;[0.9992343094023548, 0.0002778953926617675]
(137, 0);1;110;0;stop;1.0;True;True;325;[0.9996565568110979, 7.96520071140342e-05]
(137, 0);2;115;0;stop;1.0;True;True;439;[0.9994765876980807, 0.000127260604863117]
(137, 0);3;87;0;stop;1.0;True;True;371;[0.9995890161257782, 0.00015352286664960593]
(137, 0);4;100;0;stop;1.0;True;True;381;[0.9990036887086264, 0.0005355337795570442]
(137, 0);5;77;0;stop;1.0;True;True;374;[0.9993512074196143, 0.0003052438928523009]
(137, 0);6;60;0;stop;1.0;True;True;390;[0.9993645417357127, 0.00035687120059411714]
(137, 0);7;124;0;stop;1.0;True;True;455;[0.9995012387846677, 0.0002453073186426109]
(137, 0);8;99;0;stop;1.0;True;True;338;[0.9991313618455537, 0.00036811366422759143]
(137, 0);9;81;0;stop;1.0;True;True;559;[0.9995660281695824, 0.00010551220528716677]
(137, 1);0;62;0;stop;1.0;True;False;450;[0.014953765055676147, 0.9848240317155466]
(137, 1);1;101;0;stop;1.0;True;False;457;[0.02032671624195952, 0.9793959958012343]
(137, 1);2;160;0;stop;1.0;True;False;523;[0.007344997082637573, 0.9925420393215393]
(137, 1);3;105;0;stop;1.0;True;False;820;[0.05832460054416865, 0.9413114427193345]
(137, 1);4;132;0;stop;1.0;True;False;315;[0.028422869888452336, 0.9711142241986227]
(137, 1);5;66;0;stop;1.0;True;False;419;[0.004198138720633748, 0.9956454943354278]
(137, 1);6;69;0;stop;1.0;True;False;346;[0.0030749394120094067, 0.9967851611627204]
(137, 1);7;103;0;stop;1.0;True;False;619;[0.003482618727291417, 0.9962860510412138]
(137, 1);8;206;0;stop;1.0;True;False;449;[0.013634229985305108, 0.9861746875908656]
(137, 1);9;148;0;stop;1.0;True;False;582;[0.00711929024842649, 0.992580560237158]
(137, 2);0;243;0;stop;0.4;False;True;543;[0.49295914665401247, 0.49295914665401247]
(137, 2);1;101;0;stop;0.4;False;True;470;[0.9993904970123831, 0.0004727897011792916]
(137, 2);2;90;0;stop;0.6;True;False;371;[0.0124289863839046, 0.9873565609152557]
(137, 2);3;61;0;stop;0.6;True;False;1484;[0.00734469588520528, 0.9925011725398486]
(137, 2);4;118;0;stop;0.4;False;True;469;[0.9993656132400722, 0.0003352499471585952]
(137, 2);5;87;0;stop;0.6;True;False;452;[0.012049010995829244, 0.9875554431949297]
(137, 2);6;152;0;stop;0.6;True;False;733;[0.00505968353705962, 0.9948120067832344]
(137, 2);7;95;0;stop;0.4;False;True;632;[0.9994212164692705, 0.00020335061926289762]
(137, 2);8;65;0;stop;0.6;True;False;1205;[0.0028007175700991973, 0.9971243818396123]
(137, 2);9;78;0;stop;0.6;True;False;837;[0.004197922528718538, 0.995594091682016]
(137, 3);0;123;0;stop;1.0;True;False;298;[0.008574851333942549, 0.9911179206723184]
(137, 3);1;128;0;stop;1.0;True;False;519;[0.014060166619240505, 0.9856939042708446]
(137, 3);2;67;0;stop;1.0;True;False;481;[0.017982772468761697, 0.9818259483275198]
(137, 3);3;127;0;stop;1.0;True;False;427;[0.004197764395386542, 0.9955568719425096]
(137, 3);4;84;0;stop;1.0;True;False;327;[0.004198176755548252, 0.9956545936493069]
(137, 3);5;121;0;stop;1.0;True;False;682;[0.006692130046637473, 0.9932002445958199]
(137, 3);6;62;0;stop;1.0;True;False;508;[0.0028890597692299304, 0.9969307501841279]
(137, 3);7;62;0;stop;1.0;True;False;347;[0.0022513918251915906, 0.9975463898092839]
(137, 3);8;92;0;stop;1.0;True;False;849;[0.011686345796866475, 0.9882355712766026]
(137, 3);9;265;0;stop;1.0;True;False;409;[0.01910122052519692, 0.9797057469671672]
(138, 0);0;185;2;stop;1.0;True;False;522;[0.006903421998171103, 0.9930363462265034]
(138, 0);1;139;2;stop;1.0;True;False;684;[0.006487605140225447, 0.9934101936825167]
(138, 0);2;110;2;stop;1.0;True;False;631;[0.0028888600225331074, 0.9968614450683596]
(138, 0);3;54;2;stop;1.0;True;False;362;[0.0026311109645116237, 0.9971548437000376]
(138, 0);4;176;2;stop;1.0;True;False;392;[0.00298063334642583, 0.9968852564806482]
(138, 0);5;119;2;stop;1.0;True;False;565;[0.01000980793910477, 0.9896146363448095]
(138, 0);6;97;2;stop;1.0;True;False;696;[0.008576756930060079, 0.9913381194409041]
(138, 0);7;144;2;stop;1.0;True;False;564;[0.0062888451077780265, 0.9935430304970289]
(138, 0);8;60;2;stop;1.0;True;False;439;[0.008057978135631038, 0.9914442718167406]
(138, 0);9;112;2;stop;1.0;True;False;637;[0.006900588333103363, 0.9926288333168614]
(138, 1);0;56;2;stop;1.0;True;False;516;[0.007120196702276926, 0.9927068319478696]
(138, 1);1;219;2;stop;1.0;True;False;580;[0.012817992123885364, 0.9869308204185518]
(138, 1);2;95;2;stop;1.0;True;False;597;[0.006690949459964547, 0.9930248260591599]
(138, 1);3;132;2;stop;1.0;True;False;431;[0.006692155575136354, 0.9932037725132168]
(138, 1);4;179;2;stop;1.0;True;False;522;[0.022280853486281105, 0.9774799710770349]
(138, 1);5;63;2;stop;1.0;True;False;440;[0.01690966804152279, 0.9827802152769216]
(138, 1);6;271;2;stop;1.0;True;False;431;[0.012051447298558378, 0.987755103309732]
(138, 1);7;138;2;stop;1.0;True;False;437;[0.011328593423898343, 0.988392531929965]
(138, 1);8;127;2;stop;1.0;True;False;519;[0.017438886407838815, 0.9823549613686672]
(138, 1);9;195;2;stop;1.0;True;False;483;[0.009124417787963789, 0.9907419347740355]
(138, 2);0;81;2;stop;1.0;True;True;551;[0.9997639021543535, 7.03001580287558e-05]
(138, 2);1;186;2;stop;1.0;True;True;584;[0.9998508914142256, 5.6492720252966434e-05]
(138, 2);2;43;2;stop;1.0;True;True;441;[0.9999007085246283, 7.967145577884151e-05]
(138, 2);3;215;2;stop;1.0;True;True;772;[0.9995935423945035, 0.0001354841003311787]
(138, 2);4;76;2;stop;1.0;True;True;595;[0.9994424116241882, 0.00017946005682050226]
(138, 2);5;220;2;stop;1.0;True;True;381;[0.999580440199522, 0.0002491900706622797]
(138, 2);6;111;2;stop;1.0;True;True;587;[0.9996458354703824, 0.00011957057045325822]
(138, 2);7;197;2;stop;1.0;True;True;712;[0.9995196981614873, 0.00012335050118852798]
(138, 2);8;131;2;stop;1.0;True;True;544;[0.999756395574443, 8.479761106634459e-05]
(138, 2);9;150;2;stop;1.0;True;True;509;[0.9995931850575193, 0.00018518463215254065]
(138, 3);0;112;2;stop;1.0;True;False;713;[0.010326898405633417, 0.9895517145040067]
(138, 3);1;188;2;stop;1.0;True;False;721;[0.004467674546701023, 0.9953735334376649]
(138, 3);2;58;2;stop;1.0;True;False;583;[0.005219857047173526, 0.9947284871366059]
(138, 3);3;164;2;stop;1.0;True;False;648;[0.013220938137401831, 0.9866364437350229]
(138, 3);4;159;2;stop;1.0;True;False;410;[0.0066921396198131415, 0.9932015381949101]
(138, 3);5;130;2;stop;1.0;True;False;435;[0.009123282283786558, 0.9906187361049483]
(138, 3);6;104;2;stop;1.0;True;False;667;[0.00912409147919006, 0.990706364392187]
(138, 3);7;93;2;stop;1.0;True;False;527;[0.006691836475899663, 0.9931567368031501]
(138, 3);8;83;2;stop;1.0;True;False;719;[0.0013667739391628455, 0.9984488742602092]
(138, 3);9;115;2;stop;1.0;True;False;515;[0.012051274902454992, 0.9877409136668495]
(139, 0);0;254;3;stop;1.0;True;False;551;[0.16810838120246688, 0.827458415569672]
(139, 0);1;79;3;stop;1.0;True;False;419;[0.02296634237932606, 0.9765537002682448]
(139, 0);2;255;3;stop;1.0;True;False;531;[0.13848507424779335, 0.8483239399946139]
(139, 0);3;91;3;stop;1.0;True;False;470;[0.01205098183473898, 0.9877169559408843]
(139, 0);4;71;3;stop;1.0;True;False;447;[0.0035931038057604747, 0.9962683025587109]
(139, 0);5;85;3;stop;1.0;True;False;404;[0.02368193619201881, 0.9759999145830667]
(139, 0);6;154;3;stop;1.0;True;False;460;[0.006094410241843868, 0.9933889003075527]
(139, 0);7;210;3;stop;1.0;True;False;174;[0.004754436207537841, 0.9950849592507929]
(139, 0);8;33;3;stop;1.0;True;False;438;[0.0029794084576331326, 0.9964756446207682]
(139, 0);9;230;3;stop;1.0;True;False;364;[0.01905493886185499, 0.9773318102356423]
(139, 1);0;76;3;stop;1.0;True;False;321;[0.004608579492283703, 0.9951758585603437]
(139, 1);1;82;3;stop;1.0;True;False;407;[0.008313706354734888, 0.9914372414210233]
(139, 1);2;51;3;stop;1.0;True;False;368;[0.010012385717090011, 0.9898693248188738]
(139, 1);3;97;3;stop;1.0;True;False;560;[0.007343995473821275, 0.9924068866095282]
(139, 1);4;147;3;stop;1.0;True;False;430;[0.009411979735090385, 0.9905234043876323]
(139, 1);5;73;3;stop;1.0;True;False;500;[0.010985181426924055, 0.9888547362099388]
(139, 1);6;119;3;stop;1.0;True;False;395;[0.0026311410753593247, 0.9971665784787931]
(139, 1);7;51;3;stop;1.0;True;False;493;[0.012817814874357686, 0.9869168871076157]
(139, 1);8;96;3;stop;1.0;True;False;397;[0.005909482731307798, 0.9938219980535954]
(139, 1);9;86;3;stop;1.0;True;False;350;[0.00912469624734541, 0.9907720078795859]
(139, 2);0;137;3;stop;1.0;True;False;398;[0.020955671465747516, 0.9786356045475054]
(139, 2);1;77;3;stop;1.0;True;False;307;[0.0132199673209234, 0.9865642695217753]
(139, 2);2;84;3;stop;1.0;True;False;359;[0.004198370939166378, 0.9957008022555915]
(139, 2);3;90;3;stop;1.0;True;False;579;[0.00205012868518998, 0.9976499601022227]
(139, 2);4;186;3;stop;1.0;True;False;737;[0.0328981979383364, 0.9614262008093445]
(139, 2);5;133;3;stop;1.0;True;False;533;[0.01064678154456089, 0.988815455098575]
(139, 2);6;143;3;stop;1.0;True;False;425;[0.011330214108104354, 0.9885341647316386]
(139, 2);7;112;3;stop;1.0;True;False;439;[0.0031722686131795733, 0.9966974017760208]
(139, 2);8;59;3;stop;1.0;True;False;502;[0.008060437610670896, 0.9917468005657527]
(139, 2);9;62;3;stop;1.0;True;False;355;[0.012819526351525909, 0.9870489227562698]
(139, 3);0;84;3;stop;1.0;True;True;451;[0.9996482179709064, 0.00020339677990389364]
(139, 3);1;67;3;stop;1.0;True;True;268;[0.999749008259353, 4.538854414593787e-05]
(139, 3);2;214;3;stop;1.0;True;True;253;[0.9986816167131354, 0.000939587688278959]
(139, 3);3;115;3;stop;1.0;True;True;423;[0.999707188552262, 4.907465842871672e-05]
(139, 3);4;82;3;stop;1.0;True;True;310;[0.9993968074343919, 0.00013545735697567543]
(139, 3);5;120;3;stop;1.0;True;True;389;[0.9995117188469796, 0.0002779725246783823]
(139, 3);6;54;3;stop;1.0;True;True;477;[0.999658582005906, 6.0124604026055074e-05]
(139, 3);7;87;3;stop;1.0;True;True;405;[0.994232966159564, 0.0012392070770539468]
(139, 3);8;69;3;stop;1.0;True;True;579;[0.9994020463516748, 0.0002452829897470274]
(139, 3);9;232;3;stop;1.0;True;True;499;[0.9985789018681058, 0.0011692158969270757]
(140, 0);0;98;2;stop;1.0;True;False;754;[0.013632091222912325, 0.9860198211583174]
(140, 0);1;181;2;stop;1.0;True;False;565;[0.0032710637618622485, 0.9961177025439519]
(140, 0);2;71;2;stop;1.0;True;False;440;[0.007574647990328553, 0.9920830694453362]
(140, 0);3;50;2;stop;1.0;True;False;591;[0.002050208848115149, 0.9976891159680854]
(140, 0);4;128;2;stop;1.0;True;False;491;[0.004198014609099055, 0.9956161880256192]
(140, 0);5;97;2;stop;1.0;True;False;509;[0.0043307699906276345, 0.9955002805216511]
(140, 0);6;89;2;stop;1.0;True;False;512;[0.0040689367663903015, 0.9956359222029081]
(140, 0);7;70;2;stop;1.0;True;False;387;[0.0053834708253403625, 0.9943438643082841]
(140, 0);8;171;2;stop;1.0;True;False;398;[0.0029791925201740855, 0.9964034438480557]
(140, 0);9;67;2;stop;1.0;True;False;642;[0.006486658588737044, 0.9932651606520095]
(140, 1);0;51;2;stop;1.0;True;False;539;[0.02674915120564394, 0.9728721928483058]
(140, 1);1;105;2;stop;1.0;True;False;582;[0.003824229982369848, 0.9961095408439796]
(140, 1);2;106;2;stop;1.0;True;False;413;[0.008060848877392108, 0.9917975722990626]
(140, 1);3;56;2;stop;1.0;True;False;441;[0.005909826520343666, 0.9938800477256308]
(140, 1);4;76;2;stop;1.0;True;False;398;[0.0007095928477868413, 0.9991809882402065]
(140, 1);5;93;2;stop;1.0;True;False;392;[0.003944781286856672, 0.9958965575949915]
(140, 1);6;144;2;stop;1.0;True;False;366;[0.0035928296841522584, 0.9961918729208867]
(140, 1);7;84;2;stop;1.0;True;False;534;[0.0031719600464553814, 0.9966000675537653]
(140, 1);8;35;2;stop;1.0;True;False;369;[0.0022515313906636865, 0.9976080786434891]
(140, 1);9;118;2;stop;1.0;True;False;441;[0.0062891509882295965, 0.9935912795958475]
(140, 2);0;79;2;stop;1.0;True;True;485;[0.9999094091471806, 3.321228902883481e-05]
(140, 2);1;73;2;stop;1.0;True;True;554;[0.9997481742077935, 0.00012729519863769847]
(140, 2);2;101;2;stop;1.0;True;True;489;[0.9996003318505666, 0.00013978576050515296]
(140, 2);3;270;2;stop;1.0;True;True;377;[0.9994299087455104, 0.00047280841337647565]
(140, 2);4;70;2;stop;1.0;True;True;370;[0.99963023035018, 0.00011232433474292426]
(140, 2);5;107;2;stop;1.0;True;True;538;[0.999651791746886, 0.0001442304643122182]
(140, 2);6;68;2;stop;1.0;True;True;332;[0.9993719233304448, 0.00018514366413287028]
(140, 2);7;175;2;stop;1.0;True;True;410;[0.9997353062464941, 0.00022340704835196884]
(140, 2);8;21;2;stop;1.0;True;True;347;[0.9998699595757519, 3.535291529028766e-05]
(140, 2);9;129;2;stop;1.0;True;True;506;[0.9993341828647627, 0.0004304557006378846]
(140, 3);0;88;2;stop;0.9;True;False;311;[0.004069416029013646, 0.9957531618969806]
(140, 3);1;75;2;stop;0.9;True;False;317;[0.0053833681447624186, 0.9943251239121229]
(140, 3);2;84;2;stop;0.9;True;False;683;[0.0025504179977916507, 0.9972556060765876]
(140, 3);3;46;2;stop;0.9;True;False;410;[0.008845747100555771, 0.9909727363874473]
(140, 3);4;96;2;stop;0.9;True;False;832;[0.05338737274334758, 0.9463137858281668]
(140, 3);5;72;2;stop;0.1;False;True;650;[0.9994694426915007, 0.00013976749821591962]
(140, 3);6;140;2;stop;0.9;True;False;420;[0.0046072106269839826, 0.9948803193011347]
(140, 3);7;69;2;stop;0.9;True;False;422;[0.003944495382436485, 0.9958246774745648]
(140, 3);8;51;2;stop;0.9;True;False;505;[0.008575665045289392, 0.9912119618256217]
(140, 3);9;278;2;stop;0.9;True;False;777;[0.09987190508599436, 0.890148580682585]
(141, 0);0;91;2;stop;1.0;True;False;550;[0.15164139532061433, 0.84578780534568]
(141, 0);1;111;2;stop;1.0;True;False;634;[0.007814452191822373, 0.9920016497493381]
(141, 0);2;174;2;stop;1.0;True;False;557;[0.005728942657583438, 0.9940437539182987]
(141, 0);3;143;2;stop;1.0;True;False;480;[0.005909739162217942, 0.9938653285788737]
(141, 0);4;110;2;stop;1.0;True;False;546;[0.022281007539727133, 0.9774866912976591]
(141, 0);5;90;2;stop;1.0;True;False;362;[0.006095883782874854, 0.9936288228417955]
(141, 0);6;97;2;stop;1.0;True;False;480;[0.007808935606384711, 0.9913012176026218]
(141, 0);7;84;2;stop;1.0;True;False;319;[0.019115758142528253, 0.9804513023352348]
(141, 0);8;114;2;stop;1.0;True;False;511;[0.01406119243137354, 0.9857658348697184]
(141, 0);9;110;2;stop;1.0;True;False;451;[0.00757610732783237, 0.9922744706186806]
(141, 1);0;95;2;stop;1.0;True;False;354;[0.013216387263466396, 0.9862968990949555]
(141, 1);1;117;2;stop;1.0;True;False;470;[0.02367555683005658, 0.9757369902188937]
(141, 1);2;44;2;stop;1.0;True;False;395;[0.0009398964318862764, 0.9990097562960065]
(141, 1);3;88;2;stop;1.0;True;False;390;[0.01132887432588421, 0.9884171053106808]
(141, 1);4;181;2;stop;1.0;True;False;499;[0.010284876881611024, 0.9855250629178235]
(141, 1);5;218;2;stop;1.0;True;False;349;[0.1124418113407138, 0.884423373829083]
(141, 1);6;88;2;stop;1.0;True;False;429;[0.0030748675668255693, 0.9967619467216834]
(141, 1);7;127;2;stop;1.0;True;False;469;[0.019716257468991867, 0.9801381023005329]
(141, 1);8;202;2;stop;1.0;True;False;513;[0.008843899817830894, 0.9907654546846071]
(141, 1);9;119;2;stop;1.0;True;False;413;[0.007575323440809908, 0.9921715433891257]
(141, 2);0;86;2;stop;1.0;True;True;570;[0.9993434689337728, 0.0001910152898398601]
(141, 2);1;134;2;stop;1.0;True;True;537;[0.9992800177971599, 0.00017391045387710777]
(141, 2);2;49;2;stop;1.0;True;True;659;[0.9994274081769091, 0.00013546149086922742]
(141, 2);3;84;2;stop;1.0;True;True;233;[0.9995944952743578, 0.00012335979479880218]
(141, 2);4;50;2;stop;1.0;True;True;419;[0.9993856153892106, 0.00017392886463813947]
(141, 2);5;54;2;stop;1.0;True;True;513;[0.9995476862197713, 0.00010551029344316321]
(141, 2);6;151;2;stop;1.0;True;True;623;[0.9992404988469438, 0.00013973537837293188]
(141, 2);7;91;2;stop;1.0;True;True;604;[0.9996450015921765, 9.0256515735174e-05]
(141, 2);8;234;2;stop;1.0;True;True;344;[0.9884654401117425, 0.0041354300724839085]
(141, 2);9;186;2;stop;1.0;True;True;464;[0.997756993709864, 0.0010637068678317242]
(141, 3);0;84;2;stop;1.0;True;False;437;[0.010648914006132918, 0.9890134089540293]
(141, 3);1;165;2;stop;1.0;True;False;454;[0.0038236209701922002, 0.9959507112100232]
(141, 3);2;150;2;stop;1.0;True;False;456;[0.04080506355277177, 0.9581995739491523]
(141, 3);3;122;2;stop;1.0;True;False;420;[0.007344377189743623, 0.9924585480359993]
(141, 3);4;139;2;stop;1.0;True;False;536;[0.1599299684758107, 0.8379731314770401]
(141, 3);5;100;2;stop;1.0;True;False;627;[0.03205716951924614, 0.9665866189578672]
(141, 3);6;165;2;stop;1.0;True;False;530;[0.011330511258691223, 0.9885596770318124]
(141, 3);7;152;2;stop;1.0;True;False;394;[0.004467866282606315, 0.9954162905518941]
(141, 3);8;90;2;stop;1.0;True;False;409;[0.004467061047096089, 0.9952367823343553]
(141, 3);9;174;2;stop;1.0;True;False;1147;[0.01001134975245964, 0.9897668964164696]
(142, 0);0;69;2;stop;1.0;True;False;371;[0.004608920123873558, 0.9952495345202788]
(142, 0);1;82;2;stop;1.0;True;False;458;[0.004069637246186541, 0.9958075363231409]
(142, 0);2;37;2;stop;1.0;True;False;479;[0.02441557112832382, 0.97527653299377]
(142, 0);3;147;2;stop;1.0;True;False;487;[0.007575153669514323, 0.9921491303280044]
(142, 0);4;71;2;stop;1.0;True;False;574;[0.006902437817702078, 0.9928947128915409]
(142, 0);5;120;2;stop;1.0;True;False;430;[0.010984961427133903, 0.988834920483574]
(142, 0);6;95;2;stop;1.0;True;False;585;[0.00831287389675142, 0.9913377686038497]
(142, 0);7;98;2;stop;1.0;True;False;375;[0.007120291767793674, 0.9927199894877815]
(142, 0);8;125;2;stop;1.0;True;False;310;[0.011685253641055523, 0.9881432582671239]
(142, 0);9;80;2;stop;1.0;True;False;523;[0.006486565797005313, 0.9932508123009594]
(142, 1);0;42;2;stop;1.0;True;False;530;[0.004467825804341113, 0.9954073139317553]
(142, 1);1;98;2;stop;1.0;True;False;517;[0.006487051421772234, 0.9933252620610489]
(142, 1);2;38;2;stop;1.0;True;False;441;[0.02368128688635884, 0.9759732293845039]
(142, 1);3;38;2;stop;1.0;True;False;386;[0.003824082278890776, 0.9960707454465876]
(142, 1);4;130;2;stop;1.0;True;False;415;[0.0017006467577930322, 0.998254727875299]
(142, 1);5;115;2;stop;1.0;True;False;474;[0.005383881567237463, 0.9944198926167935]
(142, 1);6;221;2;stop;1.0;True;False;379;[0.007576443304244321, 0.9923181356850607]
(142, 1);7;224;2;stop;1.0;True;False;634;[0.07784077715866897, 0.9191189092735662]
(142, 1);8;80;2;stop;1.0;True;False;556;[0.011329592818422943, 0.988479883199682]
(142, 1);9;126;2;stop;1.0;True;False;521;[0.0075763240851024, 0.9923024064655819]
(142, 2);0;268;2;stop;1.0;True;True;351;[0.9895462273613425, 0.0059767160694211615]
(142, 2);1;50;2;stop;1.0;True;True;388;[0.9997615191016944, 0.00011233911839069404]
(142, 2);2;39;2;stop;1.0;True;True;345;[0.9991573050176319, 0.00027787392673328515]
(142, 2);3;62;2;stop;1.0;True;True;340;[0.9989740656135878, 0.00032480805387712645]
(142, 2);4;117;2;stop;1.0;True;True;356;[0.9996430955916169, 0.00019713797883894664]
(142, 2);5;82;2;stop;1.0;True;True;301;[0.999795359531765, 0.00012338450273714397]
(142, 2);6;196;2;stop;1.0;True;True;442;[0.9908769857845238, 0.0030093239999434873]
(142, 2);7;151;2;stop;1.0;True;True;405;[0.9992314527843447, 0.00021642453022048655]
(142, 2);8;246;2;stop;1.0;True;True;430;[0.9773693862958188, 0.012303265453924236]
(142, 2);9;108;2;stop;1.0;True;True;391;[0.999202530292276, 0.00012331133455176956]
(142, 3);0;49;2;stop;1.0;True;False;498;[0.007344478750532317, 0.9924721686002663]
(142, 3);1;109;2;stop;1.0;True;False;398;[0.005729103834442098, 0.9940715539532718]
(142, 3);2;44;2;stop;1.0;True;False;261;[0.007811721348972453, 0.9916551200578737]
(142, 3);3;234;2;stop;1.0;True;False;489;[0.029296247323839078, 0.9701584563660737]
(142, 3);4;57;2;stop;1.0;True;False;415;[0.016908337672779855, 0.9827029627338384]
(142, 3);5;91;2;stop;1.0;True;False;432;[0.020325184879336752, 0.9793223620238131]
(142, 3);6;75;2;stop;1.0;True;False;741;[0.017434887106646785, 0.9821293060443678]
(142, 3);7;45;2;stop;1.0;True;False;399;[0.007342192221928875, 0.9921632123537885]
(142, 3);8;129;2;stop;1.0;True;False;427;[0.015421777286419145, 0.9843983921726738]
(142, 3);9;71;2;stop;1.0;True;False;498;[0.0025505821811755737, 0.997319986079918]
(143, 0);0;125;2;stop;1.0;True;False;518;[0.02368674160725205, 0.9761979957720951]
(143, 0);1;121;2;stop;1.0;True;False;345;[0.010984317167379161, 0.9887765263989777]
(143, 0);2;43;2;stop;1.0;True;False;435;[0.005553446867368912, 0.9941804128502814]
(143, 0);3;91;2;stop;1.0;True;False;557;[0.0049046214658574954, 0.9949355425553983]
(143, 0);4;63;2;stop;1.0;True;False;448;[0.011326648908856094, 0.9882228813503394]
(143, 0);5;188;2;stop;1.0;True;False;448;[0.03112953309161016, 0.9684113890453655]
(143, 0);6;110;2;stop;1.0;True;False;463;[0.030197952197437546, 0.9692516003495767]
(143, 0);7;61;2;stop;1.0;True;False;559;[0.008059987931823586, 0.9916915797430182]
(143, 0);8;80;2;stop;1.0;True;False;484;[0.019118141890784403, 0.9805737041014909]
(143, 0);9;88;2;stop;1.0;True;False;547;[0.0059103140587574345, 0.9939621293393147]
(143, 1);0;27;2;stop;1.0;True;False;539;[0.004904857680827517, 0.9949835729432195]
(143, 1);1;82;2;stop;1.0;True;False;489;[0.0057287596317337815, 0.994011714737118]
(143, 1);2;137;2;stop;1.0;True;False;520;[0.004198178757395403, 0.995654948332287]
(143, 1);3;52;2;stop;1.0;True;False;237;[0.005554575068216606, 0.994382289383138]
(143, 1);4;205;2;stop;1.0;True;False;475;[0.007814616147274077, 0.9920227660274935]
(143, 1);5;141;2;stop;1.0;True;False;605;[0.004609471780683671, 0.9953685729989572]
(143, 1);6;69;2;stop;1.0;True;False;429;[0.012427978902306618, 0.9872764964061423]
(143, 1);7;91;2;stop;1.0;True;False;380;[0.0174411899559695, 0.9824843974620557]
(143, 1);8;72;2;stop;1.0;True;False;410;[0.015901782911018108, 0.9838083307782101]
(143, 1);9;86;2;stop;1.0;True;False;694;[0.006487886657672305, 0.9934532527413683]
(143, 2);0;89;2;stop;1.0;True;True;526;[0.9995174353517442, 7.028286294512416e-05]
(143, 2);1;98;2;stop;1.0;True;True;447;[0.9987087256221919, 0.00014866840100926992]
(143, 2);2;116;2;stop;1.0;True;True;467;[0.9993631130068498, 0.00011229434491389412]
(143, 2);3;79;2;stop;1.0;True;True;430;[0.9995264865923635, 0.00014421230900157444]
(143, 2);4;86;2;stop;1.0;True;True;588;[0.9997008741919668, 0.0001313297195624008]
(143, 2);5;215;2;stop;1.0;True;True;512;[0.9971527100765247, 0.0024333740513459655]
(143, 2);6;74;2;stop;1.0;True;True;403;[0.9995985451256952, 9.311721362067613e-05]
(143, 2);7;114;2;stop;1.0;True;True;512;[0.9995372054021602, 0.00010226301019716852]
(143, 2);8;42;2;stop;1.0;True;True;371;[0.9998301556085302, 7.721477339445981e-05]
(143, 2);9;72;2;stop;1.0;True;True;541;[0.9995051688169745, 0.0002033676858421576]
(143, 3);0;93;2;stop;1.0;True;False;438;[0.012051579470574445, 0.9877656870302245]
(143, 3);1;93;2;stop;1.0;True;False;461;[0.008060072484905376, 0.9917017789419179]
(143, 3);2;136;2;stop;1.0;True;False;470;[0.007343858901383841, 0.9923881023112677]
(143, 3);3;77;2;stop;1.0;True;False;414;[0.0019265211171997172, 0.9979627000752077]
(143, 3);4;147;2;stop;1.0;True;False;296;[0.01403583727624522, 0.9839882423591216]
(143, 3);5;89;2;stop;1.0;True;False;492;[0.014060555480391645, 0.9857210067274654]
(143, 3);6;75;2;stop;1.0;True;False;553;[0.00490466824019577, 0.9949449833247176]
(143, 3);7;108;2;stop;1.0;True;False;581;[0.00857633978913157, 0.9912902064044988]
(143, 3);8;57;2;stop;1.0;True;False;403;[0.003172489468577647, 0.9967665657554559]
(143, 3);9;121;2;stop;1.0;True;False;463;[0.008314527002046589, 0.9915349761481071]
(144, 0);0;53;1;stop;1.0;True;False;412;[0.005219496151488997, 0.994659959478044]
(144, 0);1;210;1;stop;1.0;True;False;668;[0.004605736750117333, 0.9945623150151173]
(144, 0);2;93;1;stop;1.0;True;False;475;[0.007120013365221815, 0.9926814576140333]
(144, 0);3;71;1;stop;1.0;True;False;662;[0.003272458488807055, 0.9965424100738765]
(144, 0);4;25;1;stop;1.0;True;False;626;[0.003706848292198291, 0.9961840650207823]
(144, 0);5;201;1;stop;1.0;True;False;465;[0.0023966089790221617, 0.9975523210343977]
(144, 0);6;68;1;stop;1.0;True;False;676;[0.02228156532835558, 0.9775110672783701]
(144, 0);7;80;1;stop;1.0;True;False;374;[0.0013668756126061343, 0.9985235112645684]
(144, 0);8;64;1;stop;1.0;True;False;556;[0.014502777055846969, 0.9854418218590886]
(144, 0);9;47;1;stop;1.0;True;False;563;[0.007121086293527357, 0.9928309028814513]
(144, 1);0;96;1;stop;1.0;True;True;456;[0.9997644979147686, 0.00017399472808755188]
(144, 1);1;122;1;stop;1.0;True;True;448;[0.9996749027662231, 0.0001851998208765543]
(144, 1);2;66;1;stop;1.0;True;True;546;[0.9998578035420218, 7.030679564415196e-05]
(144, 1);3;55;1;stop;1.0;True;True;524;[0.9994102620214702, 0.00026939271810492695]
(144, 1);4;46;1;stop;1.0;True;True;423;[0.9996689462356391, 0.0001535351656506795]
(144, 1);5;47;1;stop;1.0;True;True;439;[0.9998968945989909, 7.030954473909356e-05]
(144, 1);6;43;1;stop;1.0;True;True;412;[0.9998481504205439, 8.219618779097793e-05]
(144, 1);7;61;1;stop;1.0;True;True;408;[0.9998947492735768, 6.401744688515152e-05]
(144, 1);8;61;1;stop;1.0;True;True;542;[0.9996676358048374, 0.00016862506932173967]
(144, 1);9;31;1;stop;1.0;True;True;520;[0.9999204937224269, 4.53963362747085e-05]
(144, 2);0;61;1;stop;1.0;True;False;533;[0.0062887071665595085, 0.9935213789637608]
(144, 2);1;52;1;stop;1.0;True;False;528;[0.003172345759550698, 0.9967215608518405]
(144, 2);2;52;1;stop;1.0;True;False;396;[0.00970683610491284, 0.9901243785305258]
(144, 2);3;66;1;stop;1.0;True;False;343;[0.004609269572115974, 0.9953251111204688]
(144, 2);4;57;1;stop;1.0;True;False;523;[0.004608926716991397, 0.9952508335691765]
(144, 2);5;122;1;stop;1.0;True;False;433;[0.014955797389356233, 0.9849581677958529]
(144, 2);6;40;1;stop;1.0;True;False;777;[0.002631507451608493, 0.9973052833273588]
(144, 2);7;76;1;stop;1.0;True;False;293;[0.005553285336238986, 0.9941515464020795]
(144, 2);8;71;1;stop;1.0;True;False;446;[0.003075037652018537, 0.9968167868001117]
(144, 2);9;89;1;stop;1.0;True;False;676;[0.009411777778082008, 0.9905021180025322]
(144, 3);0;68;1;stop;1.0;True;False;521;[0.001206506824784221, 0.9987247775293021]
(144, 3);1;76;1;stop;1.0;True;False;494;[0.0029805892871727006, 0.9968704482638221]
(144, 3);2;131;1;stop;1.0;True;False;495;[0.018543829107687995, 0.981308642209751]
(144, 3);3;25;1;stop;1.0;True;False;420;[0.00327296878913711, 0.99669787564612]
(144, 3);4;39;1;stop;1.0;True;False;406;[0.007119969229228399, 0.9926749967203292]
(144, 3);5;128;1;stop;1.0;True;False;573;[0.015423086296379902, 0.9844816881237815]
(144, 3);6;66;1;stop;1.0;True;False;692;[0.004467844978210495, 0.9954115658341158]
(144, 3);7;71;1;stop;1.0;True;False;792;[0.003074980467153863, 0.9967983087021292]
(144, 3);8;45;1;stop;1.0;True;False;390;[0.004069763384168178, 0.9958383906081439]
(144, 3);9;51;1;stop;1.0;True;False;477;[0.002800529272874065, 0.997057657022012]
(145, 0);0;147;3;stop;1.0;True;False;561;[0.015890799575001082, 0.983129096114753]
(145, 0);1;65;3;stop;1.0;True;False;744;[0.012049355725730368, 0.9875834623287052]
(145, 0);2;83;3;stop;1.0;True;False;639;[0.023683223563704513, 0.9760529471955105]
(145, 0);3;60;3;stop;1.0;True;False;402;[0.005729237696635921, 0.9940946432424121]
(145, 0);4;82;3;stop;1.0;True;False;456;[0.0038239090536842887, 0.996025921306921]
(145, 0);5;74;3;stop;1.0;True;False;601;[0.009707771123132081, 0.9902196340333141]
(145, 0);6;69;3;stop;1.0;True;False;420;[0.00857636023674341, 0.9912924322685915]
(145, 0);7;102;3;stop;1.0;True;False;837;[0.013220755315863352, 0.9866229832007033]
(145, 0);8;51;3;stop;1.0;True;False;417;[0.042076833970096476, 0.9576642164322374]
(145, 0);9;35;3;stop;1.0;True;False;377;[0.005059613570834919, 0.994798557932537]
(145, 1);0;43;3;stop;1.0;True;False;378;[0.014955041471588092, 0.9849080938269859]
(145, 1);1;78;3;stop;1.0;True;False;554;[0.006903369329441978, 0.9930287052512295]
(145, 1);2;105;3;stop;1.0;True;False;418;[0.004609109130325105, 0.9952902739272866]
(145, 1);3;72;3;stop;1.0;True;False;543;[0.009124587473138055, 0.9907601887228116]
(145, 1);4;72;3;stop;1.0;True;False;534;[0.008314316876904126, 0.9915101304121762]
(145, 1);5;146;3;stop;1.0;True;False;361;[0.008846759473901442, 0.9910857187328874]
(145, 1);6;58;3;stop;1.0;True;False;504;[0.004608801449365242, 0.995223912135321]
(145, 1);7;98;3;stop;1.0;True;False;592;[0.015903276745691933, 0.9839011047466568]
(145, 1);8;42;3;stop;1.0;True;False;486;[0.005729461717916179, 0.9941334026429691]
(145, 1);9;75;3;stop;1.0;True;False;420;[0.012818676696798351, 0.9869833071718699]
(145, 2);0;80;3;stop;1.0;True;False;598;[0.0038241114544344972, 0.9960787878549174]
(145, 2);1;130;3;stop;1.0;True;False;834;[0.005729524554726355, 0.994144712999387]
(145, 2);2;62;3;stop;1.0;True;False;364;[0.010985506196571787, 0.9888836459460421]
(145, 2);3;40;3;stop;1.0;True;False;458;[0.007344958556695717, 0.9925371068591506]
(145, 2);4;73;3;stop;1.0;True;False;533;[0.007120091452649624, 0.9926920298661372]
(145, 2);5;64;3;stop;1.0;True;False;703;[0.016400896625227895, 0.9834688847047233]
(145, 2);6;67;3;stop;1.0;True;False;468;[0.0052191477241594455, 0.9945935642203798]
(145, 2);7;123;3;stop;1.0;True;False;674;[0.031139517092743638, 0.9687219497377911]
(145, 2);8;76;3;stop;1.0;True;False;423;[0.0030750684443092294, 0.9968270920910962]
(145, 2);9;69;3;stop;1.0;True;False;531;[0.009707123081123781, 0.9901532451581182]
(145, 3);0;119;3;stop;1.0;True;True;514;[0.9993351353228712, 0.00010548785702111265]
(145, 3);1;143;3;stop;1.0;True;True;467;[0.9991713482105133, 0.00019098250270640983]
(145, 3);2;100;3;stop;1.0;True;True;450;[0.9988841363075013, 0.0001396855472566954]
(145, 3);3;68;3;stop;1.0;True;True;498;[0.9991649216144942, 0.0002130549554551555]
(145, 3);4;92;3;stop;1.0;True;True;365;[0.9993232303597801, 0.0001970748191352218]
(145, 3);5;80;3;stop;1.0;True;True;590;[0.9989308832091557, 0.00019394323931084596]
(145, 3);6;51;3;stop;1.0;True;True;520;[0.9988067101975585, 0.0002956914635190263]
(145, 3);7;64;3;stop;1.0;True;True;458;[0.9983501281946513, 0.000502758165848783]
(145, 3);8;63;3;stop;1.0;True;True;435;[0.9996357099574171, 0.0001158905550019122]
(145, 3);9;67;3;stop;1.0;True;True;390;[0.9996579863667938, 6.813003706948228e-05]
(146, 0);0;184;1;stop;1.0;True;False;439;[0.015903125080949335, 0.9838912964066112]
(146, 0);1;265;1;stop;1.0;True;False;434;[0.013468801799835405, 0.9742093632318743]
(146, 0);2;130;1;stop;1.0;True;False;558;[0.010011115839797618, 0.9897436573847703]
(146, 0);3;71;1;stop;1.0;True;False;547;[0.007814414929699453, 0.991997074738165]
(146, 0);4;42;1;stop;1.0;True;False;492;[0.0026314422027896153, 0.9972806217915192]
(146, 0);5;78;1;stop;1.0;True;False;539;[0.007575652157750609, 0.9922144960869702]
(146, 0);6;270;1;stop;1.0;True;False;515;[0.0795972838971545, 0.9109425939651276]
(146, 0);7;169;1;stop;1.0;True;False;454;[0.016401334582263796, 0.9834952893962143]
(146, 0);8;106;1;stop;1.0;True;False;560;[0.0037068624327293064, 0.9961877324972368]
(146, 0);9;82;1;stop;1.0;True;False;406;[0.004330381774482417, 0.9954108571052072]
(146, 1);0;77;1;stop;1.0;True;True;628;[0.9998367099361437, 4.133036581892632e-05]
(146, 1);1;186;1;stop;1.0;True;True;643;[0.9990523505826038, 0.00012720660882067954]
(146, 1);2;78;1;stop;1.0;True;True;490;[0.9999206129149703, 4.006212615111896e-05]
(146, 1);3;85;1;stop;1.0;True;True;518;[0.9995503064486183, 0.00013130993221989863]
(146, 1);4;151;1;stop;1.0;True;True;552;[0.9991419531818692, 0.00020329380563388096]
(146, 1);5;136;1;stop;1.0;True;True;459;[0.9993615652631811, 7.96284623518163e-05]
(146, 1);6;95;1;stop;1.0;True;True;523;[0.9992920407305149, 0.00014875519645207963]
(146, 1);7;83;1;stop;1.0;True;True;476;[0.9997404295638306, 7.029854900424606e-05]
(146, 1);8;149;1;stop;1.0;True;True;603;[0.9996218919332458, 0.00013978869335789075]
(146, 1);9;83;1;stop;1.0;True;True;499;[0.9996103375223172, 6.0121679793346346e-05]
(146, 2);0;71;1;stop;1.0;True;False;903;[0.009707789639253719, 0.9902215042848675]
(146, 2);1;106;1;stop;1.0;True;False;542;[0.003483191695915195, 0.9964500772075235]
(146, 2);2;230;1;stop;1.0;True;False;753;[0.00504078928967989, 0.991097311015182]
(146, 2);3;239;1;stop;1.0;True;False;706;[0.006487766005842141, 0.9934347817123779]
(146, 2);4;86;1;stop;1.0;True;False;578;[0.004609139899550803, 0.9952971230831767]
(146, 2);5;230;1;stop;1.0;True;False;463;[0.04221389180929575, 0.9312234505464875]
(146, 2);6;82;1;stop;1.0;True;False;463;[0.0010987004100518878, 0.9988734314781195]
(146, 2);7;71;1;stop;1.0;True;False;617;[0.0037065213074649363, 0.996096056593966]
(146, 2);8;106;1;stop;1.0;True;False;436;[0.007815458336307077, 0.9921292994046365]
(146, 2);9;86;1;stop;1.0;True;False;585;[0.015905172677018384, 0.9840183670649931]
(146, 3);0;74;1;stop;1.0;True;False;407;[0.00669249383694031, 0.9932539874952067]
(146, 3);1;173;1;stop;1.0;True;False;431;[0.004467244236071958, 0.9952777566581984]
(146, 3);2;71;1;stop;1.0;True;False;626;[0.004904937201297656, 0.994999505438952]
(146, 3);3;208;1;stop;1.0;True;False;662;[0.02758173655690451, 0.9722896670263081]
(146, 3);4;112;1;stop;1.0;True;False;516;[0.004198332902492596, 0.9956915838237175]
(146, 3);5;97;1;stop;1.0;True;False;483;[0.005384726253737496, 0.9945761117287237]
(146, 3);6;53;1;stop;1.0;True;False;548;[0.00757585445218852, 0.9922410200731855]
(146, 3);7;72;1;stop;1.0;True;False;502;[0.0035931123723977262, 0.9962704324341446]
(146, 3);8;83;1;stop;1.0;True;False;601;[0.0012841918420207292, 0.9986252636306393]
(146, 3);9;191;1;stop;1.0;True;False;492;[0.022952389308271932, 0.9759603987885083]
(147, 0);0;160;1;stop;0.9;True;False;779;[0.00940991548992151, 0.9903059053681916]
(147, 0);1;44;1;stop;0.9;True;False;626;[0.0043305593584003505, 0.9954519637525047]
(147, 0);2;104;1;stop;0.1;False;True;1576;[0.999667278412272, 0.00022339192177703911]
(147, 0);3;75;1;stop;0.9;True;False;752;[0.00912477891661023, 0.9907812527379282]
(147, 0);4;67;1;stop;0.9;True;False;850;[0.008314340664389545, 0.9915127085923507]
(147, 0);5;79;1;stop;0.9;True;False;582;[0.014952388930408346, 0.9847333956153638]
(147, 0);6;136;1;stop;0.9;True;False;664;[0.0027145278390391186, 0.997117033503184]
(147, 0);7;74;1;stop;0.9;True;False;1602;[0.003376186138995217, 0.9964975435954687]
(147, 0);8;92;1;stop;0.9;True;False;745;[0.00538377117727336, 0.9943993814595086]
(147, 0);9;101;1;stop;0.9;True;False;880;[0.03408258545298712, 0.9653942535108678]
(147, 1);0;102;1;stop;1.0;True;True;563;[0.9993302542609617, 0.0002958463184054904]
(147, 1);1;266;1;stop;1.0;True;True;634;[0.9973061132220518, 0.0021815983826254954]
(147, 1);2;97;1;stop;1.0;True;True;456;[0.9994963560969605, 0.0002611270362733493]
(147, 1);3;202;1;stop;1.0;True;True;686;[0.9988012396402558, 0.0008827670175562619]
(147, 1);4;88;1;stop;1.0;True;True;599;[0.9997428125225756, 0.0001398056251198247]
(147, 1);5;116;1;stop;1.0;True;True;440;[0.9992328810923289, 0.00027789486261887574]
(147, 1);6;224;1;stop;1.0;True;True;764;[0.9995774624730438, 0.0002611482046938824]
(147, 1);7;95;1;stop;1.0;True;True;534;[0.9995469716078068, 0.00012335391268564498]
(147, 1);8;92;1;stop;1.0;True;True;575;[0.9996077169615497, 0.00019106593880614456]
(147, 1);9;105;1;stop;1.0;True;True;381;[0.9995330369366113, 0.00020982907223506163]
(147, 2);0;84;1;stop;0.9;False;True;1248;[0.9989396860008991, 0.00029573094522426324]
(147, 2);1;122;1;stop;0.9;False;True;789;[0.9988318038911023, 0.00036800327224132437]
(147, 2);2;104;1;stop;0.9;False;True;590;[0.9998373057981433, 7.48396241731946e-05]
(147, 2);3;110;1;stop;0.9;False;True;631;[0.9997082608022421, 0.00012729010001702527]
(147, 2);4;87;1;stop;0.9;False;True;565;[0.9996198669291387, 0.00014422578772579602]
(147, 2);5;125;1;stop;0.1;True;False;855;[0.0953160479145277, 0.9043335576946384]
(147, 2);6;115;1;stop;0.9;False;True;594;[0.9997260129285791, 0.00011590105505290524]
(147, 2);7;137;1;stop;0.9;False;True;493;[0.9994071662159685, 0.0001910274953769889]
(147, 2);8;177;1;stop;0.9;False;True;739;[0.9989677605356571, 0.000855749530423842]
(147, 2);9;129;1;stop;0.9;False;True;456;[0.9991680159135389, 0.0003351834521469802]
(147, 3);0;604;1;stop;1.0;True;False;322;[0.13160251860568514, 0.8581562707576492]
(147, 3);1;210;1;stop;1.0;True;False;539;[0.022226555014756264, 0.9750978655322228]
(147, 3);2;146;1;stop;1.0;True;False;598;[0.07153542386132472, 0.9276855816400271]
(147, 3);3;194;1;stop;1.0;True;False;597;[0.028432745022693027, 0.9714516063511442]
(147, 3);4;72;1;stop;1.0;True;False;802;[0.05183422479676357, 0.9479489660560055]
(147, 3);5;108;1;stop;1.0;True;False;348;[0.02161124882747101, 0.9781997832417928]
(147, 3);6;94;1;stop;1.0;True;False;414;[0.00538461584645412, 0.994555711741362]
(147, 3);7;50;1;stop;1.0;True;False;1150;[0.0025503498951929856, 0.997228931558328]
(147, 3);8;101;1;stop;1.0;True;False;584;[0.009409816776497338, 0.9902957343594844]
(147, 3);9;169;1;stop;1.0;True;False;1521;[0.03512856795497238, 0.9644082360846614]
(148, 0);0;100;3;stop;1.0;True;False;536;[0.03620501981507866, 0.9633797527855897]
(148, 0);1;243;3;stop;1.0;True;False;312;[0.027474199006336315, 0.9684989353527724]
(148, 0);2;272;3;stop;1.0;True;False;473;[0.03303562064480081, 0.9654423634025415]
(148, 0);3;84;3;stop;1.0;True;False;328;[0.023680010911453383, 0.9759206591873781]
(148, 0);4;88;3;stop;1.0;True;False;635;[0.014498282701434098, 0.9851363005524967]
(148, 0);5;247;3;stop;1.0;True;False;447;[0.006281556362625093, 0.9923916241090494]
(148, 0);6;289;3;stop;1.0;True;False;307;[0.003269395239270802, 0.9956095708005516]
(148, 0);7;112;3;stop;1.0;True;False;545;[0.01205084392298576, 0.9877056745589922]
(148, 0);8;144;3;stop;1.0;True;False;606;[0.01971307533695617, 0.9799798604761777]
(148, 0);9;180;3;stop;1.0;True;False;540;[0.018941271367647013, 0.9715018964325496]
(148, 1);0;145;3;stop;1.0;True;False;367;[0.023678904369415256, 0.9758751317837889]
(148, 1);1;134;3;stop;1.0;True;False;772;[0.10074485884648494, 0.8979291862037498]
(148, 1);2;175;3;stop;1.0;True;False;646;[0.014495289542917879, 0.9849329566666729]
(148, 1);3;109;3;stop;1.0;True;False;410;[0.004754823896049884, 0.9951659415315084]
(148, 1);4;160;3;stop;1.0;True;False;712;[0.017408718917993272, 0.9806553229013385]
(148, 1);5;87;3;stop;1.0;True;False;483;[0.007344429721010707, 0.9924653582947668]
(148, 1);6;76;3;stop;1.0;True;False;463;[0.020329420638725462, 0.9795263702607067]
(148, 1);7;72;3;stop;1.0;True;False;460;[0.019117289541303224, 0.9805298060975144]
(148, 1);8;89;3;stop;1.0;True;False;817;[0.004197664314077354, 0.9955330060336589]
(148, 1);9;78;3;stop;1.0;True;False;659;[0.004754762679972663, 0.995153191343475]
(148, 2);0;102;3;stop;1.0;True;False;613;[0.010650005788643642, 0.9891149818994357]
(148, 2);1;143;3;stop;1.0;True;False;458;[0.005055853706800365, 0.9940589492487723]
(148, 2);2;103;3;stop;1.0;True;False;571;[0.13944072734175225, 0.8541779995529816]
(148, 2);3;195;3;stop;1.0;True;False;491;[0.015403991653199426, 0.9832631158064715]
(148, 2);4;115;3;stop;1.0;True;False;696;[0.05030557956782515, 0.9491966514124192]
(148, 2);5;115;3;stop;1.0;True;False;532;[0.02757473400763345, 0.9720428168606655]
(148, 2);6;95;3;stop;1.0;True;False;467;[0.016398863406463276, 0.9833467974124801]
(148, 2);7;37;3;stop;1.0;True;False;466;[0.003593439633233404, 0.9963614300593544]
(148, 2);8;152;3;stop;1.0;True;False;476;[0.035061169625899634, 0.9625579689066149]
(148, 2);9;202;3;stop;1.0;True;False;565;[0.03962238154859251, 0.959962466665663]
(148, 3);0;75;3;stop;1.0;True;True;328;[0.9997188643349908, 9.913466952911206e-05]
(148, 3);1;125;3;stop;1.0;True;True;552;[0.9987241830569912, 0.0002451164951773202]
(148, 3);2;63;3;stop;1.0;True;True;434;[0.9997101670434324, 0.00012729034280385505]
(148, 3);3;103;3;stop;1.0;True;True;394;[0.9995495918347805, 0.00014879364656728797]
(148, 3);4;95;3;stop;1.0;True;True;481;[0.998761639573146, 0.0003350473064125655]
(148, 3);5;169;3;stop;1.0;True;True;357;[0.9982100634337131, 0.0003401355044662127]
(148, 3);6;58;3;stop;1.0;True;True;491;[0.9996137919123381, 9.607453724773189e-05]
(148, 3);7;98;3;stop;1.0;True;True;441;[0.9993565648814161, 9.909875000654091e-05]
(148, 3);8;128;3;stop;1.0;True;True;531;[0.9994247885901866, 0.00016339743626195223]
(148, 3);9;58;3;stop;1.0;True;True;505;[0.9984600452955341, 0.0005878485932503042]
(149, 0);0;97;0;stop;1.0;True;True;508;[0.9997017081458754, 0.00013549870158878296]
(149, 0);1;76;0;stop;1.0;True;True;454;[0.9998231247018958, 7.253608253672919e-05]
(149, 0);2;90;0;stop;1.0;True;True;499;[0.9996501239812327, 0.00015840587359829285]
(149, 0);3;49;0;stop;1.0;True;True;402;[0.9995557851813783, 0.00021649471709430277]
(149, 0);4;95;0;stop;1.0;True;True;431;[0.9997056397229033, 0.00011233279760753649]
(149, 0);5;49;0;stop;1.0;True;True;459;[0.9997430508216721, 8.479647890364987e-05]
(149, 0);6;96;0;stop;1.0;True;True;310;[0.9996679931975306, 0.00014881124329194098]
(149, 0);7;82;0;stop;1.0;True;True;377;[0.9997471018568109, 9.313106799645752e-05]
(149, 0);8;194;0;stop;1.0;True;True;357;[0.9996103375223172, 0.00017949018112323748]
(149, 0);9;215;0;stop;1.0;True;True;579;[0.9996040243846919, 0.00021314864435149973]
(149, 1);0;71;0;stop;0.9;True;False;433;[0.005384004795917456, 0.9944428802483544]
(149, 1);1;105;0;stop;0.1;False;True;486;[0.9995538795254708, 0.000173958060470714]
(149, 1);2;103;0;stop;0.9;True;False;425;[0.020323193311317007, 0.979226333581741]
(149, 1);3;35;0;stop;0.9;True;False;385;[0.005909956150909989, 0.9939015973865658]
(149, 1);4;144;0;stop;0.9;True;False;553;[0.008845628997878725, 0.9909592739137001]
(149, 1);5;87;0;stop;0.9;True;False;363;[0.010984332880582148, 0.9887779242804745]
(149, 1);6;86;0;stop;0.9;True;False;751;[0.0012447745973424935, 0.9986999269584542]
(149, 1);7;64;0;stop;0.9;True;False;676;[0.0031723518103258155, 0.9967234556833303]
(149, 1);8;192;0;stop;0.9;True;False;513;[0.06556043147675311, 0.9337626492752131]
(149, 1);9;200;0;stop;0.9;True;False;812;[0.004754554097775614, 0.9951097481371157]
(149, 2);0;54;0;stop;1.0;True;False;462;[0.002889134161184406, 0.9969561052366646]
(149, 2);1;67;0;stop;1.0;True;False;635;[0.002251674185831007, 0.9976714361027328]
(149, 2);2;80;0;stop;1.0;True;False;565;[0.005910333786591878, 0.9939654271487889]
(149, 2);3;64;0;stop;1.0;True;False;473;[0.005219593217530319, 0.9946782406857946]
(149, 2);4;144;0;stop;1.0;True;False;599;[0.013218612079489753, 0.9864629879097877]
(149, 2);5;77;0;stop;1.0;True;False;487;[0.012048861615935012, 0.9875433515434389]
(149, 2);6;59;0;stop;1.0;True;False;641;[0.005729478110061089, 0.9941363478044292]
(149, 2);7;89;0;stop;1.0;True;False;914;[0.005059201031043821, 0.9947173994232651]
(149, 2);8;102;0;stop;1.0;True;False;525;[0.02032620739031439, 0.9793714122849737]
(149, 2);9;79;0;stop;1.0;True;False;551;[0.019116633212520665, 0.9804962250402945]
(149, 3);0;109;0;stop;1.0;True;False;616;[0.003376182919214744, 0.9964967150696608]
(149, 3);1;85;0;stop;1.0;True;False;515;[0.003593110659068642, 0.996270195832641]
(149, 3);2;67;0;stop;1.0;True;False;475;[0.001987457480602808, 0.9978531296489743]
(149, 3);3;64;0;stop;1.0;True;False;458;[0.0035913275265161077, 0.9957755019645247]
(149, 3);4;169;0;stop;1.0;True;False;695;[0.0783540694517991, 0.8691258502079802]
(149, 3);5;86;0;stop;1.0;True;False;958;[0.001987524767985798, 0.9978868411832007]
(149, 3);6;96;0;stop;1.0;True;False;393;[0.007576425240617382, 0.9923157883004035]
(149, 3);7;308;0;stop;1.0;True;False;628;[0.0594946919562955, 0.9306534821285926]
(149, 3);8;120;0;stop;1.0;True;False;487;[0.014953879144284697, 0.9848316627563665]
(149, 3);9;134;0;stop;1.0;True;False;647;[0.011686563125760125, 0.9882541987415854]
(150, 0);0;50;3;stop;1.0;True;False;460;[0.011328415162789146, 0.9883770425912402]
(150, 0);1;54;3;stop;1.0;True;False;534;[0.006485987425134573, 0.9931623808597496]
(150, 0);2;55;3;stop;1.0;True;False;506;[0.00940967319518347, 0.9902805370676072]
(150, 0);3;68;3;stop;1.0;True;False;397;[0.001867216240544256, 0.9979453666782798]
(150, 0);4;77;3;stop;1.0;True;False;581;[0.012424506679869619, 0.9870008419836779]
(150, 0);5;78;3;stop;1.0;True;False;787;[0.008312957138798668, 0.9913476087070658]
(150, 0);6;61;3;stop;1.0;True;False;508;[0.003171509350969968, 0.9964587180061668]
(150, 0);7;92;3;stop;1.0;True;False;325;[0.001324831378755796, 0.9985309993460568]
(150, 0);8;128;3;stop;1.0;True;False;555;[0.008845481371749831, 0.9909427688585091]
(150, 0);9;87;3;stop;1.0;True;False;565;[0.0052185156368118315, 0.994472942511574]
(150, 1);0;120;3;stop;1.0;True;False;616;[0.008575256135463649, 0.9911647638226563]
(150, 1);1;51;3;stop;1.0;True;False;398;[0.016908893996066134, 0.9827351989108112]
(150, 1);2;71;3;stop;1.0;True;False;472;[0.00247210901725853, 0.9973198674223247]
(150, 1);3;55;3;stop;1.0;True;False;536;[0.008574520146911334, 0.9910798640311285]
(150, 1);4;48;3;stop;1.0;True;False;395;[0.0019874698006574956, 0.9978591832783086]
(150, 1);5;74;3;stop;1.0;True;False;593;[0.005909471459874739, 0.9938204676266607]
(150, 1);6;46;3;stop;1.0;True;False;329;[0.018540044952309036, 0.9811083654067287]
(150, 1);7;72;3;stop;1.0;True;False;478;[0.005383049847416627, 0.9942663153289197]
(150, 1);8;308;3;stop;1.0;True;False;460;[0.0033693622768800023, 0.9944835532932278]
(150, 1);9;68;3;stop;1.0;True;False;415;[0.016398300405833312, 0.9833131381949426]
(150, 2);0;41;3;stop;1.0;True;False;365;[0.003822346734615527, 0.9956191422161054]
(150, 2);1;75;3;stop;1.0;True;False;553;[0.005383668490966712, 0.9943804034012691]
(150, 2);2;75;3;stop;1.0;True;False;473;[0.0032725677207164788, 0.9965755594281437]
(150, 2);3;74;3;stop;1.0;True;False;363;[0.0010003499637708478, 0.9988453622688032]
(150, 2);4;88;3;stop;1.0;True;False;453;[0.006486921505852229, 0.9933055019882967]
(150, 2);5;58;3;stop;1.0;True;False;298;[0.00857465507341696, 0.9910952037369657]
(150, 2);6;68;3;stop;1.0;True;False;556;[0.012817741530442496, 0.9869111976599424]
(150, 2);7;79;3;stop;1.0;True;False;401;[0.014501241904316908, 0.9853376455256394]
(150, 2);8;91;3;stop;1.0;True;False;420;[0.01640014586894535, 0.9834236884206972]
(150, 2);9;59;3;stop;1.0;True;False;673;[0.010325032283933597, 0.9893729141927593]
(150, 3);0;85;3;stop;1.0;True;True;329;[0.9995966393300816, 7.964722164716821e-05]
(150, 3);1;77;3;stop;1.0;True;True;465;[0.9996789532924648, 4.005242294631013e-05]
(150, 3);2;72;3;stop;1.0;True;True;356;[0.9995944952743578, 8.747519315603946e-05]
(150, 3);3;212;3;stop;1.0;True;True;468;[0.9994917116722932, 0.00015838079835938068]
(150, 3);4;72;3;stop;1.0;True;True;665;[0.9997724812404242, 4.0056166424013504e-05]
(150, 3);5;56;3;stop;1.0;True;True;262;[0.9997803455340087, 6.204073670227261e-05]
(150, 3);6;101;3;stop;1.0;True;True;431;[0.9995500682536459, 0.00010885975731659071]
(150, 3);7;84;3;stop;1.0;True;True;441;[0.9994694426915007, 9.310522592054598e-05]
(150, 3);8;49;3;stop;1.0;True;True;393;[0.99983230066441, 7.48392673109083e-05]
(150, 3);9;51;3;stop;1.0;True;True;422;[0.999649170990162, 0.00010887055479452317]
(151, 0);0;67;3;stop;1.0;True;False;413;[0.007576938264379343, 0.9923829363218872]
(151, 0);1;132;3;stop;1.0;True;False;392;[0.0020504972650494937, 0.9978295093221422]
(151, 0);2;53;3;stop;1.0;True;False;416;[0.006288602213311416, 0.9935049052569661]
(151, 0);3;173;3;stop;1.0;True;False;392;[0.014955576315112492, 0.9849435954569951]
(151, 0);4;191;3;stop;1.0;True;False;480;[0.13953123367668588, 0.854732405325288]
(151, 0);5;61;3;stop;1.0;True;False;413;[0.010321591429421854, 0.9890430279841164]
(151, 0);6;110;3;stop;1.0;True;False;646;[0.006095816928131767, 0.9936181129104616]
(151, 0);7;82;3;stop;1.0;True;False;551;[0.029306279170269803, 0.9704907956426062]
(151, 0);8;60;3;stop;1.0;True;False;515;[0.003706809406016136, 0.9961734180039836]
(151, 0);9;84;3;stop;1.0;True;False;437;[0.005910576162503466, 0.9940061792570186]
(151, 1);0;83;3;stop;1.0;True;False;544;[0.0008829413023105503, 0.9989986919201548]
(151, 1);1;62;3;stop;1.0;True;False;669;[0.005218789366028895, 0.9945251727494128]
(151, 1);2;102;3;stop;1.0;True;False;327;[0.005384341121876368, 0.9945050113784185]
(151, 1);3;200;3;stop;1.0;True;False;487;[0.44869611546338156, 0.5412308272696199]
(151, 1);4;59;3;stop;1.0;True;False;339;[0.00734551895393935, 0.9926127418753689]
(151, 1);5;169;3;stop;1.0;True;False;644;[0.019714922509114195, 0.9800719137878683]
(151, 1);6;101;3;stop;1.0;True;False;277;[0.014499388874818275, 0.9852117377021248]
(151, 1);7;211;3;stop;1.0;True;False;361;[0.003075242939780829, 0.996883597856583]
(151, 1);8;89;3;stop;1.0;True;False;709;[0.008846017055453152, 0.9910029410961315]
(151, 1);9;66;3;stop;1.0;True;False;449;[0.005554037422797029, 0.9942862315635402]
(151, 2);0;80;3;stop;1.0;True;False;440;[0.002631615366667179, 0.9973460722844074]
(151, 2);1;99;3;stop;1.0;True;False;620;[0.022969748456764378, 0.9766986686247127]
(151, 2);2;83;3;stop;1.0;True;False;445;[0.0038237777724391938, 0.9959915080741711]
(151, 2);3;122;3;stop;1.0;True;False;346;[0.010012519397753885, 0.9898822903316687]
(151, 2);4;137;3;stop;1.0;True;False;415;[0.05031335214077378, 0.9493432843487921]
(151, 2);5;105;3;stop;1.0;True;False;449;[0.029307418099714808, 0.9705284105764155]
(151, 2);6;47;3;stop;1.0;True;False;360;[0.0012447182109153903, 0.9986549849681308]
(151, 2);7;43;3;stop;1.0;True;False;250;[0.014502306811987, 0.9854101035205343]
(151, 2);8;79;3;stop;1.0;True;False;340;[0.0021825629234563143, 0.9977470249414723]
(151, 2);9;104;3;stop;1.0;True;False;507;[0.004754993944844151, 0.9952017146655621]
(151, 3);0;87;3;stop;1.0;True;True;238;[0.9995357762228185, 0.00016341551330267736]
(151, 3);1;94;3;stop;1.0;True;True;580;[0.9998998742228323, 4.539538383166085e-05]
(151, 3);2;63;3;stop;1.0;True;True;427;[0.9994894490131755, 0.00013547001742311642]
(151, 3);3;218;3;stop;1.0;True;True;465;[0.9990393815542826, 0.00017386849789376884]
(151, 3);4;181;3;stop;1.0;True;True;360;[0.999442887904705, 0.00019404277261593662]
(151, 3);5;73;3;stop;1.0;True;True;311;[0.999774387720459, 6.013154248054533e-05]
(151, 3);6;47;3;stop;1.0;True;True;433;[0.9995858001411733, 0.00012335873599773428]
(151, 3);7;101;3;stop;1.0;True;True;448;[0.9997990535283231, 0.0001022897357049325]
(151, 3);8;208;3;stop;1.0;True;True;703;[0.9970452136324929, 0.0005779147153918581]
(151, 3);9;84;3;stop;1.0;True;True;521;[0.9993865678963391, 6.918418841333883e-05]
(152, 0);0;69;0;stop;1.0;True;True;457;[0.9996279670574593, 0.00014422702563097418]
(152, 0);1;271;0;stop;1.0;True;True;410;[0.9991620653693271, 0.0003051862598481717]
(152, 0);2;31;0;stop;1.0;True;True;428;[0.9996168889688386, 0.00010886702473198919]
(152, 0);3;51;0;stop;1.0;True;True;420;[0.9996993254014859, 8.218396011123633e-05]
(152, 0);4;20;0;stop;1.0;True;True;397;[0.9997910697722509, 5.306681093108005e-05]
(152, 0);5;34;0;stop;1.0;True;True;584;[0.9996209389981823, 9.607517861660312e-05]
(152, 0);6;74;0;stop;1.0;True;True;372;[0.999710524451331, 0.00016863230607991968]
(152, 0);7;95;0;stop;1.0;True;True;445;[0.9997328041863884, 6.0129076657075124e-05]
(152, 0);8;68;0;stop;1.0;True;True;438;[0.9996623940988085, 8.748111637856801e-05]
(152, 0);9;207;0;stop;1.0;True;True;570;[0.9996890796507776, 0.0001419996595605009]
(152, 1);0;107;0;stop;1.0;True;False;481;[0.0047537719960264405, 0.994945927082261]
(152, 1);1;99;0;stop;1.0;True;False;530;[0.012048470938813474, 0.9875109171805977]
(152, 1);2;131;0;stop;1.0;True;False;512;[0.00232280550793145, 0.9975236142511427]
(152, 1);3;82;0;stop;1.0;True;False;471;[0.004331021936746667, 0.9955581718561524]
(152, 1);4;60;0;stop;1.0;True;False;488;[0.006486735916194143, 0.9932769213482006]
(152, 1);5;184;0;stop;1.0;True;False;561;[0.004330685323501011, 0.9954809059716366]
(152, 1);6;38;0;stop;1.0;True;False;538;[0.0018671467939050392, 0.9979083273945124]
(152, 1);7;348;0;stop;1.0;True;False;369;[0.037105948850605884, 0.9569749553768923]
(152, 1);8;275;0;stop;1.0;True;False;620;[0.03266646478422598, 0.9252823580268222]
(152, 1);9;62;0;stop;1.0;True;False;619;[0.004330984763446734, 0.9955494285324539]
(152, 2);0;74;0;stop;1.0;True;False;407;[0.0037066485629596783, 0.9961303590977133]
(152, 2);1;224;0;stop;1.0;True;False;710;[0.3139309535079403, 0.5865001998459154]
(152, 2);2;64;0;stop;1.0;True;False;601;[0.004198198775919414, 0.9956596751325597]
(152, 2);3;63;0;stop;1.0;True;False;481;[0.010649213600422864, 0.9890412787823928]
(152, 2);4;53;0;stop;1.0;True;False;458;[0.005553799074483554, 0.9942434535427627]
(152, 2);5;78;0;stop;1.0;True;False;483;[0.005908831841276101, 0.993712628674063]
(152, 2);6;21;0;stop;1.0;True;False;473;[0.001000375245304107, 0.9988703390216367]
(152, 2);7;270;0;stop;1.0;True;False;503;[0.012003650352987203, 0.9838374072603079]
(152, 2);8;60;0;stop;1.0;True;False;422;[0.007575774978729401, 0.9922306919628364]
(152, 2);9;46;0;stop;1.0;True;False;452;[0.002980742786743509, 0.9969219827360617]
(152, 3);0;45;0;stop;1.0;True;False;402;[0.004904602756247087, 0.9949317666433942]
(152, 3);1;62;0;stop;1.0;True;False;302;[0.0047511591226382065, 0.9943990276868533]
(152, 3);2;37;0;stop;1.0;True;False;557;[0.003823713956795283, 0.9959751886641905]
(152, 3);3;172;0;stop;1.0;True;False;717;[0.35624258757744576, 0.6059890187082212]
(152, 3);4;156;0;stop;1.0;True;False;427;[0.012816219738901262, 0.9867940574761151]
(152, 3);5;42;0;stop;1.0;True;False;576;[0.02228289876537924, 0.9775695061969114]
(152, 3);6;311;0;stop;1.0;True;False;410;[0.041809045519846065, 0.9222926852831137]
(152, 3);7;198;0;stop;1.0;True;False;671;[0.014016114053789077, 0.9230725240370472]
(152, 3);8;202;0;stop;1.0;True;False;470;[0.009706266806250325, 0.9900660659731285]
(152, 3);9;58;0;stop;1.0;True;False;559;[0.00781328224596144, 0.9918532747474186]
(153, 0);0;98;0;stop;1.0;True;True;477;[0.9994099047790921, 0.0003149519960002115]
(153, 0);1;94;0;stop;1.0;True;True;494;[0.9989055465430098, 0.00032478575184370515]
(153, 0);2;88;0;stop;1.0;True;True;560;[0.9996070022775747, 0.00015352564848029217]
(153, 0);3;83;0;stop;1.0;True;True;530;[0.9990092803963468, 0.0002692848362871951]
(153, 0);4;205;0;stop;1.0;True;True;342;[0.9987342900645445, 0.000896608290675051]
(153, 0);5;77;0;stop;1.0;True;True;611;[0.9995349425236921, 0.00016860271774096105]
(153, 0);6;107;0;stop;1.0;True;True;371;[0.9996946790444399, 0.00017398261530504616]
(153, 0);7;227;0;stop;1.0;True;True;480;[0.9995182690071783, 0.00024917462413997143]
(153, 0);8;76;0;stop;1.0;True;True;416;[0.9966764414877078, 0.0005342860025716362]
(153, 0);9;89;0;stop;1.0;True;True;426;[0.9996283244068774, 0.0001686184761013338]
(153, 1);0;180;0;stop;1.0;True;False;530;[0.03715455815333167, 0.9582286878172208]
(153, 1);1;127;0;stop;1.0;True;False;444;[0.0064867946856780505, 0.9932860952226807]
(153, 1);2;195;0;stop;1.0;True;False;420;[0.0030716611698510224, 0.9957224308066717]
(153, 1);3;76;0;stop;1.0;True;False;346;[0.010010824650038889, 0.9897149317423075]
(153, 1);4;295;0;stop;1.0;True;False;554;[0.016394031613399248, 0.9830570878314443]
(153, 1);5;62;0;stop;1.0;True;False;568;[0.014949672702531011, 0.9845547140279773]
(153, 1);6;138;0;stop;1.0;True;False;420;[0.005910514158417196, 0.9939958142587376]
(153, 1);7;127;0;stop;1.0;True;False;398;[0.016911232366539408, 0.9828709535378206]
(153, 1);8;120;0;stop;1.0;True;False;427;[0.007802161611187235, 0.9904416551717037]
(153, 1);9;122;0;stop;1.0;True;False;643;[0.02757603575548137, 0.9720886615953356]
(153, 2);0;124;0;stop;1.0;True;False;402;[0.0020496389773411545, 0.9974118870261587]
(153, 2);1;70;0;stop;1.0;True;False;491;[0.004608425666914564, 0.9951428023363402]
(153, 2);2;126;0;stop;1.0;True;False;485;[0.01690932939227558, 0.982760758332486]
(153, 2);3;124;0;stop;1.0;True;False;605;[0.01132736726025587, 0.9882855180457113]
(153, 2);4;254;0;stop;1.0;True;False;618;[0.017937853553661273, 0.9793738129632921]
(153, 2);5;223;0;stop;1.0;True;False;401;[0.006686433246263211, 0.9923546437762265]
(153, 2);6;109;0;stop;1.0;True;False;596;[0.01449562822961555, 0.9849562010770792]
(153, 2);7;233;0;stop;1.0;True;False;527;[0.005904742173768784, 0.9930248260591599]
(153, 2);8;180;0;stop;1.0;True;False;526;[0.0015972989954540623, 0.9980607756329087]
(153, 2);9;97;0;stop;1.0;True;False;599;[0.0029788686433296937, 0.9962950439366849]
(153, 3);0;230;0;stop;1.0;True;False;595;[0.0020486765195197386, 0.9969431905202802]
(153, 3);1;135;0;stop;1.0;True;False;440;[0.0035932031800082996, 0.9962958722948156]
(153, 3);2;90;0;stop;1.0;True;False;487;[0.0236823257839602, 0.9760159253252371]
(153, 3);3;53;0;stop;1.0;True;False;658;[0.0016483956696715285, 0.998298445749853]
(153, 3);4;159;0;stop;1.0;True;False;564;[0.008572488328718732, 0.9908449162506776]
(153, 3);5;160;0;stop;1.0;True;False;807;[0.01911345671737155, 0.980333283661436]
(153, 3);6;119;0;stop;1.0;True;False;510;[0.005549208893438134, 0.9934219579463551]
(153, 3);7;99;0;stop;1.0;True;False;506;[0.005218926236021648, 0.9945512310065054]
(153, 3);8;90;0;stop;1.0;True;False;370;[0.005218144881040074, 0.9944025640299053]
(153, 3);9;95;0;stop;1.0;True;False;616;[0.0023958354335568972, 0.9972307098683058]
(154, 0);0;63;1;stop;1.0;True;False;320;[0.01363262425691965, 0.986058765300575]
(154, 0);1;80;1;stop;1.0;True;False;495;[0.018544408293066438, 0.981339293566061]
(154, 0);2;54;1;stop;1.0;True;False;550;[0.012815058654036805, 0.9867046828042592]
(154, 0);3;81;1;stop;1.0;True;False;464;[0.0040699244583513655, 0.9958778774373824]
(154, 0);4;81;1;stop;1.0;True;False;573;[0.0023963850022146534, 0.9974590894234563]
(154, 0);5;56;1;stop;1.0;True;False;422;[0.00198749633641929, 0.9978724778797855]
(154, 0);6;64;1;stop;1.0;True;False;428;[0.007343918432646877, 0.9923962027883345]
(154, 0);7;108;1;stop;1.0;True;False;301;[0.0018674424051939472, 0.9980665943071657]
(154, 0);8;87;1;stop;1.0;True;False;331;[0.005909694074658293, 0.9938575571942746]
(154, 0);9;55;1;stop;1.0;True;False;560;[0.003944896030641656, 0.9959258805053305]
(154, 1);0;134;1;stop;1.0;True;True;296;[0.9997397146685858, 0.00012337767814527483]
(154, 1);1;65;1;stop;1.0;True;True;514;[0.9991324328672725, 0.0006261830336189066]
(154, 1);2;144;1;stop;1.0;True;True;421;[0.9995754376171235, 0.00020338203839246434]
(154, 1);3;98;1;stop;1.0;True;True;372;[0.9995414929815364, 0.00018517509568341552]
(154, 1);4;59;1;stop;1.0;True;True;344;[0.999711120150843, 8.091074185316559e-05]
(154, 1);5;106;1;stop;1.0;True;True;337;[0.998666279568734, 0.00026091022107587814]
(154, 1);6;134;1;stop;1.0;True;True;400;[0.9997932146569817, 9.313533129600113e-05]
(154, 1);7;98;1;stop;1.0;True;True;380;[0.9996820507254192, 0.00013132733991413025]
(154, 1);8;67;1;stop;1.0;True;True;451;[0.999712549842758, 0.00010552770256430774]
(154, 1);9;56;1;stop;1.0;True;True;220;[0.9996737114689046, 8.479057572878074e-05]
(154, 2);0;66;1;stop;1.0;True;False;431;[0.005059203443459438, 0.9947178714255881]
(154, 2);1;61;1;stop;1.0;True;False;436;[0.0066916801228281385, 0.9931332207083619]
(154, 2);2;139;1;stop;1.0;True;False;415;[0.003945037113640351, 0.995961471791719]
(154, 2);3;77;1;stop;1.0;True;False;559;[0.0022516902911174034, 0.9976785555378389]
(154, 2);4;92;1;stop;1.0;True;False;435;[0.0019266488119543074, 0.9980288336570303]
(154, 2);5;69;1;stop;1.0;True;False;442;[0.0027146572808992918, 0.9971644448301712]
(154, 2);6;55;1;stop;1.0;True;False;410;[0.002251592587483645, 0.9976352478394989]
(154, 2);7;84;1;stop;1.0;True;False;430;[0.006692414056672276, 0.9932424624904445]
(154, 2);8;47;1;stop;1.0;True;False;428;[0.0028006147395490525, 0.9970879961246334]
(154, 2);9;130;1;stop;1.0;True;False;561;[0.004467512642788877, 0.9953376299120985]
(154, 3);0;164;1;stop;0.9;True;False;637;[0.00734352273389652, 0.9923426698837038]
(154, 3);1;74;1;stop;0.9;True;False;419;[0.002182277782858058, 0.9976166207787941]
(154, 3);2;84;1;stop;0.9;True;False;325;[0.003272283725335497, 0.9964890205548507]
(154, 3);3;198;1;stop;0.1;False;True;550;[0.9871083906188192, 0.012425863456764101]
(154, 3);4;42;1;stop;0.9;True;False;368;[0.002799908382376137, 0.9968363317121959]
(154, 3);5;50;1;stop;0.9;True;False;397;[0.002182326691189517, 0.9976391631598208]
(154, 3);6;63;1;stop;0.9;True;False;370;[0.0018670826916075114, 0.9978741397755081]
(154, 3);7;128;1;stop;0.9;True;False;461;[0.010325032283933597, 0.9893729141927593]
(154, 3);8;99;1;stop;0.9;True;False;465;[0.005553603106866201, 0.9942086917086044]
(154, 3);9;55;1;stop;0.9;True;False;483;[0.004903265204071917, 0.9946604314531112]
(155, 0);0;72;2;stop;1.0;True;False;454;[0.010012223392969076, 0.9898532057445897]
(155, 0);1;135;2;stop;1.0;True;False;496;[0.010651148471602236, 0.9892207746125031]
(155, 0);2;40;2;stop;1.0;True;False;392;[0.0052195036180434735, 0.9946612568310488]
(155, 0);3;69;2;stop;1.0;True;False;370;[0.014955505001537422, 0.9849388539436473]
(155, 0);4;76;2;stop;1.0;True;False;529;[0.05663893105060573, 0.9431228399993592]
(155, 0);5;47;2;stop;1.0;True;False;614;[0.00572950269836639, 0.9941405891855716]
(155, 0);6;54;2;stop;1.0;True;False;516;[0.01590405784202207, 0.983949116075891]
(155, 0);7;138;2;stop;1.0;True;False;735;[0.032083219883583085, 0.9673721246410688]
(155, 0);8;55;2;stop;1.0;True;False;568;[0.03730791928352671, 0.9621839127565269]
(155, 0);9;100;2;stop;1.0;True;False;657;[0.015902814172748747, 0.9838721400035166]
(155, 1);0;67;2;stop;0.8;True;False;515;[0.0035925161832012324, 0.9961050461510013]
(155, 1);1;42;2;stop;0.2;False;True;450;[0.9995983069192275, 0.0003459722550894943]
(155, 1);2;75;2;stop;0.8;True;False;623;[0.002800580018397771, 0.997075670520705]
(155, 1);3;138;2;stop;0.2;False;True;697;[0.9936775508546196, 0.006289696811874755]
(155, 1);4;157;2;stop;0.8;True;False;527;[0.016910143774540004, 0.9828077346330542]
(155, 1);5;65;2;stop;0.8;True;False;486;[0.004330966176916415, 0.9955452933286921]
(155, 1);6;175;2;stop;0.8;True;False;684;[0.06752488419912533, 0.9321522802774912]
(155, 1);7;85;2;stop;0.8;True;False;661;[0.010651214497030671, 0.9892271913738582]
(155, 1);8;233;2;stop;0.8;True;False;471;[0.014467426868998646, 0.983039808019863]
(155, 1);9;256;2;stop;0.8;True;False;611;[0.22742251173542724, 0.7693604631646613]
(155, 2);0;61;2;stop;1.0;True;True;479;[0.9996759749815745, 9.025927018747364e-05]
(155, 2);1;35;2;stop;1.0;True;True;270;[0.9998021517262233, 4.985222590069454e-05]
(155, 2);2;86;2;stop;1.0;True;True;495;[0.9993369210533911, 0.00024526684979202365]
(155, 2);3;87;2;stop;1.0;True;True;588;[0.9998121614550102, 6.401213559933639e-05]
(155, 2);4;120;2;stop;1.0;True;True;534;[0.9995037397125295, 0.0001088547742264226]
(155, 2);5;73;2;stop;1.0;True;True;388;[0.9998052499628225, 6.0133434925277076e-05]
(155, 2);6;304;2;stop;1.0;True;True;643;[0.9992827556628776, 0.0005032277837749706]
(155, 2);7;82;2;stop;1.0;True;True;398;[0.9998146639174146, 6.604428785850687e-05]
(155, 2);8;39;2;stop;1.0;True;True;411;[0.9998013176012303, 6.813984882978159e-05]
(155, 2);9;68;2;stop;1.0;True;True;524;[0.9998138297528844, 0.00013134462465603657]
(155, 3);0;185;2;stop;1.0;True;False;588;[0.009410759083236965, 0.9903948812463236]
(155, 3);1;86;2;stop;1.0;True;False;493;[0.0031722489487183646, 0.9966907701709511]
(155, 3);2;97;2;stop;1.0;True;False;707;[0.006288842109023712, 0.9935424420006453]
(155, 3);3;85;2;stop;1.0;True;False;558;[0.014952552917964447, 0.9847444926416297]
(155, 3);4;191;2;stop;1.0;True;False;495;[0.010986302446655783, 0.9889554602420633]
(155, 3);5;162;2;stop;1.0;True;False;1167;[0.004069604256897841, 0.9957991432252626]
(155, 3);6;133;2;stop;1.0;True;False;600;[0.004754912320663941, 0.9951845953592648]
(155, 3);7;95;2;stop;1.0;True;False;499;[0.003945119884681246, 0.9959820476350598]
(155, 3);8;77;2;stop;1.0;True;False;510;[0.0013668195609263106, 0.9984826259141619]
(155, 3);9;71;2;stop;1.0;True;False;805;[0.004466871475716806, 0.9951945125739894]
(156, 0);0;37;2;stop;1.0;True;False;551;[0.014061239365745149, 0.9857688470487855]
(156, 0);1;43;2;stop;1.0;True;False;438;[0.008573220054840347, 0.990929306791874]
(156, 0);2;72;2;stop;1.0;True;False;705;[0.01205012565812066, 0.9876468320621336]
(156, 0);3;95;2;stop;1.0;True;False;334;[0.02095209447653288, 0.978468601911146]
(156, 0);4;45;2;stop;1.0;True;False;368;[0.007574796078594641, 0.9921026638328806]
(156, 0);5;41;2;stop;1.0;True;False;499;[0.0071207705098639655, 0.992786957286927]
(156, 0);6;82;2;stop;1.0;True;False;449;[0.010324727040184455, 0.9893435091831922]
(156, 0);7;210;2;stop;1.0;True;False;625;[0.020329822936367294, 0.9795457011353469]
(156, 0);8;90;2;stop;1.0;True;False;329;[0.010325150445226984, 0.9893842330462551]
(156, 0);9;72;2;stop;1.0;True;False;343;[0.004069443195387171, 0.9957601357242375]
(156, 1);0;124;2;stop;0.9;True;False;357;[0.014952823857867099, 0.9847622958345958]
(156, 1);1;225;2;stop;0.9;True;False;463;[0.006896989511983049, 0.9921111126286555]
(156, 1);2;242;2;stop;0.1;False;True;427;[0.7173630872939074, 0.21205213620393845]
(156, 1);3;119;2;stop;0.9;True;False;527;[0.010984846190906963, 0.9888245463259341]
(156, 1);4;120;2;stop;0.9;True;False;557;[0.004904460097814589, 0.9949027384664254]
(156, 1);5;100;2;stop;0.9;True;False;459;[0.07365655259010134, 0.9258045934847662]
(156, 1);6;351;2;stop;0.9;True;False;353;[0.002976148332228848, 0.995385226395439]
(156, 1);7;256;2;stop;0.9;True;False;626;[0.3922795385400667, 0.5707633607061869]
(156, 1);8;75;2;stop;0.9;True;False;481;[0.012428885632069666, 0.987348658356058]
(156, 1);9;42;2;stop;0.9;True;False;355;[0.005728939925811353, 0.9940431646624388]
(156, 2);0;101;2;stop;1.0;True;True;567;[0.9997930954868989, 0.00016864629802639777]
(156, 2);1;197;2;stop;1.0;True;True;263;[0.9997550849126202, 0.00011958357073748602]
(156, 2);2;64;2;stop;1.0;True;True;239;[0.9993720424066977, 0.00012527446955469936]
(156, 2);3;200;2;stop;1.0;True;True;386;[0.9985520378112179, 0.0004723930867209529]
(156, 2);4;84;2;stop;1.0;True;True;322;[0.9997548466106552, 5.1432252882794517e-05]
(156, 2);5;53;2;stop;1.0;True;True;422;[0.9990828112685483, 0.00012721049091753806]
(156, 2);6;92;2;stop;1.0;True;True;492;[0.9990318858224, 0.0002692907429827149]
(156, 2);7;55;2;stop;1.0;True;True;375;[0.999528392137866, 0.00015351349664340485]
(156, 2);8;236;2;stop;1.0;True;True;561;[0.9996897944807194, 0.0001535383869804437]
(156, 2);9;61;2;stop;1.0;True;True;466;[0.9991883671996303, 0.00015833277374544834]
(156, 3);0;259;2;stop;1.0;True;False;418;[0.009387229699203905, 0.9879184262847602]
(156, 3);1;27;2;stop;1.0;True;False;576;[0.00433088976646312, 0.99552768923529]
(156, 3);2;90;2;stop;1.0;True;False;481;[0.021610944830738086, 0.9781860961799708]
(156, 3);3;249;2;stop;1.0;True;False;496;[0.07549004094132243, 0.9196569884168538]
(156, 3);4;286;2;stop;1.0;True;False;585;[0.0073437328367727496, 0.9923714315905732]
(156, 3);5;27;2;stop;1.0;True;False;554;[0.004904906796259784, 0.9949933681522658]
(156, 3);6;47;2;stop;1.0;True;False;427;[0.01495070637938542, 0.9846225496064634]
(156, 3);7;42;2;stop;1.0;True;False;468;[0.007575569074099941, 0.9922035810113894]
(156, 3);8;94;2;stop;1.0;True;False;470;[0.005219381665657839, 0.994638141412881]
(156, 3);9;122;2;stop;1.0;True;False;535;[0.013633176814171276, 0.9860987551739775]
(157, 0);0;85;0;stop;1.0;True;True;532;[0.9997018272905177, 0.00011589818126018834]
(157, 0);1;135;0;stop;1.0;True;True;573;[0.9995737701243124, 0.00012335720663445772]
(157, 0);2;68;0;stop;1.0;True;True;915;[0.9989313590714691, 0.0006664342526427003]
(157, 0);3;212;0;stop;1.0;True;True;492;[0.9994195494373399, 0.00015591403073363786]
(157, 0);4;117;0;stop;1.0;True;True;568;[0.9997728387142467, 0.0001442479340790977]
(157, 0);5;90;0;stop;1.0;True;True;903;[0.9993807338480543, 0.0001397549692662175]
(157, 0);6;91;0;stop;1.0;True;True;666;[0.9988834226641448, 0.00021634920787245984]
(157, 0);7;73;0;stop;1.0;True;True;941;[0.9988328743591501, 0.0004041729109364427]
(157, 0);8;113;0;stop;1.0;True;True;1755;[0.9997661660603684, 0.0001488258615083458]
(157, 0);9;269;0;stop;1.0;True;True;723;[0.9995113615683354, 0.00043053206311596836]
(157, 1);0;183;0;stop;1.0;True;False;531;[0.017437306532690478, 0.9822658131062175]
(157, 1);1;216;0;stop;1.0;True;False;750;[0.01639882430857276, 0.9833444913978708]
(157, 1);2;164;0;stop;1.0;True;False;538;[0.0057294972342894265, 0.994139646654865]
(157, 1);3;279;0;stop;1.0;True;False;645;[0.05324351799910115, 0.9437640437265898]
(157, 1);4;104;0;stop;1.0;True;False;580;[0.005553502477533612, 0.9941903103360504]
(157, 1);5;121;0;stop;1.0;True;False;599;[0.020325606477157022, 0.9793425991316471]
(157, 1);6;118;0;stop;1.0;True;False;620;[0.01971493190992406, 0.9800722569868533]
(157, 1);7;154;0;stop;1.0;True;False;417;[0.006903119158466063, 0.9929927351003158]
(157, 1);8;98;0;stop;1.0;True;False;662;[0.0062890130403018135, 0.9935695081057341]
(157, 1);9;111;0;stop;1.0;True;False;750;[0.020954452423180978, 0.9785785236375169]
(157, 2);0;191;0;stop;1.0;True;False;505;[0.02161167649113122, 0.978219060605219]
(157, 2);1;154;0;stop;1.0;True;False;554;[0.03844907249088037, 0.9611059846361036]
(157, 2);2;108;0;stop;1.0;True;False;839;[0.018526788820114454, 0.980406841878071]
(157, 2);3;172;0;stop;1.0;True;False;510;[0.00806121019444316, 0.9918417826225628]
(157, 2);4;127;0;stop;1.0;True;False;640;[0.01065072185562322, 0.9891811141469257]
(157, 2);5;163;0;stop;1.0;True;False;523;[0.03209055633930132, 0.9675932791289912]
(157, 2);6;298;0;stop;1.0;True;False;749;[0.2267527226891564, 0.7670945730991582]
(157, 2);7;136;0;stop;1.0;True;False;464;[0.009707053650617319, 0.9901463502511005]
(157, 2);8;189;0;stop;1.0;True;False;540;[0.03730941365684017, 0.9622224316446095]
(157, 2);9;135;0;stop;1.0;True;False;374;[0.019119017069898644, 0.980618522822137]
(157, 3);0;107;0;stop;1.0;True;False;1202;[0.007575319828615067, 0.9921711913330891]
(157, 3);1;145;0;stop;1.0;True;False;929;[0.07364304934932837, 0.9256348063625379]
(157, 3);2;110;0;stop;1.0;True;False;356;[0.005909896971385671, 0.9938918235702431]
(157, 3);3;77;0;stop;1.0;True;False;1063;[0.006903059908773335, 0.9929842718607489]
(157, 3);4;157;0;stop;1.0;True;False;719;[0.004465244474786328, 0.9948322989934332]
(157, 3);5;135;0;stop;1.0;True;False;727;[0.009410916143534197, 0.9904112517305784]
(157, 3);6;107;0;stop;1.0;True;False;760;[0.008314408062634488, 0.9915207949982272]
(157, 3);7;118;0;stop;1.0;True;False;442;[0.008060034051576423, 0.9916972071608986]
(157, 3);8;276;0;stop;1.0;True;False;703;[0.014921448897181637, 0.982696056557387]
(157, 3);9;118;0;stop;1.0;True;False;541;[0.006096694818370787, 0.9937611298814492]
(158, 0);0;348;1;stop;1.0;True;False;394;[0.21940662469733538, 0.7194066476720471]
(158, 0);1;146;1;stop;1.0;True;False;589;[0.04203118351581255, 0.9566254058782219]
(158, 0);2;78;1;stop;1.0;True;False;482;[0.015904474948007556, 0.9839748536933408]
(158, 0);3;244;1;stop;1.0;True;False;470;[0.32661762038853054, 0.5732318098754589]
(158, 0);4;95;1;stop;1.0;True;False;429;[0.008845076467014212, 0.9908975853229723]
(158, 0);5;25;1;stop;1.0;True;False;424;[0.0028004691806798893, 0.9970363258575043]
(158, 0);6;74;1;stop;1.0;True;False;1474;[0.006287918560735528, 0.9933966647894246]
(158, 0);7;32;1;stop;1.0;True;False;476;[0.0024724060910533228, 0.997439875775865]
(158, 0);8;70;1;stop;1.0;True;False;659;[0.014497301043239992, 0.9850697827693519]
(158, 0);9;27;1;stop;1.0;True;False;406;[0.053386609036316965, 0.9463003334035385]
(158, 1);0;64;1;stop;1.0;True;True;259;[0.9993784716728551, 6.601544714611667e-05]
(158, 1);1;161;1;stop;1.0;True;True;473;[0.9997399529669438, 0.00013550387055263696]
(158, 1);2;170;1;stop;1.0;True;True;353;[0.9994347907595638, 5.6469181496428995e-05]
(158, 1);3;79;1;stop;1.0;True;True;402;[0.9994381248770507, 7.027729992751154e-05]
(158, 1);4;116;1;stop;1.0;True;True;829;[0.9993218018063139, 8.215292878530975e-05]
(158, 1);5;30;1;stop;1.0;True;True;396;[0.9996855056251142, 6.603572248919549e-05]
(158, 1);6;116;1;stop;1.0;True;True;465;[0.9993927592148026, 9.605328287318669e-05]
(158, 1);7;64;1;stop;1.0;True;True;499;[0.9994456266820636, 7.718510308469916e-05]
(158, 1);8;43;1;stop;1.0;True;True;517;[0.9996877691935837, 5.648350826688527e-05]
(158, 1);9;77;1;stop;1.0;True;True;345;[0.999576033177958, 7.25180990586496e-05]
(158, 2);0;227;1;stop;1.0;True;False;478;[0.008286828442857226, 0.9882316127899493]
(158, 2);1;62;1;stop;1.0;True;False;381;[0.009704114881295021, 0.9898467821569044]
(158, 2);2;58;1;stop;1.0;True;False;497;[0.023675771329347766, 0.9757458430666346]
(158, 2);3;107;1;stop;1.0;True;False;615;[0.005553722275539285, 0.994229784594937]
(158, 2);4;112;1;stop;1.0;True;False;248;[0.010010815102977086, 0.9897141141558429]
(158, 2);5;59;1;stop;1.0;True;False;502;[0.01853573125003445, 0.980880186457356]
(158, 2);6;70;1;stop;1.0;True;False;586;[0.007121181370921509, 0.9928439460212416]
(158, 2);7;150;1;stop;1.0;True;False;512;[0.025945186932791617, 0.973586024074576]
(158, 2);8;249;1;stop;1.0;True;False;494;[0.08108772217133146, 0.8994483584866215]
(158, 2);9;104;1;stop;1.0;True;False;436;[0.005909223493786499, 0.9937787892733899]
(158, 3);0;35;1;stop;1.0;True;False;279;[0.0028893366823210826, 0.9970262530951991]
(158, 3);1;74;1;stop;1.0;True;False;443;[0.0035928622349989457, 0.996201337208615]
(158, 3);2;108;1;stop;1.0;True;False;412;[0.010983096843945434, 0.9886667500672117]
(158, 3);3;51;1;stop;1.0;True;False;530;[0.0060957326340659816, 0.9936041073983211]
(158, 3);4;84;1;stop;1.0;True;False;650;[0.02032137635746535, 0.9791386674687392]
(158, 3);5;122;1;stop;1.0;True;False;439;[0.007576031464252946, 0.9922643764240886]
(158, 3);6;67;1;stop;1.0;True;False;569;[0.012815767514394753, 0.9867593502418796]
(158, 3);7;27;1;stop;1.0;True;False;488;[0.006288884091714239, 0.9935492675622785]
(158, 3);8;68;1;stop;1.0;True;False;423;[0.008844717973083586, 0.9908570880078225]
(158, 3);9;47;1;stop;1.0;True;False;449;[0.008057374910298057, 0.9913698688618412]
(159, 0);0;90;2;stop;1.0;True;False;726;[0.008058104933960699, 0.9914598563153257]
(159, 0);1;101;2;stop;1.0;True;False;414;[0.01001057642939106, 0.9896904099724876]
(159, 0);2;99;2;stop;1.0;True;False;841;[0.02297496807301829, 0.9769205850858256]
(159, 0);3;80;2;stop;1.0;True;False;515;[0.00712069581040035, 0.9927762652133802]
(159, 0);4;82;2;stop;1.0;True;False;538;[0.0025505675866690208, 0.9973144131357857]
(159, 0);5;127;2;stop;1.0;True;False;815;[0.012052343798051342, 0.9878283821459217]
(159, 0);6;92;2;stop;1.0;True;False;589;[0.006487450465509391, 0.993386077169016]
(159, 0);7;89;2;stop;1.0;True;False;673;[0.0060966366760353986, 0.9937515939125171]
(159, 0);8;106;2;stop;1.0;True;False;516;[0.0015486521722032503, 0.9983811401778275]
(159, 0);9;115;2;stop;1.0;True;False;399;[0.006691664168638491, 0.9931309865487691]
(159, 1);0;95;2;stop;1.0;True;False;654;[0.002251413296239571, 0.9975558797399414]
(159, 1);1;79;2;stop;1.0;True;False;438;[0.005219844602079359, 0.9947261280284552]
(159, 1);2;104;2;stop;1.0;True;False;607;[0.05339298632527987, 0.9464132889446799]
(159, 1);3;118;2;stop;1.0;True;False;775;[0.008846405130051655, 0.9910462603918774]
(159, 1);4;106;2;stop;1.0;True;False;654;[0.0050597703930294, 0.9948291136579159]
(159, 1);5;87;2;stop;1.0;True;False;368;[0.004608715741898533, 0.9952054929923444]
(159, 1);6;119;2;stop;1.0;True;False;500;[0.006486618378823652, 0.9932588097397074]
(159, 1);7;84;2;stop;1.0;True;False;722;[0.005909840610484879, 0.9938822849587583]
(159, 1);8;112;2;stop;1.0;True;False;580;[0.013635614834124257, 0.9862750982193932]
(159, 1);9;83;2;stop;1.0;True;False;375;[0.015903405661860364, 0.983908723138035]
(159, 2);0;113;2;stop;1.0;True;True;474;[0.9996486944658739, 0.00010887055479452317]
(159, 2);1;119;2;stop;1.0;True;True;405;[0.9997699789999885, 8.218976019406177e-05]
(159, 2);2;109;2;stop;1.0;True;True;488;[0.9997324467414286, 0.00016863600498736857]
(159, 2);3;98;2;stop;1.0;True;True;292;[0.9991858678751279, 0.00015346094736499178]
(159, 2);4;113;2;stop;1.0;True;True;424;[0.9994553911202801, 0.00014420213202411786]
(159, 2);5;101;2;stop;1.0;True;True;391;[0.9997882099621987, 6.604252430930278e-05]
(159, 2);6;80;2;stop;1.0;True;True;359;[0.999312992331757, 0.00019707275174893807]
(159, 2);7;106;2;stop;1.0;True;True;352;[0.9995416120779937, 0.00019711786328458023]
(159, 2);8;102;2;stop;1.0;True;True;413;[0.9997118349965449, 0.00011589939708687224]
(159, 2);9;88;2;stop;1.0;True;True;358;[0.999655365535642, 0.00013549249909243057]
(159, 3);0;112;2;stop;1.0;True;False;441;[0.00806103722149373, 0.991820439270617]
(159, 3);1;133;2;stop;1.0;True;False;557;[0.01590018307113607, 0.9837096911795804]
(159, 3);2;134;2;stop;1.0;True;False;399;[0.010011960815404028, 0.9898272765725679]
(159, 3);3;146;2;stop;1.0;True;False;594;[0.0032727659079176408, 0.99663606233095]
(159, 3);4;107;2;stop;1.0;True;False;681;[0.024419943185183726, 0.9754512941029152]
(159, 3);5;111;2;stop;1.0;True;False;732;[0.004069047360447195, 0.9956632205952219]
(159, 3);6;88;2;stop;1.0;True;False;499;[0.002889440014900754, 0.9970616863809172]
(159, 3);7;93;2;stop;1.0;True;False;537;[0.012429816135956786, 0.9874224588043555]
(159, 3);8;97;2;stop;1.0;True;False;282;[0.005910556433860008, 0.9940028808494672]
(159, 3);9;103;2;stop;1.0;True;False;436;[0.02160685932351302, 0.9780011173447364]
(160, 0);0;143;0;stop;1.0;True;True;623;[0.9986680628833303, 0.0003796226747057433]
(160, 0);1;175;0;stop;1.0;True;True;768;[0.9990148722316661, 0.0003248213738774838]
(160, 0);2;135;0;stop;1.0;True;True;420;[0.9992230019796456, 0.0003052048875076922]
(160, 0);3;151;0;stop;1.0;True;True;642;[0.9993979981108645, 0.0001910258557818807]
(160, 0);4;53;0;stop;1.0;True;True;395;[0.9997864225814329, 8.480011805181931e-05]
(160, 0);5;123;0;stop;1.0;True;True;349;[0.9997689066110691, 0.00012338132572500173]
(160, 0);6;47;0;stop;1.0;True;True;415;[0.9996575098383035, 0.00023779719507708165]
(160, 0);7;23;0;stop;1.0;True;True;376;[0.9997675959037475, 9.026753404874577e-05]
(160, 0);8;67;0;stop;1.0;True;True;440;[0.9993994268896005, 0.00036821232546047495]
(160, 0);9;221;0;stop;1.0;True;True;728;[0.9943516431997689, 0.0016677341860898197]
(160, 1);0;56;0;stop;1.0;True;False;465;[0.020328223486814668, 0.9794686134491574]
(160, 1);1;303;0;stop;1.0;True;False;500;[0.1695098622282681, 0.7596904968629403]
(160, 1);2;156;0;stop;1.0;True;False;651;[0.006288779135513415, 0.9935326754173777]
(160, 1);3;231;0;stop;1.0;True;False;702;[0.0373134256336172, 0.9623259700002713]
(160, 1);4;40;0;stop;1.0;True;False;856;[0.028433497489957982, 0.9714772577311688]
(160, 1);5;104;0;stop;1.0;True;False;1000;[0.0025507415099708455, 0.9973822398403444]
(160, 1);6;226;0;stop;1.0;True;False;659;[0.1549933096873961, 0.837885915908651]
(160, 1);7;73;0;stop;1.0;True;False;536;[0.0060967674970697746, 0.9937726673831849]
(160, 1);8;62;0;stop;1.0;True;False;562;[0.007575829165088367, 0.9922376161697083]
(160, 1);9;24;0;stop;1.0;True;False;567;[0.0024723777967729592, 0.9974284903089017]
(160, 2);0;93;0;stop;1.0;True;False;410;[0.008313801498097998, 0.9914483733656105]
(160, 2);1;54;0;stop;1.0;True;False;1286;[0.01797652248646228, 0.9814849979329712]
(160, 2);2;87;0;stop;1.0;True;False;349;[0.005384184509464997, 0.9944758900682018]
(160, 2);3;142;0;stop;1.0;True;False;619;[0.019715411357171215, 0.9800961899358764]
(160, 2);4;80;0;stop;1.0;True;False;633;[0.010011144481870755, 0.989746693701821]
(160, 2);5;146;0;stop;1.0;True;False;693;[0.005058525599922838, 0.9945847200672353]
(160, 2);6;117;0;stop;1.0;True;False;933;[0.009706109445030793, 0.9900502913102243]
(160, 2);7;307;0;stop;1.0;True;False;878;[0.03513093824575808, 0.9644733236458269]
(160, 2);8;69;0;stop;1.0;True;False;549;[0.008311462872687424, 0.9911696820803285]
(160, 2);9;78;0;stop;1.0;True;False;501;[0.01971506822217084, 0.9800790132849587]
(160, 3);0;70;0;stop;1.0;True;False;891;[0.03620785983780873, 0.9634553229802635]
(160, 3);1;93;0;stop;1.0;True;False;521;[0.01065122465482522, 0.9892278906329228]
(160, 3);2;335;0;stop;1.0;True;False;688;[0.00393459182611633, 0.9933243212284479]
(160, 3);3;217;0;stop;1.0;True;False;647;[0.04377688963411875, 0.9359912342026541]
(160, 3);4;66;0;stop;1.0;True;False;368;[0.012817136459155222, 0.9868649884272872]
(160, 3);5;123;0;stop;1.0;True;False;414;[0.016400278812866344, 0.9834317592296278]
(160, 3);6;103;0;stop;1.0;True;False;793;[0.01281869503407557, 0.9869847006798032]
(160, 3);7;22;0;stop;1.0;True;False;448;[0.0018100744146700108, 0.9981143336047974]
(160, 3);8;107;0;stop;1.0;True;False;587;[0.0071202713965046625, 0.9927170522204886]
(160, 3);9;167;0;stop;1.0;True;False;453;[0.010983196350221252, 0.9886759550243908]
(161, 0);0;47;3;stop;1.0;True;False;400;[0.008843043787951045, 0.9906697434851258]
(161, 0);1;151;3;stop;1.0;True;False;575;[0.03306541438370455, 0.9663131576876176]
(161, 0);2;131;3;stop;1.0;True;False;308;[0.06366915712682834, 0.9356115456447315]
(161, 0);3;98;3;stop;1.0;True;False;772;[0.03729481939461267, 0.9618460980026321]
(161, 0);4;156;3;stop;1.0;True;False;471;[0.005382433841499432, 0.994152488944068]
(161, 0);5;128;3;stop;1.0;True;False;462;[0.006485644137880439, 0.9931097056328436]
(161, 0);6;128;3;stop;1.0;True;False;257;[0.07567334109892578, 0.9218899934494541]
(161, 0);7;91;3;stop;1.0;True;False;383;[0.012815596406580494, 0.9867460019841326]
(161, 0);8;70;3;stop;1.0;True;False;531;[0.06752536717646095, 0.9321589059032491]
(161, 0);9;129;3;stop;1.0;True;False;314;[0.016909861558423424, 0.9827912701561627]
(161, 1);0;121;3;stop;1.0;True;False;371;[0.03112536970712277, 0.968281945700096]
(161, 1);1;62;3;stop;1.0;True;False;355;[0.014951397913455408, 0.9846682026529414]
(161, 1);2;124;3;stop;1.0;True;False;449;[0.016400255352096094, 0.9834302608311334]
(161, 1);3;182;3;stop;1.0;True;False;629;[0.0017539200526378617, 0.9978505182543517]
(161, 1);4;130;3;stop;1.0;True;False;646;[0.015418578768897295, 0.9841939668527984]
(161, 1);5;178;3;stop;1.0;True;False;456;[0.03602412461498709, 0.9585664854810544]
(161, 1);6;132;3;stop;1.0;True;False;554;[0.004330503604525573, 0.9954388520490309]
(161, 1);7;92;3;stop;1.0;True;False;394;[0.004069447076312478, 0.9957607264615828]
(161, 1);8;172;3;stop;1.0;True;False;705;[0.012817875994607599, 0.9869215315227379]
(161, 1);9;146;3;stop;1.0;True;False;419;[0.017976779644518517, 0.9814987786867587]
(161, 2);0;186;3;stop;1.0;True;False;639;[0.009410530228639191, 0.9903705603052962]
(161, 2);1;146;3;stop;1.0;True;False;531;[0.053389918512353245, 0.946358942390814]
(161, 2);2;90;3;stop;1.0;True;False;362;[0.044571355001414376, 0.9529775793314523]
(161, 2);3;187;3;stop;1.0;True;False;544;[0.013219355869214371, 0.9865185570480416]
(161, 2);4;87;3;stop;1.0;True;False;456;[0.02673993731316676, 0.9725370925314818]
(161, 2);5;77;3;stop;1.0;True;False;340;[0.005909189681035183, 0.9937729024660342]
(161, 2);6;107;3;stop;1.0;True;False;531;[0.053365076995444835, 0.9459186441616446]
(161, 2);7;93;3;stop;1.0;True;False;372;[0.01449591162660682, 0.9849755152694479]
(161, 2);8;107;3;stop;1.0;True;False;701;[0.19652972994267778, 0.8019640344108547]
(161, 2);9;120;3;stop;1.0;True;False;264;[0.03512951437698936, 0.9644342907016852]
(161, 3);0;120;3;stop;1.0;True;True;322;[0.9993157304041552, 0.00013974590647079614]
(161, 3);1;95;3;stop;1.0;True;True;412;[0.9994742059847607, 0.00012726036213300777]
(161, 3);2;78;3;stop;1.0;True;True;719;[0.9998352798920728, 5.4753734275042254e-05]
(161, 3);3;115;3;stop;1.0;True;True;425;[0.9996199860349345, 0.00012336285360849182]
(161, 3);4;108;3;stop;1.0;True;True;460;[0.9995339897296976, 0.0001739545766195775]
(161, 3);5;78;3;stop;1.0;True;True;520;[0.9996677549163249, 0.00013132546127490058]
(161, 3);6;79;3;stop;1.0;True;True;438;[0.9996557229239486, 0.00011589287598391568]
(161, 3);7;87;3;stop;1.0;True;True;594;[0.9997126689886925, 0.00017950866899430187]
(161, 3);8;193;3;stop;1.0;True;True;466;[0.9997740302606314, 7.721042888965886e-05]
(161, 3);9;98;3;stop;1.0;True;True;557;[0.9997065928550928, 9.312724895633651e-05]
(162, 0);0;226;1;stop;1.0;True;False;351;[0.008557503738935712, 0.9891127664517236]
(162, 0);1;64;1;stop;1.0;True;False;555;[0.005384323149728928, 0.9945017099262912]
(162, 0);2;44;1;stop;1.0;True;False;654;[0.0060965378353377815, 0.9937353482232563]
(162, 0);3;53;1;stop;1.0;True;False;447;[0.00460930034241274, 0.9953317246009522]
(162, 0);4;78;1;stop;1.0;True;False;267;[0.0043312635709734995, 0.9956138249577128]
(162, 0);5;69;1;stop;1.0;True;False;439;[0.005219558373102669, 0.9946719895856447]
(162, 0);6;138;1;stop;1.0;True;False;371;[0.006487088541084414, 0.9933310259522031]
(162, 0);7;63;1;stop;1.0;True;False;529;[0.0040699011701234395, 0.9958722021817182]
(162, 0);8;79;1;stop;1.0;True;False;511;[0.0062886501917217745, 0.9935124360869011]
(162, 0);9;33;1;stop;1.0;True;False;412;[0.006096191905515152, 0.9936793165848996]
(162, 1);0;77;1;stop;1.0;True;True;725;[0.9998134722644053, 4.1329380437963796e-05]
(162, 1);1;49;1;stop;1.0;True;True;635;[0.9994041895583127, 0.00013129077390044202]
(162, 1);2;67;1;stop;1.0;True;True;487;[0.9994156201489021, 9.310016491053109e-05]
(162, 1);3;209;1;stop;1.0;True;True;556;[0.9978302216317262, 0.0017538849269509449]
(162, 1);4;89;1;stop;1.0;True;True;323;[0.9994672991703987, 5.647101253518858e-05]
(162, 1);5;99;1;stop;1.0;True;True;372;[0.9996799063410222, 0.00011957456161823898]
(162, 1);6;58;1;stop;1.0;True;True;409;[0.9991082759537298, 0.00021639790644964878]
(162, 1);7;122;1;stop;1.0;True;True;512;[0.9997379274618065, 6.813549509288521e-05]
(162, 1);8;54;1;stop;1.0;True;True;475;[0.9988069479828342, 0.00037967535465602585]
(162, 1);9;60;1;stop;1.0;True;True;443;[0.9995297022115971, 0.0001487906666828647]
(162, 2);0;66;1;stop;1.0;True;False;360;[0.006691271707550239, 0.993072907099976]
(162, 2);1;52;1;stop;1.0;True;False;513;[0.011328971562809811, 0.9884254905010509]
(162, 2);2;56;1;stop;1.0;True;False;310;[0.007343998975712041, 0.9924071213692939]
(162, 2);3;34;1;stop;1.0;True;False;495;[0.0011694539845897624, 0.9987823311701614]
(162, 2);4;65;1;stop;1.0;True;False;464;[0.005059731790192092, 0.9948215631193098]
(162, 2);5;226;1;stop;1.0;True;False;398;[0.14191346975554367, 0.8425791030216623]
(162, 2);6;112;1;stop;1.0;True;False;631;[0.003075042050898329, 0.9968183267150943]
(162, 2);7;61;1;stop;1.0;True;False;483;[0.0026312753237482307, 0.9972174324078324]
(162, 2);8;53;1;stop;1.0;True;False;430;[0.009706808333471708, 0.9901215734296853]
(162, 2);9;62;1;stop;1.0;True;False;490;[0.0032727206515150956, 0.9966222087324129]
(162, 3);0;67;1;stop;1.0;True;False;387;[0.012817698746685778, 0.9869081792328452]
(162, 3);1;61;1;stop;1.0;True;False;619;[0.0049036322930827115, 0.9947347390550288]
(162, 3);2;65;1;stop;1.0;True;False;405;[0.0016482298285738059, 0.9981983040573073]
(162, 3);3;43;1;stop;1.0;True;False;180;[0.007814586336936085, 0.9920185429206811]
(162, 3);4;62;1;stop;1.0;True;False;300;[0.00446793232687895, 0.9954307012418624]
(162, 3);5;71;1;stop;1.0;True;False;537;[0.00225163231262548, 0.9976526889723055]
(162, 3);6;61;1;stop;1.0;True;False;557;[0.005910536705282399, 0.993999582915728]
(162, 3);7;88;1;stop;1.0;True;False;463;[0.0012447176173876375, 0.9986543905373626]
(162, 3);8;69;1;stop;1.0;True;False;357;[0.006095782047687309, 0.9936123459653996]
(162, 3);9;62;1;stop;1.0;True;False;318;[0.0031724229077979443, 0.9967458393346115]
(163, 0);0;107;0;stop;1.0;True;True;440;[0.9980487823855454, 0.00023010999482293731]
(163, 0);1;78;0;stop;1.0;True;True;439;[0.9996610836765958, 8.748103295011394e-05]
(163, 0);2;72;0;stop;1.0;True;True;525;[0.9996416661154023, 0.00010227364104079113]
(163, 0);3;75;0;stop;1.0;True;True;361;[0.9992837079556394, 0.0004877455576967666]
(163, 0);4;49;0;stop;1.0;True;True;325;[0.9987149084976435, 0.0001738121302997413]
(163, 0);5;26;0;stop;1.0;True;True;343;[0.9997373317463208, 0.00010553031921229791]
(163, 0);6;105;0;stop;1.0;True;True;508;[0.9996660870949452, 0.00011957296513626033]
(163, 0);7;38;0;stop;1.0;True;True;287;[0.999623440487391, 0.00010227178787843125]
(163, 0);8;78;0;stop;1.0;True;True;614;[0.999530416811215, 0.00011770310523296981]
(163, 0);9;122;0;stop;1.0;True;True;407;[0.999178965030747, 0.00028670088059711224]
(163, 1);0;221;0;stop;1.0;True;False;577;[0.04207263081437441, 0.9575685637616517]
(163, 1);1;75;0;stop;1.0;True;False;564;[0.025951862285340875, 0.9738364840117418]
(163, 1);2;125;0;stop;1.0;True;False;478;[0.015904141262344046, 0.9839545391923105]
(163, 1);3;79;0;stop;1.0;True;False;574;[0.006902223883993282, 0.992864040429479]
(163, 1);4;52;0;stop;1.0;True;False;428;[0.005553801722741953, 0.9942439248572132]
(163, 1);5;73;0;stop;1.0;True;False;520;[0.008314784709943106, 0.991565917374875]
(163, 1);6;61;0;stop;1.0;True;False;641;[0.005059804170753641, 0.9948357205999274]
(163, 1);7;107;0;stop;1.0;True;False;480;[0.002182580615888758, 0.9977553322415488]
(163, 1);8;71;0;stop;1.0;True;False;457;[0.003945007015510585, 0.99595366732066]
(163, 1);9;109;0;stop;1.0;True;False;417;[0.0069025036447926385, 0.9929039969757599]
(163, 2);0;89;0;stop;1.0;True;False;544;[0.0062893699118044275, 0.9936262336068773]
(163, 2);1;275;0;stop;1.0;True;False;547;[0.004193243102912059, 0.9944844966130806]
(163, 2);2;40;0;stop;1.0;True;False;460;[0.00628752579397138, 0.9933349072655395]
(163, 2);3;80;0;stop;1.0;True;False;749;[0.0033764469514113177, 0.9965744936996336]
(163, 2);4;220;0;stop;1.0;True;False;831;[0.017422795010926823, 0.9814484811508511]
(163, 2);5;93;0;stop;1.0;True;False;786;[0.005909840610484879, 0.9938821674043892]
(163, 2);6;99;0;stop;1.0;True;False;448;[0.00970667873446365, 0.9901083678003832]
(163, 2);7;71;0;stop;1.0;True;False;407;[0.0055534495154593655, 0.9941811197772149]
(163, 2);8;139;0;stop;1.0;True;False;266;[0.019710584513723872, 0.9798561183651421]
(163, 2);9;100;0;stop;1.0;True;False;414;[0.010325829898906656, 0.9894493512192445]
(163, 3);0;202;0;stop;1.0;True;False;556;[0.025943535372860465, 0.9735239935278832]
(163, 3);1;93;0;stop;1.0;True;False;730;[0.006288776136790558, 0.993532439928706]
(163, 3);2;213;0;stop;1.0;True;False;445;[0.02930566430651341, 0.9704703618433139]
(163, 3);3;86;0;stop;1.0;True;False;983;[0.029302240869215655, 0.9703569787054326]
(163, 3);4;95;0;stop;1.0;True;False;731;[0.003272772150229174, 0.9966379569999017]
(163, 3);5;57;0;stop;1.0;True;False;411;[0.02297072327928175, 0.9767400645580131]
(163, 3);6;176;0;stop;1.0;True;False;603;[0.008061552307428402, 0.9918841196739415]
(163, 3);7;69;0;stop;1.0;True;False;534;[0.0034831269208235364, 0.9964313759954881]
(163, 3);8;160;0;stop;1.0;True;False;846;[0.02674992927130367, 0.9729005148163676]
(163, 3);9;85;0;stop;1.0;True;False;512;[0.0030749115534735583, 0.9967760410729544]
(164, 0);0;31;2;stop;1.0;True;False;579;[0.0044680921154477094, 0.9954666118330724]
(164, 0);1;135;2;stop;1.0;True;False;428;[0.014057679503169707, 0.9855193897543639]
(164, 0);2;103;2;stop;1.0;True;False;514;[0.012818688921646917, 0.9869843523026354]
(164, 0);3;161;2;stop;1.0;True;False;416;[0.014955982808983696, 0.9849704268534542]
(164, 0);4;63;2;stop;1.0;True;False;489;[0.009124217650532136, 0.9907202884607802]
(164, 0);5;221;2;stop;1.0;True;False;381;[0.06358766284989192, 0.9344139749586013]
(164, 0);6;279;2;stop;1.0;True;False;343;[0.06151587445543632, 0.9326641478327415]
(164, 0);7;290;2;stop;1.0;True;False;375;[0.21000681400836482, 0.4309060295538332]
(164, 0);8;121;2;stop;1.0;True;False;612;[0.00505984277414317, 0.9948435075086138]
(164, 0);9;81;2;stop;1.0;True;False;599;[0.009704596130614295, 0.989895724345593]
(164, 1);0;190;2;stop;1.0;True;False;426;[0.0028891520706447156, 0.9969622664681353]
(164, 1);1;71;2;stop;1.0;True;False;520;[0.004198142724292731, 0.9956463214580471]
(164, 1);2;80;2;stop;1.0;True;False;536;[0.0023229417467239073, 0.9975822157633345]
(164, 1);3;78;2;stop;1.0;True;False;364;[0.003592663508109815, 0.9961458551354623]
(164, 1);4;215;2;stop;1.0;True;False;595;[0.04202572241741945, 0.9565009479322885]
(164, 1);5;84;2;stop;1.0;True;False;340;[0.000910977555585132, 0.9990079716734517]
(164, 1);6;122;2;stop;1.0;True;False;359;[0.025171723050669708, 0.9745455044507376]
(164, 1);7;218;2;stop;1.0;True;False;559;[0.09179090996001776, 0.8985329091187295]
(164, 1);8;211;2;stop;1.0;True;False;409;[0.10558776097012008, 0.8840754261480701]
(164, 1);9;254;2;stop;1.0;True;False;788;[0.04447932780281204, 0.9510099829729369]
(164, 2);0;79;2;stop;1.0;True;True;413;[0.9995842517035216, 0.0002736827957356601]
(164, 2);1;184;2;stop;1.0;True;True;379;[0.9993071591201504, 0.0004877571865956762]
(164, 2);2;232;2;stop;1.0;True;True;550;[0.9975718947687908, 0.001408921281697409]
(164, 2);3;75;2;stop;1.0;True;True;527;[0.9995461378993423, 0.00020337602571432445]
(164, 2);4;185;2;stop;1.0;True;True;380;[0.9867572613769597, 0.006967795326109078]
(164, 2);5;202;2;stop;1.0;True;True;479;[0.9995841326019838, 0.00037997093234372293]
(164, 2);6;220;2;stop;1.0;True;True;456;[0.9878912017669182, 0.011682273020982112]
(164, 2);7;226;2;stop;1.0;True;True;287;[0.9998307514520742, 0.00014883551315661455]
(164, 2);8;103;2;stop;1.0;True;True;486;[0.9997797497496013, 0.00011234115397284297]
(164, 2);9;193;2;stop;1.0;True;True;396;[0.9945107885986846, 0.004064339103694922]
(164, 3);0;65;2;stop;1.0;True;False;619;[0.001133376385404863, 0.9986965977451248]
(164, 3);1;119;2;stop;1.0;True;False;470;[0.03112161497520407, 0.9681651646515896]
(164, 3);2;127;2;stop;1.0;True;False;579;[0.007814724210702567, 0.9920364924036777]
(164, 3);3;105;2;stop;1.0;True;False;307;[0.063673407643496, 0.9356739577394496]
(164, 3);4;75;2;stop;1.0;True;False;278;[0.008574176707204638, 0.9910402887049755]
(164, 3);5;104;2;stop;1.0;True;False;626;[0.004753329995425865, 0.9948535362139878]
(164, 3);6;69;2;stop;1.0;True;False;425;[0.008058204837080273, 0.9914722784755754]
(164, 3);7;173;2;stop;1.0;True;False;385;[0.04854405343522731, 0.9450347966121517]
(164, 3);8;101;2;stop;1.0;True;False;291;[0.015898105794158367, 0.983581084806842]
(164, 3);9;142;2;stop;1.0;True;False;747;[0.0031722640752161672, 0.9966955072261224]
(165, 0);0;71;2;stop;1.0;True;False;527;[0.002980627661324314, 0.996883597856583]
(165, 0);1;48;2;stop;1.0;True;False;460;[0.00475455183062809, 0.9951092759488437]
(165, 0);2;77;2;stop;1.0;True;False;466;[0.006288683177091232, 0.9935176135077642]
(165, 0);3;111;2;stop;1.0;True;False;474;[0.015416843758819614, 0.984083359365219]
(165, 0);4;53;2;stop;1.0;True;False;553;[0.010651443049751115, 0.9892481896296186]
(165, 0);5;283;2;stop;1.0;True;False;419;[0.3064345582259243, 0.6905609575467518]
(165, 0);6;73;2;stop;1.0;True;False;452;[0.006487849533793278, 0.9934473701754302]
(165, 0);7;62;2;stop;1.0;True;False;422;[0.010012318877427382, 0.9898629011265849]
(165, 0);8;98;2;stop;1.0;True;False;472;[0.014956011335284264, 0.9849719303505944]
(165, 0);9;74;2;stop;1.0;True;False;506;[0.004467229325060518, 0.9952743321409971]
(165, 1);0;72;2;stop;1.0;True;False;603;[0.01971586731291868, 0.980118748781453]
(165, 1);1;154;2;stop;1.0;True;False;610;[0.1438088205781039, 0.8538322304357673]
(165, 1);2;56;2;stop;1.0;True;False;406;[0.006486494657576589, 0.993240110144159]
(165, 1);3;73;2;stop;1.0;True;False;574;[0.00806059903996627, 0.991766851062709]
(165, 1);4;92;2;stop;1.0;True;False;234;[0.007120016760309563, 0.9926816924387504]
(165, 1);5;38;2;stop;1.0;True;False;405;[0.0037068129411067475, 0.9961743643184015]
(165, 1);6;103;2;stop;1.0;True;False;458;[0.00857609033219251, 0.9912611561512971]
(165, 1);7;44;2;stop;1.0;True;False;346;[0.002182532742579031, 0.9977334964561971]
(165, 1);8;131;2;stop;1.0;True;False;569;[0.03307455251736756, 0.9665801591159903]
(165, 1);9;205;2;stop;1.0;True;False;569;[0.014062593825102448, 0.985864077414562]
(165, 2);0;78;2;stop;1.0;True;True;345;[0.9994085950659848, 0.0005032911365969471]
(165, 2);1;39;2;stop;1.0;True;True;553;[0.9998336115147581, 7.966613731288755e-05]
(165, 2);2;163;2;stop;1.0;True;True;530;[0.9992190742200567, 0.00021642184705641238]
(165, 2);3;127;2;stop;1.0;True;True;545;[0.9993097781077176, 0.00017391559542503923]
(165, 2);4;76;2;stop;1.0;True;True;417;[0.9997586594489113, 0.00012729653402447982]
(165, 2);5;55;2;stop;1.0;True;True;576;[0.9996352334686389, 9.312058821463449e-05]
(165, 2);6;80;2;stop;1.0;True;True;444;[0.9996700184155075, 0.00010887283901362774]
(165, 2);7;48;2;stop;1.0;True;True;429;[0.999750795485941, 7.253082536653083e-05]
(165, 2);8;116;2;stop;1.0;True;True;548;[0.998965976104418, 0.00016850675218953124]
(165, 2);9;47;2;stop;1.0;True;True;446;[0.9997690257637202, 6.01312557516906e-05]
(165, 3);0;75;2;stop;1.0;True;False;517;[0.006691364236952587, 0.9930863094992138]
(165, 3);1;57;2;stop;1.0;True;False;407;[0.009123669470482107, 0.9906607349365348]
(165, 3);2;106;2;stop;1.0;True;False;643;[0.006692034315633983, 0.9931857806354983]
(165, 3);3;95;2;stop;1.0;True;False;377;[0.005554553879234697, 0.9943787531121877]
(165, 3);4;77;2;stop;1.0;True;False;894;[0.007345207227695862, 0.9925706949540324]
(165, 3);5;51;2;stop;1.0;True;False;525;[0.00781350206318837, 0.9918811876511104]
(165, 3);6;45;2;stop;1.0;True;False;468;[0.0016482274707638096, 0.9981966411568881]
(165, 3);7;43;2;stop;1.0;True;False;387;[0.01242822780192895, 0.9872962496398126]
(165, 3);8;166;2;stop;1.0;True;False;444;[0.008567756100786505, 0.9902981894845932]
(165, 3);9;54;2;stop;1.0;True;False;512;[0.006486426611896561, 0.9932295260423438]
(166, 0);0;116;2;stop;1.0;True;False;534;[0.0073437188297273215, 0.9923692009931383]
(166, 0);1;190;2;stop;1.0;True;False;706;[0.005058940496927844, 0.9946662105025896]
(166, 0);2;97;2;stop;1.0;True;False;669;[0.003823845235849404, 0.9960091282540136]
(166, 0);3;94;2;stop;1.0;True;False;703;[0.012430705217482928, 0.987493014633786]
(166, 0);4;90;2;stop;1.0;True;False;333;[0.005910139329383977, 0.9939328045415848]
(166, 0);5;47;2;stop;1.0;True;False;469;[0.0032716924074559207, 0.9963090068853365]
(166, 0);6;81;2;stop;1.0;True;False;412;[0.003944536762056841, 0.9958347258089606]
(166, 0);7;66;2;stop;1.0;True;False;648;[0.017437630811177773, 0.9822839868168116]
(166, 0);8;54;2;stop;1.0;True;False;393;[0.004608819030581062, 0.9952275723694372]
(166, 0);9;120;2;stop;1.0;True;False;680;[0.015903185746672807, 0.9838953355542349]
(166, 1);0;60;2;stop;1.0;True;False;571;[0.0028004852051389246, 0.9970418956227052]
(166, 1);1;91;2;stop;1.0;True;False;495;[0.006487617514362043, 0.9934119580125254]
(166, 1);2;105;2;stop;1.0;True;False;507;[0.0017543742409348395, 0.9981086331712563]
(166, 1);3;109;2;stop;1.0;True;False;619;[0.010327474558825035, 0.9896066972796699]
(166, 1);4;177;2;stop;1.0;True;False;777;[0.003944459645840965, 0.9958153382579533]
(166, 1);5;121;2;stop;1.0;True;False;538;[0.01639607205134687, 0.9831797965967262]
(166, 1);6;140;2;stop;1.0;True;False;577;[0.007120193307103374, 0.9927061269937795]
(166, 1);7;119;2;stop;1.0;True;False;483;[0.006692066225816319, 0.9931906020863646]
(166, 1);8;88;2;stop;1.0;True;False;440;[0.025171044900876776, 0.9745193509324458]
(166, 1);9;87;2;stop;1.0;True;False;744;[0.002182392250885078, 0.997669181745556]
(166, 2);0;47;2;stop;1.0;True;True;351;[0.9996299921070684, 0.00011588989187273452]
(166, 2);1;249;2;stop;1.0;True;True;554;[0.9998438602162785, 7.484012378325419e-05]
(166, 2);2;228;2;stop;1.0;True;True;432;[0.9995258911192296, 0.0003569287225032312]
(166, 2);3;69;2;stop;1.0;True;True;336;[0.999718626070755, 0.00016863375346882424]
(166, 2);4;123;2;stop;1.0;True;True;406;[0.9994534858012137, 0.0003052753336235951]
(166, 2);5;93;2;stop;1.0;True;True;345;[0.9996641810250884, 0.00010887221604002815]
(166, 2);6;76;2;stop;1.0;True;True;405;[0.9996583437269434, 8.478928193714207e-05]
(166, 2);7;65;2;stop;1.0;True;True;420;[0.9996648958081323, 0.00010887231986871387]
(166, 2);8;58;2;stop;1.0;True;True;512;[0.9996247508020727, 0.00010227188541245516]
(166, 2);9;63;2;stop;1.0;True;True;391;[0.9995728172642147, 0.000277989491292634]
(166, 3);0;94;2;stop;1.0;True;False;480;[0.006690990936506341, 0.993030938718313]
(166, 3);1;213;2;stop;1.0;True;False;271;[0.011682813376039854, 0.9879368094690262]
(166, 3);2;77;2;stop;1.0;True;False;648;[0.002714498068284336, 0.9971060108679232]
(166, 3);3;91;2;stop;1.0;True;False;776;[0.0024723848703126937, 0.9974314554504303]
(166, 3);4;74;2;stop;1.0;True;False;568;[0.008575284758516785, 0.9911681598917407]
(166, 3);5;94;2;stop;1.0;True;False;329;[0.014497992344904884, 0.9851168648547705]
(166, 3);6;52;2;stop;1.0;True;False;497;[0.006691689695360186, 0.9931348666180128]
(166, 3);7;88;2;stop;1.0;True;False;487;[0.012050234831621032, 0.9876555538129326]
(166, 3);8;102;2;stop;1.0;True;False;469;[0.02842722753784703, 0.9712630941946789]
(166, 3);9;120;2;stop;1.0;True;False;542;[0.006095799487884589, 0.9936151706723538]
(167, 0);0;82;1;stop;1.0;True;False;406;[0.0023956149559938664, 0.997138723695423]
(167, 0);1;131;1;stop;1.0;True;False;436;[0.012426746330026668, 0.9871786693378622]
(167, 0);2;161;1;stop;1.0;True;False;689;[0.0330690567193124, 0.9664194727415878]
(167, 0);3;100;1;stop;1.0;True;False;511;[0.009707359148560395, 0.9901773219192248]
(167, 0);4;76;1;stop;1.0;True;False;460;[0.0015483826596188594, 0.9982074502915436]
(167, 0);5;214;1;stop;1.0;True;False;482;[0.008844878239162546, 0.9908753468467157]
(167, 0);6;68;1;stop;1.0;True;False;287;[0.02095914412733458, 0.9787976384132335]
(167, 0);7;77;1;stop;1.0;True;False;374;[0.005910153420270986, 0.9939349243328593]
(167, 0);8;124;1;stop;1.0;True;False;490;[0.004903686072761632, 0.9947457088419258]
(167, 0);9;125;1;stop;1.0;True;False;519;[0.006097078571691231, 0.9938236464931056]
(167, 1);0;44;1;stop;1.0;True;True;432;[0.9998889092831814, 8.48088526446476e-05]
(167, 1);1;171;1;stop;1.0;True;True;470;[0.9991412391216871, 0.0004171314072283839]
(167, 1);2;64;1;stop;1.0;True;True;502;[0.9995844899357318, 0.0001253011144307113]
(167, 1);3;119;1;stop;1.0;True;True;616;[0.9995654326438003, 0.00020658267231499103]
(167, 1);4;154;1;stop;1.0;True;True;469;[0.999820860535958, 0.00012730442523234]
(167, 1);5;255;1;stop;1.0;True;True;500;[0.9995991407002975, 0.00013548487557963728]
(167, 1);6;77;1;stop;1.0;True;True;597;[0.9996136727781878, 0.00014422496246158]
(167, 1);7;53;1;stop;1.0;True;True;475;[0.9998400467184467, 9.609625454693645e-05]
(167, 1);8;129;1;stop;1.0;True;True;365;[0.9994904016774451, 0.00015350778707630446]
(167, 1);9;139;1;stop;1.0;True;True;496;[0.9994370531785955, 0.0001272556289884133]
(167, 2);0;196;1;stop;1.0;True;False;371;[0.012816170848996118, 0.9867904585863299]
(167, 2);1;62;1;stop;1.0;True;False;334;[0.04083126157987149, 0.9588148692819543]
(167, 2);2;82;1;stop;1.0;True;False;329;[0.017430913657728152, 0.9819057070733024]
(167, 2);3;104;1;stop;1.0;True;False;625;[0.015423203965639018, 0.9844893146781519]
(167, 2);4;151;1;stop;1.0;True;False;561;[0.02594495805866081, 0.9735773232029779]
(167, 2);5;162;1;stop;1.0;True;False;603;[0.015903959254932945, 0.9839432293067701]
(167, 2);6;101;1;stop;1.0;True;False;433;[0.01242822780192895, 0.9872965981270712]
(167, 2);7;166;1;stop;1.0;True;False;401;[0.024418685629243386, 0.975400934024879]
(167, 2);8;126;1;stop;1.0;True;False;496;[0.023684324660799776, 0.9760983774434536]
(167, 2);9;111;1;stop;1.0;True;False;405;[0.00781364364365961, 0.9918991318774806]
(167, 3);0;145;1;stop;0.7;False;True;676;[0.994945927082261, 0.0047537719960264405]
(167, 3);1;160;1;stop;0.7;False;True;548;[0.9998100164859848, 0.00012532943829123366]
(167, 3);2;42;1;stop;0.7;False;True;408;[0.9994738487777026, 0.00037992889992048766]
(167, 3);3;110;1;stop;0.7;False;True;324;[0.999479922071357, 8.477416221097455e-05]
(167, 3);4;195;1;stop;0.3;True;False;606;[0.060042627539491786, 0.9392247619463068]
(167, 3);5;106;1;stop;0.7;False;True;719;[0.999163017430756, 0.000606935928980668]
(167, 3);6;253;1;stop;0.3;True;False;440;[0.03407435488836541, 0.9651612186341996]
(167, 3);7;101;1;stop;0.7;False;True;1019;[0.9992390705280706, 0.00047271824092818025]
(167, 3);8;237;1;stop;0.3;True;False;765;[0.19871936925485947, 0.7859503048870635]
(167, 3);9;117;1;stop;0.7;False;True;437;[0.9965209825070667, 0.0029795434264930187]
(168, 0);0;79;1;stop;1.0;True;False;422;[0.005728975438950063, 0.9940494076446724]
(168, 0);1;117;1;stop;1.0;True;False;419;[0.008311189415396828, 0.9911368913876177]
(168, 0);2;176;1;stop;1.0;True;False;531;[0.03307888987503926, 0.9667068072561489]
(168, 0);3;63;1;stop;1.0;True;False;319;[0.00857649519220423, 0.9913082461105507]
(168, 0);4;56;1;stop;1.0;True;False;457;[0.06369991905339872, 0.936063400605856]
(168, 0);5;132;1;stop;1.0;True;False;423;[0.009105124739804182, 0.9886469408701615]
(168, 0);6;60;1;stop;1.0;True;False;312;[0.008845249392810776, 0.9909167816137957]
(168, 0);7;46;1;stop;1.0;True;False;310;[0.0028890046653134343, 0.9969114385497402]
(168, 0);8;72;1;stop;1.0;True;False;502;[0.0071199216984645375, 0.9926686532794992]
(168, 0);9;117;1;stop;1.0;True;False;511;[0.016891124889492865, 0.9817024302515803]
(168, 1);0;81;1;stop;1.0;True;True;533;[0.9995291067365475, 0.00013130717725678281]
(168, 1);1;72;1;stop;1.0;True;True;505;[0.9994274081769091, 0.00014877534250561672]
(168, 1);2;80;1;stop;1.0;True;True;435;[0.9995877059161213, 6.202878618864914e-05]
(168, 1);3;191;1;stop;1.0;True;True;474;[0.9993241827492816, 0.00017391808332538274]
(168, 1);4;82;1;stop;1.0;True;True;382;[0.9994493180920381, 0.00010225394071797834]
(168, 1);5;101;1;stop;1.0;True;True;358;[0.9995000479270162, 5.1419158301840003e-05]
(168, 1);6;49;1;stop;1.0;True;True;283;[0.9998287255883831, 4.264196646269883e-05]
(168, 1);7;189;1;stop;1.0;True;True;319;[0.9978562159359143, 0.0013239358900539579]
(168, 1);8;100;1;stop;1.0;True;True;308;[0.9979693485081026, 0.00026072814592389244]
(168, 1);9;78;1;stop;1.0;True;True;497;[0.9989703776452159, 0.00018506934444859416]
(168, 2);0;47;1;stop;1.0;True;False;479;[0.003824080455426684, 0.9960706271695403]
(168, 2);1;135;1;stop;1.0;True;False;404;[0.0021822985947800248, 0.9976264681565417]
(168, 2);2;148;1;stop;1.0;True;False;617;[0.018544213755501908, 0.9813290757316253]
(168, 2);3;131;1;stop;1.0;True;False;348;[0.022946983336272393, 0.975730634610747]
(168, 2);4;183;1;stop;1.0;True;False;486;[0.04463870433976381, 0.9544175752189556]
(168, 2);5;127;1;stop;1.0;True;False;502;[0.054924154036460664, 0.9436007702669124]
(168, 2);6;190;1;stop;1.0;True;False;461;[0.01363472409362672, 0.9862105122569967]
(168, 2);7;78;1;stop;1.0;True;False;629;[0.0330818238285011, 0.9667927084092688]
(168, 2);8;83;1;stop;1.0;True;False;621;[0.0033759993968034367, 0.9964425020700287]
(168, 2);9;80;1;stop;1.0;True;False;492;[0.019711124948631295, 0.9798830155903128]
(168, 3);0;61;1;stop;0.9;True;False;433;[0.020325960238397285, 0.9793595202577995]
(168, 3);1;55;1;stop;0.9;True;False;305;[0.00805823941921793, 0.9914764964867404]
(168, 3);2;78;1;stop;0.9;True;False;387;[0.003375476251704423, 0.9962879443488725]
(168, 3);3;167;1;stop;0.9;True;False;501;[0.0736693557377631, 0.9259653395483233]
(168, 3);4;200;1;stop;0.9;True;False;135;[0.10362508143451425, 0.8951840834528153]
(168, 3);5;236;1;stop;0.1;False;True;545;[0.9990077337240185, 0.0009109771211972868]
(168, 3);6;284;1;stop;0.9;True;False;772;[0.2530037658915911, 0.732090649026088]
(168, 3);7;80;1;stop;0.9;True;False;636;[0.004068634103289324, 0.9955620706800747]
(168, 3);8;116;1;stop;0.9;True;False;485;[0.008845266263801202, 0.9909185378239612]
(168, 3);9;97;1;stop;0.9;True;False;713;[0.010324180577947793, 0.989291121725936]
(169, 0);0;138;3;stop;1.0;True;False;596;[0.01243065779819617, 0.9874896440323611]
(169, 0);1;106;3;stop;1.0;True;False;534;[0.002182444283791306, 0.9976930317321118]
(169, 0);2;108;3;stop;1.0;True;False;792;[0.014059449265682195, 0.985643291696273]
(169, 0);3;132;3;stop;1.0;True;False;640;[0.01363482811871298, 0.9862179336042359]
(169, 0);4;31;3;stop;1.0;True;False;518;[0.0010321428683962778, 0.9988824711017007]
(169, 0);5;97;3;stop;1.0;True;False;589;[0.003272522467054502, 0.9965619442694731]
(169, 0);6;55;3;stop;1.0;True;False;468;[0.0037067493099915416, 0.9961575662114404]
(169, 0);7;50;3;stop;1.0;True;False;525;[0.0022515990293509253, 0.997638214060235]
(169, 0);8;260;3;stop;1.0;True;False;410;[0.01406079014318595, 0.9857376864507447]
(169, 0);9;74;3;stop;1.0;True;False;535;[0.0049046261432712495, 0.9949364867672901]
(169, 1);0;199;3;stop;0.9;True;False;645;[0.37692408989128334, 0.621442764443046]
(169, 1);1;87;3;stop;0.9;True;False;439;[0.006487295794481022, 0.9933624326001349]
(169, 1);2;41;3;stop;0.9;True;False;502;[0.004904661224016591, 0.9949434488519188]
(169, 1);3;69;3;stop;0.9;True;False;528;[0.008060379958134615, 0.9917395315756263]
(169, 1);4;115;3;stop;0.1;False;True;458;[0.9952001797968145, 0.0004154861461074777]
(169, 1);5;85;3;stop;0.9;True;False;509;[0.004069235571278893, 0.9957091935972762]
(169, 1);6;87;3;stop;0.9;True;False;564;[0.0047540712197603596, 0.9950083569871906]
(169, 1);7;114;3;stop;0.9;True;False;292;[0.042058389351727114, 0.9572444688257787]
(169, 1);8;49;3;stop;0.9;True;False;403;[0.01854283878681397, 0.9812561830694084]
(169, 1);9;185;3;stop;0.9;True;False;1188;[0.1731588942919517, 0.8260949073709809]
(169, 2);0;147;3;stop;1.0;True;False;326;[0.00857575091883009, 0.9912220342363481]
(169, 2);1;90;3;stop;1.0;True;False;320;[0.007120335905786475, 0.99272598100377]
(169, 2);2;54;3;stop;1.0;True;False;454;[0.01322055358468583, 0.9866080140966516]
(169, 2);3;125;3;stop;1.0;True;False;637;[0.028427213982691865, 0.97126275588958]
(169, 2);4;75;3;stop;1.0;True;False;367;[0.003824022105034836, 0.9960553700120269]
(169, 2);5;153;3;stop;1.0;True;False;580;[0.010984044808765503, 0.98875240082279]
(169, 2);6;75;3;stop;1.0;True;False;238;[0.014954399684606594, 0.9848657720303838]
(169, 2);7;34;3;stop;1.0;True;False;291;[0.0008558756281442364, 0.9991150587988574]
(169, 2);8;185;3;stop;1.0;True;False;541;[0.005907248589999457, 0.9934465467300048]
(169, 2);9;33;3;stop;1.0;True;False;385;[0.007814698126289907, 0.9920330896637884]
(169, 3);0;90;3;stop;1.0;True;True;588;[0.9994281226161319, 0.00011954446011801157]
(169, 3);1;77;3;stop;1.0;True;True;387;[0.9998625705776293, 7.484155125894539e-05]
(169, 3);2;77;3;stop;1.0;True;True;584;[0.9996563185617119, 0.00010227520162461271]
(169, 3);3;42;3;stop;1.0;True;True;400;[0.9996701375272788, 7.252494608807754e-05]
(169, 3);4;78;3;stop;1.0;True;True;456;[0.9998075140497616, 8.21928171591821e-05]
(169, 3);5;150;3;stop;1.0;True;True;720;[0.9994295514961096, 0.0001633982154035015]
(169, 3);6;123;3;stop;1.0;True;True;756;[0.9992720423155108, 0.00016855834496646972]
(169, 3);7;82;3;stop;1.0;True;True;629;[0.9997287532382807, 4.538763515137516e-05]
(169, 3);8;65;3;stop;1.0;True;True;321;[0.9993796622693111, 0.00012724822621781623]
(169, 3);9;93;3;stop;1.0;True;True;550;[0.9989785862775494, 0.00010545013836866013]
(170, 0);0;89;0;stop;1.0;True;True;459;[0.9996987297090021, 0.00020340706080082088]
(170, 0);1;61;0;stop;1.0;True;True;571;[0.99983468404583, 4.3995861483768885e-05]
(170, 0);2;66;0;stop;1.0;True;True;662;[0.9996515534986358, 0.00010552126186104968]
(170, 0);3;48;0;stop;1.0;True;True;511;[0.9998914121268349, 5.475681517829392e-05]
(170, 0);4;58;0;stop;1.0;True;True;573;[0.9996852673397341, 0.00011589630228040046]
(170, 0);5;39;0;stop;1.0;True;True;339;[0.9997270852278453, 7.029761042362245e-05]
(170, 0);6;59;0;stop;1.0;True;True;360;[0.9998125189430205, 6.013383636060413e-05]
(170, 0);7;57;0;stop;1.0;True;True;369;[0.9994599161149075, 0.00011954833640121896]
(170, 0);8;51;0;stop;1.0;True;True;362;[0.9999078597062382, 4.5395730172275184e-05]
(170, 0);9;42;0;stop;1.0;True;True;449;[0.9997189834816779, 0.00015354277981177074]
(170, 1);0;78;0;stop;1.0;True;False;479;[0.013221669448837346, 0.9866909879313283]
(170, 1);1;62;0;stop;1.0;True;False;357;[0.006288266374688007, 0.993451487875407]
(170, 1);2;57;0;stop;1.0;True;False;480;[0.003944346795559619, 0.9957872042813418]
(170, 1);3;87;0;stop;1.0;True;False;522;[0.009707521158946564, 0.9901940355507886]
(170, 1);4;201;0;stop;1.0;True;False;401;[0.015419902212923603, 0.9842788460301481]
(170, 1);5;87;0;stop;1.0;True;False;370;[0.002631136056860778, 0.9971645634692728]
(170, 1);6;222;0;stop;1.0;True;False;407;[0.0957590321975313, 0.7771123888163328]
(170, 1);7;67;0;stop;1.0;True;False;440;[0.015897673693998075, 0.9835544451462644]
(170, 1);8;62;0;stop;1.0;True;False;477;[0.006096595976730547, 0.9937448840362959]
(170, 1);9;37;0;stop;1.0;True;False;462;[0.002800630764840985, 0.9970935664106348]
(170, 2);0;85;0;stop;1.0;True;False;380;[0.020325175187535665, 0.9793217910712747]
(170, 2);1;91;0;stop;1.0;True;False;399;[0.003945063449692265, 0.9959680936745823]
(170, 2);2;63;0;stop;1.0;True;False;408;[0.0229706356530936, 0.9767361985103598]
(170, 2);3;87;0;stop;1.0;True;False;528;[0.006691973686706741, 0.9931770789587153]
(170, 2);4;67;0;stop;1.0;True;False;399;[0.006486884387495829, 0.9932997387077889]
(170, 2);5;57;0;stop;1.0;True;False;324;[0.007571773484487011, 0.9917067026351088]
(170, 2);6;160;0;stop;1.0;True;False;377;[0.020961987641293006, 0.9789305953818962]
(170, 2);7;62;0;stop;1.0;True;False;462;[0.01065023431542774, 0.9891359750097196]
(170, 2);8;155;0;stop;1.0;True;False;357;[0.012052315063058764, 0.9878262882580199]
(170, 2);9;50;0;stop;1.0;True;False;478;[0.033084190109554275, 0.9668617964523484]
(170, 3);0;60;0;stop;1.0;True;False;642;[0.00572889894938639, 0.9940360973224384]
(170, 3);1;50;0;stop;1.0;True;False;431;[0.0037065743300567946, 0.9961104870977173]
(170, 3);2;82;0;stop;1.0;True;False;606;[0.009409650760801084, 0.9902783153201775]
(170, 3);3;234;0;stop;1.0;True;False;404;[0.08017203215726307, 0.8892911684743311]
(170, 3);4;65;0;stop;1.0;True;False;418;[0.008060310775635396, 0.9917313242386153]
(170, 3);5;34;0;stop;1.0;True;False;277;[0.020959903692600704, 0.9788332725808667]
(170, 3);6;237;0;stop;1.0;True;False;103;[0.017247062669669893, 0.9715490421289925]
(170, 3);7;59;0;stop;1.0;True;False;375;[0.006095755887484945, 0.9936079911667425]
(170, 3);8;30;0;stop;1.0;True;False;503;[0.016910337296885, 0.9828189033216999]
(170, 3);9;65;0;stop;1.0;True;False;500;[0.004608766287134802, 0.9952163553562433]
(171, 0);0;73;2;stop;1.0;True;False;547;[0.00648674519555094, 0.9932784504755737]
(171, 0);1;49;2;stop;1.0;True;False;420;[0.004331021936746667, 0.9955582900723489]
(171, 0);2;48;2;stop;1.0;True;False;440;[0.0028004451441632594, 0.9970275565524048]
(171, 0);3;83;2;stop;1.0;True;False;700;[0.01205066578930707, 0.9876910220171632]
(171, 0);4;84;2;stop;1.0;True;False;412;[0.010985909552888477, 0.9889201345163007]
(171, 0);5;59;2;stop;1.0;True;False;297;[0.00831481246357761, 0.9915691993845943]
(171, 0);6;80;2;stop;1.0;True;False;618;[0.0033761442820885775, 0.9964851143886073]
(171, 0);7;96;2;stop;1.0;True;False;802;[0.005058870540978038, 0.994652529258267]
(171, 0);8;88;2;stop;1.0;True;False;605;[0.006486618378823652, 0.9932586917965596]
(171, 0);9;148;2;stop;1.0;True;False;804;[0.006097189050609697, 0.9938416614958075]
(171, 1);0;43;2;stop;0.5;False;True;1185;[0.9998527982038293, 8.48057792594034e-05]
(171, 1);1;82;2;stop;0.5;False;True;1036;[0.9995033824367375, 0.00023776045938035158]
(171, 1);2;67;2;stop;0.5;True;False;838;[0.004197882494400458, 0.9955847569459507]
(171, 1);3;66;2;stop;0.5;True;False;920;[0.0031722701258354844, 0.9966977570625432]
(171, 1);4;70;2;stop;0.5;True;False;388;[0.07804597216741303, 0.9215417036755778]
(171, 1);5;85;2;stop;0.5;True;False;1416;[0.004609091548002644, 0.9952868493670164]
(171, 1);6;70;2;stop;0.5;False;True;447;[0.9997293489777506, 0.00018520988850800386]
(171, 1);7;78;2;stop;0.5;False;True;799;[0.9996080743037288, 0.00012727735435877677]
(171, 1);8;90;2;stop;0.5;True;False;1157;[0.01168637923181782, 0.9882384814784849]
(171, 1);9;163;2;stop;0.5;False;True;409;[0.9994349098433074, 0.00019709680994969549]
(171, 2);0;88;2;stop;1.0;True;True;624;[0.9997653319944948, 0.00014882571957701174]
(171, 2);1;61;2;stop;1.0;True;True;367;[0.9997196983330024, 0.00016863391429058048]
(171, 2);2;106;2;stop;1.0;True;True;435;[0.9995389918719382, 0.00023045347070190967]
(171, 2);3;75;2;stop;1.0;True;True;634;[0.9994877817510776, 0.0003052858146003359]
(171, 2);4;88;2;stop;1.0;True;True;414;[0.9997636638502868, 0.00014882543571474968]
(171, 2);5;101;2;stop;1.0;True;True;574;[0.9998035816792646, 8.749346466708108e-05]
(171, 2);6;95;2;stop;1.0;True;True;632;[0.9997124306968378, 0.00010887740759561388]
(171, 2);7;46;2;stop;1.0;True;True;323;[0.9995827032682687, 0.0002453272046282024]
(171, 2);8;82;2;stop;1.0;True;True;537;[0.9991715862570766, 0.0002610421307994482]
(171, 2);9;115;2;stop;1.0;True;True;646;[0.9995994980394108, 8.478426868100458e-05]
(171, 3);0;84;2;stop;1.0;True;False;619;[0.002396493559787808, 0.9975046355584983]
(171, 3);1;58;2;stop;1.0;True;False;422;[0.01406169530779361, 0.9858010515915129]
(171, 3);2;91;2;stop;1.0;True;False;508;[0.010011788950181205, 0.989810458511638]
(171, 3);3;92;2;stop;1.0;True;False;539;[0.001987385457196007, 0.9978169280578717]
(171, 3);4;111;2;stop;1.0;True;False;491;[0.009409439880221113, 0.9902561045757665]
(171, 3);5;32;2;stop;1.0;True;False;340;[0.0035932271673074704, 0.9963023804161499]
(171, 3);6;128;2;stop;1.0;True;False;337;[0.024411723667363296, 0.975122803118876]
(171, 3);7;55;2;stop;1.0;True;False;382;[0.01450277014038562, 0.9854413593060329]
(171, 3);8;76;2;stop;1.0;True;False;376;[0.004904969945395379, 0.9950061144392552]
(171, 3);9;99;2;stop;1.0;True;False;436;[0.002714434644721589, 0.9970828999229056]
(172, 0);0;49;0;stop;1.0;True;True;405;[0.9998159747300905, 7.721366883616676e-05]
(172, 0);1;49;0;stop;1.0;True;True;274;[0.9998738924837743, 7.966932834985432e-05]
(172, 0);2;51;0;stop;1.0;True;True;465;[0.9998574460087201, 4.539347900551365e-05]
(172, 0);3;116;0;stop;1.0;True;True;515;[0.9997955978579356, 9.027011666055498e-05]
(172, 0);4;58;0;stop;1.0;True;True;581;[0.9998097781709263, 3.535079129855327e-05]
(172, 0);5;53;0;stop;1.0;True;True;416;[0.9998731774057923, 7.96692523712983e-05]
(172, 0);6;118;0;stop;1.0;True;True;611;[0.9998601870569845, 6.604724820768237e-05]
(172, 0);7;175;0;stop;1.0;True;True;424;[0.9997867800602402, 0.0001355102028020838]
(172, 0);8;144;0;stop;1.0;True;True;750;[0.9998284872543157, 0.00011591288256531427]
(172, 0);9;71;0;stop;1.0;True;True;394;[0.9998519639783835, 8.48056983823484e-05]
(172, 1);0;93;0;stop;1.0;True;False;578;[0.0009697139137334644, 0.9989910778697317]
(172, 1);1;67;0;stop;1.0;True;False;582;[0.006902177806831571, 0.9928574599895903]
(172, 1);2;52;0;stop;1.0;True;False;379;[0.004330850529186657, 0.9955185920083427]
(172, 1);3;73;0;stop;1.0;True;False;498;[0.0007793178146357587, 0.9991586141106332]
(172, 1);4;72;0;stop;1.0;True;False;655;[0.0038238543526177503, 0.9960117297278368]
(172, 1);5;74;0;stop;1.0;True;False;612;[0.002889346326538827, 0.9970293342711414]
(172, 1);6;84;0;stop;1.0;True;False;370;[0.0039448941495690915, 0.9959250526867068]
(172, 1);7;64;0;stop;1.0;True;False;435;[0.0014548712536512395, 0.9984133423952352]
(172, 1);8;72;0;stop;1.0;True;False;351;[0.004198314885241083, 0.9956873293343005]
(172, 1);9;143;0;stop;1.0;True;False;283;[0.00970726194362653, 0.9901677378061049]
(172, 2);0;54;0;stop;1.0;True;False;449;[0.002050448377967837, 0.9978057715359853]
(172, 2);1;86;0;stop;1.0;True;False;555;[0.001987383561878443, 0.9978159785568479]
(172, 2);2;49;0;stop;1.0;True;False;353;[0.0024723648286693405, 0.9974230349638489]
(172, 2);3;42;0;stop;1.0;True;False;507;[0.007814396298704623, 0.9919944943746509]
(172, 2);4;100;0;stop;1.0;True;False;452;[0.019115110981114222, 0.9804180709390234]
(172, 2);5;78;0;stop;1.0;True;False;479;[0.0021824983993297864, 0.9977177136875144]
(172, 2);6;58;0;stop;1.0;True;False;442;[0.01363309880473099, 0.9860928436051825]
(172, 2);7;92;0;stop;1.0;True;False;457;[0.002115610237618714, 0.9978401916960148]
(172, 2);8;202;0;stop;1.0;True;False;637;[0.009125279299199164, 0.9908353192162751]
(172, 2);9;64;0;stop;1.0;True;False;393;[0.004608926716991397, 0.9952511876448747]
(172, 3);0;55;0;stop;0.9;True;False;310;[0.0012064642527961813, 0.9986894639532404]
(172, 3);1;87;0;stop;0.9;True;False;847;[0.002800744279950701, 0.9971339824442798]
(172, 3);2;64;0;stop;0.9;True;False;625;[0.019122349498698617, 0.9807893561270111]
(172, 3);3;70;0;stop;0.9;True;False;387;[0.0069026484666016635, 0.9929250339776389]
(172, 3);4;68;0;stop;0.9;True;False;567;[0.0017005624230011977, 0.998205312207835]
(172, 3);5;82;0;stop;0.9;True;False;874;[0.0032726769562719717, 0.9966089477272052]
(172, 3);6;59;0;stop;0.9;True;False;735;[0.004467659634253268, 0.9953701081274128]
(172, 3);7;60;0;stop;0.9;True;False;808;[0.0066918556214247815, 0.9931592059583467]
(172, 3);8;73;0;stop;0.1;False;True;599;[0.9998091823398811, 6.604390995114162e-05]
(172, 3);9;65;0;stop;0.9;True;False;1023;[0.012430562960165323, 0.9874818553660102]
(173, 0);0;95;0;stop;1.0;True;True;358;[0.9995566188978895, 0.0001851779212526975]
(173, 0);1;53;0;stop;1.0;True;True;319;[0.9997274426708883, 0.00010552921216099926]
(173, 0);2;70;0;stop;1.0;True;True;392;[0.9995792491020479, 0.00023046292133059782]
(173, 0);3;51;0;stop;1.0;True;True;428;[0.9997419784761851, 9.608681562395344e-05]
(173, 0);4;83;0;stop;1.0;True;True;679;[0.9997014698857285, 9.608296700884613e-05]
(173, 0);5;37;0;stop;1.0;True;True;681;[0.9993987124708908, 0.00026110138742786834]
(173, 0);6;32;0;stop;1.0;True;True;485;[0.9995578099393064, 0.00019105628167224057]
(173, 0);7;70;0;stop;1.0;True;True;425;[0.9997917847333165, 6.204144670622125e-05]
(173, 0);8;98;0;stop;1.0;True;True;534;[0.999708737354925, 8.479356769755845e-05]
(173, 0);9;39;0;stop;1.0;True;True;466;[0.9997343530869288, 0.00010887979579431277]
(173, 1);0;102;0;stop;1.0;True;False;450;[0.007344475248412775, 0.9924716990500159]
(173, 1);1;60;0;stop;1.0;True;False;538;[0.00970604464997604, 0.9900436303987413]
(173, 1);2;260;0;stop;1.0;True;False;462;[0.031088561728291515, 0.9671369081724558]
(173, 1);3;102;0;stop;1.0;True;False;568;[0.0050598186469902, 0.9948389059565994]
(173, 1);4;94;0;stop;1.0;True;False;641;[0.019119678039011784, 0.9806523418736488]
(173, 1);5;78;0;stop;1.0;True;False;400;[0.007575735242312481, 0.9922252930001467]
(173, 1);6;75;0;stop;1.0;True;False;725;[0.01032474673305724, 0.9893453759371882]
(173, 1);7;48;0;stop;1.0;True;False;342;[0.010985480005115228, 0.9888811980117074]
(173, 1);8;53;0;stop;1.0;True;False;489;[0.002631395776730551, 0.9972629565952047]
(173, 1);9;85;0;stop;1.0;True;False;478;[0.01098534381054774, 0.9888691905118648]
(173, 2);0;174;0;stop;1.0;True;False;552;[0.011330106055277648, 0.9885247290944352]
(173, 2);1;38;0;stop;1.0;True;False;417;[0.012428162613450821, 0.987291136362017]
(173, 2);2;45;0;stop;1.0;True;False;485;[0.003172425933257635, 0.9967465499423152]
(173, 2);3;82;0;stop;1.0;True;False;405;[0.007119704419013299, 0.9926379951965908]
(173, 2);4;72;0;stop;1.0;True;False;475;[0.010326376448442412, 0.9895018723856417]
(173, 2);5;93;0;stop;1.0;True;False;468;[0.008845008984693611, 0.9908897430147285]
(173, 2);6;33;0;stop;1.0;True;False;661;[0.004904020455303519, 0.9948135405900677]
(173, 2);7;81;0;stop;1.0;True;False;625;[0.004069134673668058, 0.9956846109402171]
(173, 2);8;59;0;stop;1.0;True;False;538;[0.0028893049944037157, 0.9970149956136293]
(173, 2);9;94;0;stop;1.0;True;False;601;[0.009122342663056865, 0.9905163869792777]
(173, 3);0;49;0;stop;1.0;True;False;440;[0.00970687776222352, 0.9901285861966873]
(173, 3);1;57;0;stop;1.0;True;False;521;[0.00475418003306052, 0.9950311358152464]
(173, 3);2;63;0;stop;1.0;True;False;549;[0.011684646312856517, 0.9880918122663773]
(173, 3);3;38;0;stop;1.0;True;False;414;[0.010324810735153197, 0.9893517935067925]
(173, 3);4;37;0;stop;1.0;True;False;503;[0.004198054644677086, 0.9956257595047885]
(173, 3);5;66;0;stop;1.0;True;False;966;[0.014499686173303798, 0.9852319873196743]
(173, 3);6;198;0;stop;1.0;True;False;830;[0.006902750501973448, 0.9929396078845388]
(173, 3);7;112;0;stop;1.0;True;False;556;[0.004198418985983729, 0.9957119120584745]
(173, 3);8;79;0;stop;1.0;True;False;370;[0.010011125387146226, 0.9897448252688238]
(173, 3);9;60;0;stop;1.0;True;False;695;[0.003944777524821868, 0.995895612008226]
(174, 0);0;113;0;stop;1.0;True;True;656;[0.997840073208857, 0.0003793078336716118]
(174, 0);1;324;0;stop;1.0;True;True;2063;[0.9994874244809898, 0.00036824480869720045]
(174, 0);2;63;0;stop;1.0;True;True;434;[0.9992866839636182, 0.000153476461436125]
(174, 0);3;75;0;stop;1.0;True;True;544;[0.999509098806555, 0.00010885529328767213]
(174, 0);4;351;0;stop;1.0;True;True;522;[0.9994209783050605, 0.0002693958010775632]
(174, 0);5;172;0;stop;1.0;True;True;674;[0.9993337066942177, 0.00023040622337130195]
(174, 0);6;89;0;stop;1.0;True;True;589;[0.9969359632916363, 0.0010301313877533684]
(174, 0);7;80;0;stop;1.0;True;True;322;[0.9995517356778266, 0.00015839031439832192]
(174, 0);8;368;0;stop;1.0;True;True;613;[0.9991909855269039, 0.0003351911239751673]
(174, 0);9;88;0;stop;1.0;True;True;427;[0.9994876626610341, 0.00017394661379326024]
(174, 1);0;93;0;stop;1.0;True;False;953;[0.003706874805738194, 0.9961909265898368]
(174, 1);1;107;0;stop;1.0;True;False;405;[0.06004584856342289, 0.9392751332439133]
(174, 1);2;98;0;stop;1.0;True;False;1581;[0.022970383729664635, 0.9767256210821874]
(174, 1);3;102;0;stop;1.0;True;False;1499;[0.0059101872385368785, 0.9939406950015313]
(174, 1);4;79;0;stop;1.0;True;False;484;[0.042066020972620737, 0.9574181815390143]
(174, 1);5;106;0;stop;1.0;True;False;662;[0.012429798354974894, 0.987421063758751]
(174, 1);6;56;0;stop;1.0;True;False;770;[0.0055542281088126816, 0.9943205275359409]
(174, 1);7;92;0;stop;1.0;True;False;1786;[0.01743624227644053, 0.9822060067189995]
(174, 1);8;389;0;stop;1.0;True;False;1039;[0.014902179425653552, 0.9814270086376391]
(174, 1);9;390;0;stop;1.0;True;False;740;[0.16422871982654244, 0.8340222199351276]
(174, 2);0;384;0;stop;1.0;True;False;2350;[0.01590258668279436, 0.9838582929400803]
(174, 2);1;116;0;stop;1.0;True;False;693;[0.014499700001288692, 0.985232681919494]
(174, 2);2;91;0;stop;1.0;True;False;680;[0.12579732959727685, 0.8732066331202366]
(174, 2);3;106;0;stop;1.0;True;False;928;[0.015421887591960464, 0.9844052076313035]
(174, 2);4;47;0;stop;1.0;True;False;1308;[0.003376182919214744, 0.9964968333973033]
(174, 2);5;87;0;stop;1.0;True;False;935;[0.010011058555897179, 0.9897380521135559]
(174, 2);6;71;0;stop;1.0;True;False;696;[0.012052021970047712, 0.9878022097861187]
(174, 2);7;182;0;stop;1.0;True;False;789;[0.03406474559975125, 0.9648888939061561]
(174, 2);8;288;0;stop;1.0;True;False;752;[0.011675634821796024, 0.987330064510889]
(174, 2);9;135;0;stop;1.0;True;False;1076;[0.03844463593181893, 0.9609948912824124]
(174, 3);0;74;0;stop;1.0;True;False;507;[0.007813665998705371, 0.9919019466332025]
(174, 3);1;91;0;stop;1.0;True;False;415;[0.009123504152804211, 0.9906429524275482]
(174, 3);2;78;0;stop;1.0;True;False;846;[0.022969606070421172, 0.9766924140871766]
(174, 3);3;100;0;stop;1.0;True;False;3464;[0.06368526504857264, 0.9358480685671493]
(174, 3);4;106;0;stop;1.0;True;False;517;[0.024410617852800586, 0.975078824034578]
(174, 3);5;63;0;stop;1.0;True;False;475;[0.0197103777425481, 0.9798458174180446]
(174, 3);6;66;0;stop;1.0;True;False;772;[0.0029804130566728555, 0.9968116933770875]
(174, 3);7;232;0;stop;1.0;True;False;547;[0.016397940721105696, 0.9832918153644848]
(174, 3);8;67;0;stop;1.0;True;False;1060;[0.01449672037531539, 0.985030107086557]
(174, 3);9;117;0;stop;1.0;True;False;528;[0.011682618399683316, 0.987920287589605]
(175, 0);0;75;3;stop;1.0;True;False;499;[0.01495256717783693, 0.9847450704241082]
(175, 0);1;77;3;stop;1.0;True;False;512;[0.035131063884008426, 0.9644767620985178]
(175, 0);2;64;3;stop;1.0;True;False;552;[0.01798312404121731, 0.9818454855211526]
(175, 0);3;58;3;stop;1.0;True;False;381;[0.022970832812486998, 0.9767446146882899]
(175, 0);4;36;3;stop;1.0;True;False;463;[0.010326356752461194, 0.9895000053363591]
(175, 0);5;52;3;stop;1.0;True;False;552;[0.010009550197811022, 0.9895890691699243]
(175, 0);6;211;3;stop;1.0;True;False;445;[0.06329080321485415, 0.9300516193965669]
(175, 0);7;171;3;stop;1.0;True;False;499;[0.003823241754130285, 0.9958519856794766]
(175, 0);8;56;3;stop;1.0;True;False;396;[0.018537198503322683, 0.9809577250940991]
(175, 0);9;71;3;stop;1.0;True;False;345;[0.006902589220948899, 0.9929163368971696]
(175, 1);0;330;3;stop;0.1;False;True;318;[0.4564742897673926, 0.4424300523265419]
(175, 1);1;59;3;stop;0.9;True;False;421;[0.05031008943305178, 0.9492818311989122]
(175, 1);2;84;3;stop;0.9;True;False;409;[0.02032359548572664, 0.97924565306322]
(175, 1);3;102;3;stop;0.9;True;False;1058;[0.010327376068822272, 0.989597358314638]
(175, 1);4;63;3;stop;0.9;True;False;832;[0.008059215465192575, 0.9915962749940379]
(175, 1);5;135;3;stop;0.9;True;False;397;[0.006692394909549464, 0.9932396397680732]
(175, 1);6;68;3;stop;0.9;True;False;410;[0.022281427207965887, 0.9775051443762401]
(175, 1);7;157;3;stop;0.9;True;False;808;[0.005219371710486849, 0.9946360182691829]
(175, 1);8;55;3;stop;0.9;True;False;503;[0.03731459995233331, 0.9623562202298085]
(175, 1);9;79;3;stop;0.9;True;False;757;[0.004330931069243441, 0.9955370229726976]
(175, 2);0;87;3;stop;1.0;True;False;472;[0.01321893354279491, 0.9864870015812636]
(175, 2);1;58;3;stop;1.0;True;False;465;[0.002322843166635953, 0.9975397467489594]
(175, 2);2;60;3;stop;1.0;True;False;444;[0.0014549281411706813, 0.998452558327313]
(175, 2);3;64;3;stop;1.0;True;False;471;[0.002714641747550173, 0.997158755277612]
(175, 2);4;82;3;stop;1.0;True;False;458;[0.07156706857748586, 0.928095818305928]
(175, 2);5;51;3;stop;1.0;True;False;289;[0.0053839688539277725, 0.9944360429908672]
(175, 2);6;175;3;stop;1.0;True;False;424;[0.011328955356597586, 0.9884239762090209]
(175, 2);7;29;3;stop;1.0;True;False;431;[0.008575939025781189, 0.9912435862711763]
(175, 2);8;51;3;stop;1.0;True;False;444;[0.010325829898906656, 0.9894493512192445]
(175, 2);9;95;3;stop;1.0;True;False;471;[0.02930336566878329, 0.9703941347700872]
(175, 3);0;81;3;stop;1.0;True;True;347;[0.9997391189520352, 0.00010888031497487472]
(175, 3);1;63;3;stop;1.0;True;True;349;[0.9998454094489259, 3.321016695826023e-05]
(175, 3);2;93;3;stop;1.0;True;True;457;[0.9992429984244252, 0.00012140454796368948]
(175, 3);3;112;3;stop;1.0;True;True;559;[0.9995129098058054, 9.911425051962725e-05]
(175, 3);4;128;3;stop;1.0;True;True;388;[0.999591517476918, 0.00018518445554679738]
(175, 3);5;90;3;stop;1.0;True;True;462;[0.9997975044256987, 6.013297614532762e-05]
(175, 3);6;75;3;stop;1.0;True;True;359;[0.9998610212892914, 6.204570690054963e-05]
(175, 3);7;62;3;stop;1.0;True;True;469;[0.9997143369459793, 7.720579011202415e-05]
(175, 3);8;88;3;stop;1.0;True;True;297;[0.9998259847282137, 6.604504367972461e-05]
(175, 3);9;110;3;stop;1.0;True;True;360;[0.9997252980727391, 7.483127404164811e-05]
(176, 0);0;46;2;stop;1.0;True;False;358;[0.0049039339345571895, 0.9947958442811389]
(176, 0);1;84;2;stop;1.0;True;False;516;[0.007344962059045717, 0.9925375764403463]
(176, 0);2;91;2;stop;1.0;True;False;317;[0.00690033497257098, 0.9925920701662063]
(176, 0);3;26;2;stop;1.0;True;False;427;[0.0031721309645109316, 0.9966539424408727]
(176, 0);4;90;2;stop;1.0;True;False;518;[0.005219543439847741, 0.994668805226598]
(176, 0);5;98;2;stop;1.0;True;False;510;[0.017439626503847276, 0.9823964927337964]
(176, 0);6;74;2;stop;1.0;True;False;445;[0.010982290352659452, 0.988594394188229]
(176, 0);7;73;2;stop;1.0;True;False;363;[0.017439967457519773, 0.9824157064103332]
(176, 0);8;41;2;stop;1.0;True;False;398;[0.0023962775921929193, 0.9974143776751223]
(176, 0);9;41;2;stop;1.0;True;False;272;[0.005908657155722131, 0.993683318640852]
(176, 1);0;174;2;stop;1.0;True;False;356;[0.047407537820737276, 0.9522058619775641]
(176, 1);1;17;2;stop;1.0;True;False;347;[0.004608887158425838, 0.9952423320826426]
(176, 1);2;58;2;stop;1.0;True;False;476;[0.008843123905459497, 0.9906786349401738]
(176, 1);3;97;2;stop;1.0;True;False;481;[0.010985537626402085, 0.9888865598983495]
(176, 1);4;62;2;stop;1.0;True;False;259;[0.01691133719761611, 0.9828771725806437]
(176, 1);5;227;2;stop;1.0;True;False;610;[0.018539138814762646, 0.9810604049769333]
(176, 1);6;88;2;stop;1.0;True;False;392;[0.009707641511269481, 0.9902063090543427]
(176, 1);7;120;2;stop;1.0;True;False;628;[0.01971045293181559, 0.9798497085497561]
(176, 1);8;46;2;stop;1.0;True;False;359;[0.005909203769658052, 0.9937754925459115]
(176, 1);9;94;2;stop;1.0;True;False;438;[0.0179824980755233, 0.9818111260693829]
(176, 2);0;127;2;stop;1.0;True;True;424;[0.9992414510994357, 0.0003352080665511419]
(176, 2);1;83;2;stop;1.0;True;True;386;[0.9995916365793358, 9.025169564591251e-05]
(176, 2);2;108;2;stop;1.0;True;True;382;[0.9997529401969801, 0.00015354805137526332]
(176, 2);3;69;2;stop;1.0;True;True;295;[0.9989650243470366, 0.0003797354657952907]
(176, 2);4;54;2;stop;1.0;True;True;373;[0.9995141007369606, 0.00017395109283821193]
(176, 2);5;186;2;stop;1.0;True;True;612;[0.9998601870569845, 7.966818867912211e-05]
(176, 2);6;56;2;stop;1.0;True;True;525;[0.9994415780901985, 0.00020335469183919768]
(176, 2);7;32;2;stop;1.0;True;True;371;[0.9997857076242018, 0.00010228836999873676]
(176, 2);8;137;2;stop;1.0;True;True;334;[0.9996221301744268, 0.00017949240641431698]
(176, 2);9;103;2;stop;1.0;True;True;348;[0.9993882347569123, 0.0003798964729095571]
(176, 3);0;108;2;stop;1.0;True;False;480;[0.02228275532410026, 0.9775633535131049]
(176, 3);1;62;2;stop;1.0;True;False;414;[0.009409596918501587, 0.9902723537942133]
(176, 3);2;60;2;stop;1.0;True;False;477;[0.014059938671151894, 0.9856775732041955]
(176, 3);3;60;2;stop;1.0;True;False;317;[0.008575767275792479, 0.9912241427073822]
(176, 3);4;69;2;stop;1.0;True;False;346;[0.012816195293925376, 0.9867923159279636]
(176, 3);5;75;2;stop;1.0;True;False;378;[0.014501642964259693, 0.9853648455566554]
(176, 3);6;54;2;stop;1.0;True;False;474;[0.012428844146257372, 0.9873454041090263]
(176, 3);7;132;2;stop;1.0;True;False;623;[0.03021047516354538, 0.9696533679870183]
(176, 3);8;75;2;stop;1.0;True;False;474;[0.020329585434387207, 0.9795343762434889]
(176, 3);9;69;2;stop;1.0;True;False;395;[0.04335377689219307, 0.9563691063127798]
(177, 0);0;58;1;stop;1.0;True;False;435;[0.02368555004441631, 0.976148922624536]
(177, 0);1;95;1;stop;1.0;True;False;425;[0.00941142772953297, 0.9904651614966313]
(177, 0);2;76;1;stop;1.0;True;False;420;[0.008060818127752587, 0.9917938203039105]
(177, 0);3;36;1;stop;1.0;True;False;556;[0.012049407436066207, 0.987587880859734]
(177, 0);4;65;1;stop;1.0;True;False;509;[0.020958469536527125, 0.9787663463209632]
(177, 0);5;63;1;stop;1.0;True;False;556;[0.004901011833096086, 0.9942032717979852]
(177, 0);6;98;1;stop;1.0;True;False;446;[0.02517476594764273, 0.9746633782526036]
(177, 0);7;131;1;stop;1.0;True;False;428;[0.020325029811073928, 0.9793148156268834]
(177, 0);8;91;1;stop;1.0;True;False;475;[0.010650676147781816, 0.9891771491090671]
(177, 0);9;80;1;stop;1.0;True;False;535;[0.003482897726325245, 0.9963660456132253]
(177, 1);0;48;1;stop;1.0;True;True;331;[0.9997434082413271, 0.00010888083415791231]
(177, 1);1;54;1;stop;1.0;True;True;339;[0.999072935151556, 0.00014414685882842057]
(177, 1);2;83;1;stop;1.0;True;True;701;[0.9996812168170035, 9.312493984526178e-05]
(177, 1);3;77;1;stop;1.0;True;True;602;[0.9998583994165924, 4.133127239016137e-05]
(177, 1);4;97;1;stop;1.0;True;True;399;[0.9997200557734044, 0.00011957935119206896]
(177, 1);5;55;1;stop;1.0;True;True;327;[0.9997888057516477, 6.0132460022068316e-05]
(177, 1);6;76;1;stop;1.0;True;True;280;[0.9994044276603489, 9.023474130594338e-05]
(177, 1);7;58;1;stop;1.0;True;True;319;[0.999631183323194, 5.9190821403156925e-05]
(177, 1);8;58;1;stop;1.0;True;True;410;[0.9995168398840025, 9.757799872284941e-05]
(177, 1);9;115;1;stop;1.0;True;True;457;[0.9994633694615238, 0.00011230559016133598]
(177, 2);0;37;1;stop;1.0;True;False;413;[0.012051395579468415, 0.9877509158490231]
(177, 2);1;40;1;stop;1.0;True;False;245;[0.004198008603795282, 0.9956145338311339]
(177, 2);2;46;1;stop;1.0;True;False;301;[0.0035931517791921515, 0.9962811997177217]
(177, 2);3;79;1;stop;1.0;True;False;481;[0.0031723805516652315, 0.9967323378844956]
(177, 2);4;39;1;stop;1.0;True;False;450;[0.010651046894819216, 0.98921132597263]
(177, 2);5;88;1;stop;1.0;True;False;571;[0.01168178282358249, 0.987849902713252]
(177, 2);6;37;1;stop;1.0;True;False;334;[0.0034824360614601883, 0.9962338723692683]
(177, 2);7;97;1;stop;1.0;True;False;363;[0.008845367490419516, 0.990929891894691]
(177, 2);8;81;1;stop;1.0;True;False;384;[0.005910624075197453, 0.994014306365162]
(177, 2);9;54;1;stop;1.0;True;False;595;[0.003074693092653387, 0.996705217876704]
(177, 3);0;85;1;stop;1.0;True;False;452;[0.005382775202736577, 0.9942154084202477]
(177, 3);1;60;1;stop;1.0;True;False;391;[0.0034829259596155984, 0.9963740929576987]
(177, 3);2;41;1;stop;1.0;True;False;342;[0.007576103715263743, 0.9922738837978188]
(177, 3);3;78;1;stop;1.0;True;False;409;[0.008314170188914552, 0.9914924342303294]
(177, 3);4;37;1;stop;1.0;True;False;363;[0.011328582620114906, 0.9883917163564235]
(177, 3);5;56;1;stop;1.0;True;False;447;[0.019121510638393773, 0.9807463563792491]
(177, 3);6;72;1;stop;1.0;True;False;333;[0.014061165611802956, 0.9857636342680319]
(177, 3);7;51;1;stop;1.0;True;False;342;[0.016400724573877687, 0.9834586227146898]
(177, 3);8;98;1;stop;1.0;True;False;645;[0.009409439880221113, 0.9902558703248366]
(177, 3);9;47;1;stop;1.0;True;False;359;[0.009704124135864559, 0.9898474827758091]
(178, 0);0;112;0;stop;1.0;True;True;530;[0.9999033306101257, 2.6272932766829987e-05]
(178, 0);1;65;0;stop;1.0;True;True;465;[0.9978951505767576, 0.0002094853673628168]
(178, 0);2;66;0;stop;1.0;True;True;319;[0.9993439451089694, 0.0001633841914240301]
(178, 0);3;45;0;stop;1.0;True;True;451;[0.9997810604728566, 7.030136482130648e-05]
(178, 0);4;100;0;stop;1.0;True;True;395;[0.9996379732967621, 5.4742926375242425e-05]
(178, 0);5;173;0;stop;1.0;True;True;354;[0.9980504448072691, 0.0009101039861488379]
(178, 0);6;65;0;stop;1.0;True;True;344;[0.9996533404055377, 9.025720434036838e-05]
(178, 0);7;72;0;stop;1.0;True;True;358;[0.9999032114269176, 5.475749404468981e-05]
(178, 0);8;164;0;stop;1.0;True;True;356;[0.9998893860165551, 7.484354977065488e-05]
(178, 0);9;182;0;stop;1.0;True;True;391;[0.999795359531765, 5.7829152554755535e-05]
(178, 1);0;42;0;stop;1.0;True;False;286;[0.007344065511953874, 0.9924163967351084]
(178, 1);1;242;0;stop;1.0;True;False;471;[0.03489347609721192, 0.89991470330796]
(178, 1);2;126;0;stop;1.0;True;False;374;[0.005553902357496858, 0.994262190547696]
(178, 1);3;67;0;stop;1.0;True;False;419;[0.01590384550135873, 0.9839360743272121]
(178, 1);4;119;0;stop;1.0;True;False;369;[0.012048557116501317, 0.9875180080252836]
(178, 1);5;120;0;stop;1.0;True;False;514;[0.0021155144036398583, 0.9977953271911961]
(178, 1);6;76;0;stop;1.0;True;False;562;[0.002800254194722029, 0.9969596597261408]
(178, 1);7;303;0;stop;1.0;True;False;362;[0.005384143431553846, 0.9944681088154681]
(178, 1);8;67;0;stop;1.0;True;False;644;[0.014056767894272328, 0.9854554819563363]
(178, 1);9;67;0;stop;1.0;True;False;255;[0.026747729062149228, 0.972820519930157]
(178, 2);0;46;0;stop;1.0;True;False;350;[0.006902111982848428, 0.9928479414764125]
(178, 2);1;79;0;stop;1.0;True;False;540;[0.04597025188377938, 0.952646953844686]
(178, 2);2;55;0;stop;1.0;True;False;376;[0.03208787095598534, 0.967512259089927]
(178, 2);3;126;0;stop;1.0;True;False;360;[0.013631948217334358, 0.9860098539531592]
(178, 2);4;62;0;stop;1.0;True;False;330;[0.0031722913030939773, 0.9967041520095383]
(178, 2);5;58;0;stop;1.0;True;False;306;[0.04883187581701177, 0.950637949624428]
(178, 2);6;60;0;stop;1.0;True;False;306;[0.007574254306334746, 0.9920313305543956]
(178, 2);7;57;0;stop;1.0;True;False;372;[0.006288008510775425, 0.9934107816379738]
(178, 2);8;58;0;stop;1.0;True;False;396;[0.023680468221988063, 0.9759395062563312]
(178, 2);9;122;0;stop;1.0;True;False;243;[0.35874185843599227, 0.6102404395846274]
(178, 3);0;122;0;stop;1.0;True;False;504;[0.20518549670367525, 0.6727773627534755]
(178, 3);1;60;0;stop;1.0;True;False;347;[0.002322739052883454, 0.9974947905445735]
(178, 3);2;112;0;stop;1.0;True;False;336;[0.01363169471113305, 0.9859914267349891]
(178, 3);3;68;0;stop;1.0;True;False;498;[0.012416860547381938, 0.9863936227537524]
(178, 3);4;68;0;stop;1.0;True;False;509;[0.02840944195857592, 0.9706554223654139]
(178, 3);5;55;0;stop;1.0;True;False;388;[0.003592795420421711, 0.9961825270133935]
(178, 3);6;190;0;stop;1.0;True;False;515;[0.006094692134365316, 0.9934344287454976]
(178, 3);7;61;0;stop;1.0;True;False;191;[0.028421562046273816, 0.9710694817334719]
(178, 3);8;118;0;stop;1.0;True;False;363;[0.008575513746381332, 0.9911946282135242]
(178, 3);9;143;0;stop;1.0;True;False;502;[0.002322616116056836, 0.9974421291504264]
(179, 0);0;89;3;stop;1.0;True;False;628;[0.0035931175123898812, 0.9962717339753817]
(179, 0);1;169;3;stop;1.0;True;False;516;[0.016401803834922853, 0.9835234241607597]
(179, 0);2;54;3;stop;1.0;True;False;528;[0.0035926309590635667, 0.9961368649782069]
(179, 0);3;113;3;stop;1.0;True;False;496;[0.022278192248339542, 0.9773631238222107]
(179, 0);4;69;3;stop;1.0;True;False;379;[0.012052246099356099, 0.987820356213054]
(179, 0);5;64;3;stop;1.0;True;False;532;[0.005553902357496858, 0.9942619548861135]
(179, 0);6;58;3;stop;1.0;True;False;592;[0.004069220048406694, 0.995705293733529]
(179, 0);7;60;3;stop;1.0;True;False;512;[0.01639694771944662, 0.9832319996188913]
(179, 0);8;26;3;stop;1.0;True;False;502;[0.0019265394900244205, 0.9979719604460648]
(179, 0);9;88;3;stop;1.0;True;False;438;[0.001648291918784246, 0.9982358400939937]
(179, 1);0;221;3;stop;1.0;True;False;621;[0.020956880586211098, 0.9786920070012969]
(179, 1);1;27;3;stop;1.0;True;False;382;[0.004330747274894602, 0.9954950821067489]
(179, 1);2;166;3;stop;1.0;True;False;555;[0.053341798570801735, 0.9455059255787849]
(179, 1);3;57;3;stop;1.0;True;False;607;[0.015902010389474364, 0.9838225234832211]
(179, 1);4;104;3;stop;1.0;True;False;429;[0.0351362070620284, 0.9646180546598272]
(179, 1);5;137;3;stop;1.0;True;False;639;[0.005059152782973038, 0.9947077273621738]
(179, 1);6;312;3;stop;1.0;True;False;735;[0.034957576511970255, 0.9597138177532114]
(179, 1);7;66;3;stop;1.0;True;False;572;[0.007573958153880947, 0.9919926170789545]
(179, 1);8;97;3;stop;1.0;True;False;403;[0.00831456664889539, 0.9915397808123801]
(179, 1);9;86;3;stop;1.0;True;False;579;[0.003706885411207254, 0.996194120692678]
(179, 2);0;93;3;stop;1.0;True;False;527;[0.020329764772360523, 0.9795429551973925]
(179, 2);1;127;3;stop;1.0;True;False;367;[0.006692318321606019, 0.9932279974527964]
(179, 2);2;122;3;stop;1.0;True;False;602;[0.00446802393829276, 0.9954512549948329]
(179, 2);3;192;3;stop;1.0;True;False;741;[0.04741308783894598, 0.9523173122408558]
(179, 2);4;79;3;stop;1.0;True;False;490;[0.004069565446312327, 0.9957898047118217]
(179, 2);5;87;3;stop;1.0;True;False;456;[0.010650026101936995, 0.9891164981712915]
(179, 2);6;85;3;stop;1.0;True;False;539;[0.004753565723965001, 0.9949029742798876]
(179, 2);7;27;3;stop;1.0;True;False;626;[0.0028889936446562575, 0.9969075288707633]
(179, 2);8;82;3;stop;1.0;True;False;386;[0.014499388874818275, 0.985211853313423]
(179, 2);9;52;3;stop;1.0;True;False;517;[0.006902464148462969, 0.9928985911129768]
(179, 3);0;82;3;stop;1.0;True;True;632;[0.9995369672103097, 0.00012335261865839052]
(179, 3);1;99;3;stop;1.0;True;True;704;[0.9993109685641688, 0.00015835210265633754]
(179, 3);2;64;3;stop;1.0;True;True;464;[0.9994792075369283, 0.00014420557011184495]
(179, 3);3;81;3;stop;1.0;True;True;400;[0.9995235092011516, 0.00021648769738276497]
(179, 3);4;183;3;stop;1.0;True;True;394;[0.9963369336016873, 0.0007300337888701372]
(179, 3);5;85;3;stop;1.0;True;True;453;[0.9993500168570576, 0.00016338512631854722]
(179, 3);6;201;3;stop;1.0;True;True;590;[0.9936171713377966, 0.00038969216688351804]
(179, 3);7;188;3;stop;1.0;True;True;529;[0.9936688407048335, 0.0017194918446796301]
(179, 3);8;94;3;stop;1.0;True;True;596;[0.999322397041524, 0.0003149243639425077]
(179, 3);9;143;3;stop;1.0;True;True;641;[0.9985137649974929, 0.00029560462232052035]
(180, 0);0;92;3;stop;1.0;True;False;512;[0.008842917288099753, 0.9906555876266712]
(180, 0);1;98;3;stop;1.0;True;False;416;[0.022271452930052154, 0.9770674842519923]
(180, 0);2;123;3;stop;1.0;True;False;375;[0.014950977285828835, 0.9846404643050338]
(180, 0);3;77;3;stop;1.0;True;False;458;[0.01168092502762696, 0.987777434586806]
(180, 0);4;96;3;stop;1.0;True;False;449;[0.02367060695214052, 0.9755329698760281]
(180, 0);5;138;3;stop;1.0;True;False;479;[0.011982902407270636, 0.9821368942522746]
(180, 0);6;85;3;stop;1.0;True;False;440;[0.006486983370251547, 0.9933146761267468]
(180, 0);7;131;3;stop;1.0;True;False;388;[0.009410265482224324, 0.9903426161264623]
(180, 0);8;132;3;stop;1.0;True;False;428;[0.011678118135780851, 0.9875397480815026]
(180, 0);9;49;3;stop;1.0;True;False;380;[0.007570925063830059, 0.9915955722138341]
(180, 1);0;77;3;stop;1.0;True;False;655;[0.0030746285837017825, 0.9966842571919616]
(180, 1);1;72;3;stop;1.0;True;False;430;[0.014060897418910596, 0.9857449839758093]
(180, 1);2;42;3;stop;1.0;True;False;438;[0.00669107069980936, 0.9930429292392755]
(180, 1);3;60;3;stop;1.0;True;False;398;[0.011331354128211105, 0.9886331923384899]
(180, 1);4;71;3;stop;1.0;True;False;591;[0.004608766287134802, 0.9952163553562433]
(180, 1);5;63;3;stop;1.0;True;False;360;[0.017984607581172245, 0.9819261658305553]
(180, 1);6;65;3;stop;1.0;True;False;323;[0.0018100450691427323, 0.9980984200194871]
(180, 1);7;74;3;stop;1.0;True;False;247;[0.006902842664250825, 0.9929530066352665]
(180, 1);8;99;3;stop;1.0;True;False;465;[0.007814116839112468, 0.991959303062198]
(180, 1);9;59;3;stop;1.0;True;False;579;[0.00263098801545978, 0.997108144391513]
(180, 2);0;72;3;stop;1.0;True;False;513;[0.004608570702124293, 0.9951742055608703]
(180, 2);1;69;3;stop;1.0;True;False;349;[0.01281881117077379, 0.9869937585293262]
(180, 2);2;82;3;stop;1.0;True;False;742;[0.016912167805272254, 0.9829256575657459]
(180, 2);3;94;3;stop;1.0;True;False;513;[0.00521867489570056, 0.9945035961382349]
(180, 2);4;113;3;stop;1.0;True;False;457;[0.03620640958560222, 0.963416927010456]
(180, 2);5;56;3;stop;1.0;True;False;546;[0.017428918962107704, 0.9817931988425893]
(180, 2);6;68;3;stop;1.0;True;False;561;[0.006902197554148925, 0.992860397672324]
(180, 2);7;54;3;stop;1.0;True;False;374;[0.00460844544417439, 0.9951472885168025]
(180, 2);8;120;3;stop;1.0;True;False;554;[0.02227580218583142, 0.9772582570178624]
(180, 2);9;67;3;stop;1.0;True;False;296;[0.003706250904044522, 0.9960233197960309]
(180, 3);0;72;3;stop;1.0;True;True;474;[0.9996669210198342, 8.748153352203186e-05]
(180, 3);1;75;3;stop;1.0;True;True;430;[0.9991450472934674, 0.00017940666707239218]
(180, 3);2;60;3;stop;1.0;True;True;408;[0.9997313744364116, 0.00010228280981175636]
(180, 3);3;115;3;stop;1.0;True;True;587;[0.9991080379222499, 0.0001534489469895663]
(180, 3);4;76;3;stop;1.0;True;True;535;[0.9989509869613339, 0.00024903303604455635]
(180, 3);5;34;3;stop;1.0;True;True;239;[0.9995044542644965, 0.00011587530399078148]
(180, 3);6;33;3;stop;1.0;True;True;398;[0.9995367289894257, 0.00013547634809056816]
(180, 3);7;83;3;stop;1.0;True;True;428;[0.9996191522073842, 0.00011588867614576375]
(180, 3);8;73;3;stop;1.0;True;True;543;[0.9996015229731628, 0.00017948864055326684]
(180, 3);9;68;3;stop;1.0;True;True;311;[0.9992883504830979, 9.90920401704884e-05]
(181, 0);0;52;3;stop;1.0;True;False;609;[0.0023961621889179545, 0.9973665866321967]
(181, 0);1;51;3;stop;1.0;True;False;476;[0.004069287961409741, 0.9957218400920455]
(181, 0);2;48;3;stop;1.0;True;False;616;[0.0038218437199169252, 0.9954881119900417]
(181, 0);3;140;3;stop;1.0;True;False;498;[0.00317224289813944, 0.9966889939841185]
(181, 0);4;224;3;stop;1.0;True;False;445;[0.007344727405288139, 0.992505752186738]
(181, 0);5;56;3;stop;1.0;True;False;536;[0.01971300483763106, 0.9799764251645906]
(181, 0);6;77;3;stop;1.0;True;False;678;[0.004754329655414881, 0.9950625322724371]
(181, 0);7;110;3;stop;1.0;True;False;459;[0.008060956502054177, 0.9918107062412644]
(181, 0);8;141;3;stop;1.0;True;False;442;[0.0064855822862529755, 0.9931002998510258]
(181, 0);9;74;3;stop;1.0;True;False;443;[0.020944408014534618, 0.9781094488934405]
(181, 1);0;34;3;stop;1.0;True;False;445;[0.010011282919712799, 0.9897601231101616]
(181, 1);1;87;3;stop;1.0;True;False;533;[0.007345462912290996, 0.9926048725884671]
(181, 1);2;70;3;stop;1.0;True;False;465;[0.005553685200566973, 0.9942230677861713]
(181, 1);3;160;3;stop;1.0;True;False;333;[0.011240556887822628, 0.9807115001628661]
(181, 1);4;58;3;stop;1.0;True;False;366;[0.01852110042926603, 0.9801059221054033]
(181, 1);5;44;3;stop;1.0;True;False;557;[0.003823489698837497, 0.9959165394120796]
(181, 1);6;58;3;stop;1.0;True;False;394;[0.004904930184733726, 0.9949979713453975]
(181, 1);7;143;3;stop;1.0;True;False;606;[0.0060959186639014465, 0.9936347078702731]
(181, 1);8;120;3;stop;1.0;True;False;405;[0.01639597041432865, 0.9831734584356677]
(181, 1);9;50;3;stop;1.0;True;False;393;[0.005910277421525311, 0.9939560053940021]
(181, 2);0;57;3;stop;1.0;True;False;490;[0.01243073485462901, 0.9874958049302729]
(181, 2);1;62;3;stop;1.0;True;False;603;[0.0031718738346473672, 0.996572954625397]
(181, 2);2;64;3;stop;1.0;True;False;424;[0.002050338875134414, 0.9977522467312483]
(181, 2);3;49;3;stop;1.0;True;False;377;[0.011328236904484978, 0.9883614384348309]
(181, 2);4;70;3;stop;1.0;True;False;775;[0.003706346338293223, 0.99604898317016]
(181, 2);5;57;3;stop;1.0;True;False;384;[0.004754263911679224, 0.9950489581723116]
(181, 2);6;74;3;stop;1.0;True;False;579;[0.015419666925683476, 0.9842636017413564]
(181, 2);7;186;3;stop;1.0;True;False;447;[0.014061862937263511, 0.9858126362299039]
(181, 2);8;95;3;stop;1.0;True;False;604;[0.006485758564946287, 0.9931274593523731]
(181, 2);9;61;3;stop;1.0;True;False;461;[0.005553192656564423, 0.9941349340147362]
(181, 3);0;71;3;stop;1.0;True;True;656;[0.9997132646894823, 9.608406659743259e-05]
(181, 3);1;194;3;stop;1.0;True;True;417;[0.9947924232750303, 0.0012399039439994135]
(181, 3);2;62;3;stop;1.0;True;True;471;[0.9987191890617376, 0.00020320774287598754]
(181, 3);3;54;3;stop;1.0;True;True;333;[0.9996908666829483, 0.00010887512328065765]
(181, 3);4;27;3;stop;1.0;True;True;609;[0.9997702173055605, 2.506646062368297e-05]
(181, 3);5;23;3;stop;1.0;True;True;408;[0.999898086446007, 4.5395297246920134e-05]
(181, 3);6;51;3;stop;1.0;True;True;341;[0.9991678968615959, 0.00011583630147882322]
(181, 3);7;95;3;stop;1.0;True;True;554;[0.9988767618623573, 0.00013328799053559]
(181, 3);8;48;3;stop;1.0;True;True;519;[0.9997088565004051, 0.0001088770960952977]
(181, 3);9;56;3;stop;1.0;True;True;335;[0.9989720432301541, 7.836344039099197e-05]
(182, 0);0;45;2;stop;1.0;True;False;377;[0.008313872856334876, 0.9914570446608718]
(182, 0);1;87;2;stop;1.0;True;False;549;[0.016392327534179494, 0.9829550283672333]
(182, 0);2;99;2;stop;1.0;True;False;510;[0.009123543306720364, 0.9906468135501595]
(182, 0);3;33;2;stop;1.0;True;False;528;[0.0023963381525706267, 0.997439875775865]
(182, 0);4;49;2;stop;1.0;True;False;459;[0.01032182767460507, 0.9890660009363086]
(182, 0);5;71;2;stop;1.0;True;False;424;[0.010650031180266388, 0.9891169642917823]
(182, 0);6;34;2;stop;1.0;True;False;610;[0.0011693759177195018, 0.9987159786078805]
(182, 0);7;63;2;stop;1.0;True;False;384;[0.00884530844141805, 0.9909233367325616]
(182, 0);8;61;2;stop;1.0;True;False;456;[0.01911934527239524, 0.9806353746649668]
(182, 0);9;66;2;stop;1.0;True;False;368;[0.00359303869998483, 0.9962500814308388]
(182, 1);0;153;2;stop;1.0;True;False;414;[0.00628758275862213, 0.9933437296660448]
(182, 1);1;145;2;stop;1.0;True;False;310;[0.007120627902477067, 0.9927671011328557]
(182, 1);2;75;2;stop;1.0;True;False;600;[0.0011694166233658931, 0.998750580735749]
(182, 1);3;177;2;stop;1.0;True;False;588;[0.015898113374967764, 0.9835816619067104]
(182, 1);4;48;2;stop;1.0;True;False;438;[0.0011694071438422243, 0.9987422570104213]
(182, 1);5;80;2;stop;1.0;True;False;306;[0.009705063520585167, 0.9899433855897389]
(182, 1);6;52;2;stop;1.0;True;False;364;[0.0023963850022146534, 0.9974594452137318]
(182, 1);7;63;2;stop;1.0;True;False;397;[0.008846316546306843, 0.9910361906902705]
(182, 1);8;118;2;stop;1.0;True;False;536;[0.011683721451652637, 0.9880137226064308]
(182, 1);9;125;2;stop;1.0;True;False;676;[0.004904717353731047, 0.9949547776905528]
(182, 2);0;62;2;stop;1.0;True;True;414;[0.9997829669983489, 6.60421464120286e-05]
(182, 2);1;63;2;stop;1.0;True;True;575;[0.9998390933571737, 7.483976691858557e-05]
(182, 2);2;288;2;stop;1.0;True;True;404;[0.9989965503971898, 0.0004652764828878666]
(182, 2);3;86;2;stop;1.0;True;True;500;[0.9994923071250645, 0.00011955221281011658]
(182, 2);4;58;2;stop;1.0;True;True;383;[0.9998022708973856, 7.253456068511769e-05]
(182, 2);5;106;2;stop;1.0;True;True;461;[0.9994426497353306, 6.398845384992593e-05]
(182, 2);6;53;2;stop;1.0;True;True;440;[0.9995934232627666, 0.00013131569278410584]
(182, 2);7;59;2;stop;1.0;True;True;383;[0.9998222905303066, 9.609460495955746e-05]
(182, 2);8;79;2;stop;1.0;True;True;453;[0.9998121614550102, 4.132934102321395e-05]
(182, 2);9;49;2;stop;1.0;True;True;443;[0.9998191922118028, 4.6832591486960364e-05]
(182, 3);0;201;2;stop;1.0;True;False;378;[0.010011440454758267, 0.9897757723938843]
(182, 3);1;59;2;stop;1.0;True;False;614;[0.0032725380716948404, 0.9965666797842377]
(182, 3);2;157;2;stop;1.0;True;False;574;[0.0033758786638154385, 0.996406757645223]
(182, 3);3;81;2;stop;1.0;True;False;386;[0.0035933145509657875, 0.9963264018666128]
(182, 3);4;242;2;stop;1.0;True;False;485;[0.010554955025011142, 0.9802868875941425]
(182, 3);5;44;2;stop;1.0;True;False;397;[0.004753858134261758, 0.9949637465231741]
(182, 3);6;366;2;stop;1.0;True;False;428;[0.04427675295708159, 0.9466788051748838]
(182, 3);7;68;2;stop;1.0;True;False;578;[0.0106496807812192, 0.9890845427269896]
(182, 3);8;119;2;stop;1.0;True;False;522;[0.01098557953298236, 0.9888905237714044]
(182, 3);9;287;2;stop;1.0;True;False;264;[0.035000525733259215, 0.9313294230228184]
(183, 0);0;60;3;stop;1.0;True;False;470;[0.01322138574563326, 0.9866699823891157]
(183, 0);1;174;3;stop;1.0;True;False;479;[0.02673294452591969, 0.9722826800952346]
(183, 0);2;104;3;stop;1.0;True;False;454;[0.012429300497808757, 0.9873817798262552]
(183, 0);3;57;3;stop;1.0;True;False;462;[0.02594035626134797, 0.9734045876475965]
(183, 0);4;44;3;stop;1.0;True;False;467;[0.0031722353349320125, 0.9966868622856265]
(183, 0);5;92;3;stop;1.0;True;False;405;[0.002549937670070329, 0.9970679673567888]
(183, 0);6;59;3;stop;1.0;True;False;359;[0.025938222640405018, 0.9733245096169213]
(183, 0);7;185;3;stop;1.0;True;False;483;[0.019116546615266777, 0.9804917560539121]
(183, 0);8;166;3;stop;1.0;True;False;594;[0.006692362997799846, 0.9932347006013651]
(183, 0);9;59;3;stop;1.0;True;False;659;[0.024409442252255262, 0.9750316759516421]
(183, 1);0;47;3;stop;1.0;True;False;371;[0.0073440515042739185, 0.9924145181788557]
(183, 1);1;103;3;stop;1.0;True;False;403;[0.010326120403616797, 0.9894771282786523]
(183, 1);2;63;3;stop;1.0;True;False;467;[0.008845485589605037, 0.9909430023490413]
(183, 1);3;22;3;stop;1.0;True;False;516;[0.004607922474079188, 0.9950339682624206]
(183, 1);4;72;3;stop;1.0;True;False;405;[0.00406961590014567, 0.9958019801771724]
(183, 1);5;33;3;stop;1.0;True;False;428;[0.002714596442456254, 0.9971422795324923]
(183, 1);6;350;3;stop;1.0;True;False;101;[0.060869726071973246, 0.5775159158250174]
(183, 1);7;49;3;stop;1.0;True;False;255;[0.0050596232212911495, 0.9948004451707347]
(183, 1);8;171;3;stop;1.0;True;False;711;[0.00555361899587487, 0.9942111662569323]
(183, 1);9;168;3;stop;1.0;True;False;528;[0.011239099085427725, 0.9805841350749047]
(183, 2);0;101;3;stop;1.0;True;False;456;[0.0049044109868553514, 0.9948925906646181]
(183, 2);1;39;3;stop;1.0;True;False;407;[0.01065014798251075, 0.9891280443905697]
(183, 2);2;67;3;stop;1.0;True;False;494;[0.0066907101772438185, 0.9929894437548469]
(183, 2);3;61;3;stop;1.0;True;False;407;[0.03408890800635465, 0.9655732688255333]
(183, 2);4;83;3;stop;1.0;True;False;586;[0.002182432836445495, 0.9976876922477618]
(183, 2);5;95;3;stop;1.0;True;False;396;[0.0037066998198793245, 0.9961443174189987]
(183, 2);6;104;3;stop;1.0;True;False;436;[0.009706664848958272, 0.9901064986846215]
(183, 2);7;237;3;stop;1.0;True;False;666;[0.0228066837906647, 0.969764904126258]
(183, 2);8;112;3;stop;1.0;True;False;524;[0.005216983018497696, 0.9941807665451611]
(183, 2);9;60;3;stop;1.0;True;False;355;[0.025171855081957725, 0.9745507123665709]
(183, 3);0;269;3;stop;1.0;True;True;521;[0.999551021062967, 0.0003459559232047195]
(183, 3);1;94;3;stop;1.0;True;True;343;[0.9993344210082892, 8.344768372581597e-05]
(183, 3);2;100;3;stop;1.0;True;True;567;[0.9997465061067621, 9.608727380268685e-05]
(183, 3);3;66;3;stop;1.0;True;True;400;[0.9998640007043834, 2.4297517449050318e-05]
(183, 3);4;73;3;stop;1.0;True;True;358;[0.9999078597062382, 6.013957144359826e-05]
(183, 3);5;100;3;stop;1.0;True;True;513;[0.998828592842679, 0.00019392344974113784]
(183, 3);6;79;3;stop;1.0;True;True;377;[0.9995497109322029, 0.00014421574733194248]
(183, 3);7;142;3;stop;1.0;True;True;445;[0.9997660469080581, 6.813744449292264e-05]
(183, 3);8;90;3;stop;1.0;True;True;456;[0.9996610836765958, 4.682522266519484e-05]
(183, 3);9;164;3;stop;1.0;True;True;583;[0.9994843282619341, 0.00010386787099005514]
(184, 0);0;109;1;stop;1.0;True;False;462;[0.006486120415169895, 0.9931824881876794]
(184, 0);1;120;1;stop;1.0;True;False;703;[0.061804438422600895, 0.9370392809259317]
(184, 0);2;172;1;stop;1.0;True;False;566;[0.044661741077157605, 0.9549101757386224]
(184, 0);3;329;1;stop;1.0;True;False;249;[0.007340616927412346, 0.9919503881032705]
(184, 0);4;212;1;stop;1.0;True;False;573;[0.06006809982056275, 0.9396231699753635]
(184, 0);5;120;1;stop;1.0;True;False;503;[0.008310420612672195, 0.991045440782642]
(184, 0);6;222;1;stop;1.0;True;False;526;[0.02297289213395825, 0.9768323066252952]
(184, 0);7;113;1;stop;1.0;True;False;512;[0.005554180436695015, 0.9943120418673461]
(184, 0);8;134;1;stop;1.0;True;False;644;[0.03962690678198869, 0.9600721137685732]
(184, 0);9;124;1;stop;1.0;True;False;344;[0.014060441502733204, 0.9857131310290946]
(184, 1);0;170;1;stop;1.0;True;True;506;[0.9989835828491598, 0.00025296317914077116]
(184, 1);1;95;1;stop;1.0;True;True;584;[0.999698610564729, 0.00012337261877772961]
(184, 1);2;90;1;stop;1.0;True;True;446;[0.9994708716887305, 0.0002164763424489379]
(184, 1);3;41;1;stop;1.0;True;True;530;[0.9995919939157665, 0.00016861236554187935]
(184, 1);4;85;1;stop;1.0;True;True;366;[0.9996709714555467, 0.0001233692067632737]
(184, 1);5;118;1;stop;1.0;True;True;405;[0.9996893179370663, 0.00011589674439055113]
(184, 1);6;99;1;stop;1.0;True;True;753;[0.9998426684993716, 7.253746606590207e-05]
(184, 1);7;99;1;stop;1.0;True;True;455;[0.9996421426072467, 0.00014422908882988242]
(184, 1);8;89;1;stop;1.0;True;True;451;[0.9992012210835748, 0.0002867071693092072]
(184, 1);9;119;1;stop;1.0;True;True;532;[0.9991768227723776, 0.0005031745159836188]
(184, 2);0;134;1;stop;0.4;True;False;691;[0.022968675104544752, 0.9766528429676803]
(184, 2);1;243;1;stop;0.4;True;False;821;[0.009707785010219998, 0.9902210367216481]
(184, 2);2;144;1;stop;0.6;False;True;709;[0.9991661117239036, 0.00017941043121355222]
(184, 2);3;215;1;stop;0.6;False;True;650;[0.9990656768984874, 0.0007095109693337386]
(184, 2);4;93;1;stop;0.6;False;True;376;[0.999576033177958, 0.00017948401892269104]
(184, 2);5;149;1;stop;0.4;True;False;834;[0.005729857874546753, 0.9942023292078501]
(184, 2);6;175;1;stop;0.6;False;True;670;[0.9992571631057484, 0.0001794268574810286]
(184, 2);7;148;1;stop;0.4;True;False;733;[0.0013669825082273357, 0.9986012501121738]
(184, 2);8;125;1;stop;0.6;False;True;489;[0.9992028873442048, 0.00019705113946358918]
(184, 2);9;98;1;stop;0.6;False;True;401;[0.9994039513981602, 0.0002233331296086743]
(184, 3);0;118;1;stop;0.7;True;False;794;[0.005219366732908474, 0.994635074805604]
(184, 3);1;94;1;stop;0.7;True;False;533;[0.007118916836585337, 0.9925282990175928]
(184, 3);2;83;1;stop;0.7;True;False;468;[0.004754395400059667, 0.9950762242533215]
(184, 3);3;142;1;stop;0.7;True;False;513;[0.004197686331760646, 0.9955384406106791]
(184, 3);4;99;1;stop;0.7;True;False;330;[0.008314368416541885, 0.9915161067770342]
(184, 3);5;116;1;stop;0.3;False;True;358;[0.6771625639225891, 0.31986893643254316]
(184, 3);6;110;1;stop;0.3;False;True;767;[0.997719968386655, 0.00014852116326397722]
(184, 3);7;96;1;stop;0.7;True;False;437;[0.010649152665308198, 0.9890354481323232]
(184, 3);8;84;1;stop;0.7;True;False;411;[0.006095694847449356, 0.9935981054929912]
(184, 3);9;243;1;stop;0.3;False;True;452;[0.9689911797687382, 0.030189839165995724]
(185, 0);0;71;1;stop;1.0;True;False;622;[0.010010275708774573, 0.9896607531212802]
(185, 0);1;90;1;stop;1.0;True;False;571;[0.008845097555344985, 0.99089969218101]
(185, 0);2;80;1;stop;1.0;True;False;408;[0.0012840681531992625, 0.9985290975909947]
(185, 0);3;57;1;stop;1.0;True;False;507;[0.005059398852944756, 0.9947559714136028]
(185, 0);4;46;1;stop;1.0;True;False;719;[0.007814448465602086, 0.9920012977535855]
(185, 0);5;59;1;stop;1.0;True;False;294;[0.006692228970113098, 0.9932150616555969]
(185, 0);6;86;1;stop;1.0;True;False;397;[0.0446720816654287, 0.955131107158907]
(185, 0);7;70;1;stop;1.0;True;False;451;[0.0025505724514952592, 0.9973163102553546]
(185, 0);8;229;1;stop;1.0;True;False;316;[0.022971758388924946, 0.9767840803619742]
(185, 0);9;105;1;stop;1.0;True;False;576;[0.003074672566931066, 0.9966984676359678]
(185, 1);0;82;1;stop;1.0;True;True;627;[0.9996463119642143, 5.474339623956486e-05]
(185, 1);1;66;1;stop;1.0;True;True;577;[0.9996900327380838, 7.720394940448949e-05]
(185, 1);2;78;1;stop;1.0;True;True;260;[0.9997572296328612, 7.7209103496181e-05]
(185, 1);3;57;1;stop;1.0;True;True;509;[0.9997267277849301, 6.012867525352242e-05]
(185, 1);4;99;1;stop;1.0;True;True;710;[0.9993470405441258, 0.00021644950588191228]
(185, 1);5;172;1;stop;1.0;True;True;571;[0.9954396789999841, 0.0002025404453984262]
(185, 1);6;85;1;stop;1.0;True;True;384;[0.9995625741191665, 8.747235682529241e-05]
(185, 1);7;62;1;stop;1.0;True;True;411;[0.9996379732967621, 0.0001055197523780873]
(185, 1);8;65;1;stop;1.0;True;True;463;[0.9997838011080321, 6.0132115942356505e-05]
(185, 1);9;56;1;stop;1.0;True;True;508;[0.9992801368624623, 0.00010883038113937081]
(185, 2);0;126;1;stop;1.0;True;False;577;[0.010010924894737518, 0.9897247400673055]
(185, 2);1;75;1;stop;1.0;True;False;587;[0.004467945109754159, 0.9954338908212733]
(185, 2);2;72;1;stop;1.0;True;False;426;[0.00690350429386481, 0.9930482193570281]
(185, 2);3;108;1;stop;1.0;True;False;570;[0.01363358637105617, 0.9861280830302828]
(185, 2);4;91;1;stop;1.0;True;False;698;[0.004754302451000209, 0.9950571026101663]
(185, 2);5;79;1;stop;1.0;True;False;563;[0.025950340228068126, 0.973779282169165]
(185, 2);6;89;1;stop;1.0;True;False;880;[0.0014102185027381217, 0.9984907076733114]
(185, 2);7;78;1;stop;1.0;True;False;724;[0.004331030197523315, 0.9955599441733862]
(185, 2);8;70;1;stop;1.0;True;False;484;[0.008314737132499481, 0.9915598225066344]
(185, 2);9;84;1;stop;1.0;True;False;576;[0.002713920839065006, 0.9968940231415098]
(185, 3);0;71;1;stop;1.0;True;False;348;[0.007815391255977978, 0.9921210860700703]
(185, 3);1;119;1;stop;1.0;True;False;601;[0.0059101872385368785, 0.9939404594161501]
(185, 3);2;96;1;stop;1.0;True;False;484;[0.0025505882622446183, 0.9973223573770906]
(185, 3);3;72;1;stop;1.0;True;False;526;[0.006691089843143571, 0.9930456330223367]
(185, 3);4;89;1;stop;1.0;True;False;509;[0.032096103782747555, 0.9677606103339591]
(185, 3);5;65;1;stop;1.0;True;False;445;[0.005058998392238565, 0.9946772971821655]
(185, 3);6;76;1;stop;1.0;True;False;912;[0.004198014609099055, 0.9956161880256192]
(185, 3);7;84;1;stop;1.0;True;False;655;[0.008575832703954022, 0.9912315214681651]
(185, 3);8;83;1;stop;1.0;True;False;521;[0.003074979000889265, 0.9967978347842801]
(185, 3);9;120;1;stop;1.0;True;False;460;[0.03621452483882111, 0.9636327366788615]
(186, 0);0;74;0;stop;1.0;True;True;531;[0.9992046726057628, 0.00012331168734883228]
(186, 0);1;73;0;stop;1.0;True;True;265;[0.9991882481452625, 0.00019704813272475722]
(186, 0);2;77;0;stop;1.0;True;True;427;[0.9997260129285791, 7.9657552538424e-05]
(186, 0);3;110;0;stop;1.0;True;True;619;[0.9997348296520499, 5.143122285111806e-05]
(186, 0);4;84;0;stop;1.0;True;True;413;[0.9991701580948668, 0.0002376811115084443]
(186, 0);5;121;0;stop;1.0;True;True;293;[0.9998937958019426, 5.143941462568772e-05]
(186, 0);6;94;0;stop;1.0;True;True;471;[0.9996944407859681, 9.312618320564895e-05]
(186, 0);7;203;0;stop;1.0;True;True;476;[0.9964168178849842, 0.0014633497380302776]
(186, 0);8;175;0;stop;1.0;True;True;485;[0.9789470462378538, 0.007301208442127971]
(186, 0);9;63;0;stop;1.0;True;True;567;[0.9989813225033163, 0.00013123519303287647]
(186, 1);0;114;0;stop;1.0;True;False;438;[0.008574618275068502, 0.9910909882709493]
(186, 1);1;143;0;stop;1.0;True;False;527;[0.0024723589340992728, 0.9974210187394075]
(186, 1);2;130;0;stop;1.0;True;False;515;[0.0059101900567344375, 0.9939410486111276]
(186, 1);3;120;0;stop;1.0;True;False;474;[0.0028005586517494017, 0.9970679673567888]
(186, 1);4;188;0;stop;1.0;True;False;394;[0.3128092472656864, 0.6622172013936665]
(186, 1);5;59;0;stop;1.0;True;False;605;[0.004069274378718458, 0.9957185308910788]
(186, 1);6;121;0;stop;1.0;True;False;545;[0.012048011334888326, 0.9874736023344708]
(186, 1);7;140;0;stop;1.0;True;False;302;[0.013220868791003428, 0.9866313384687695]
(186, 1);8;84;0;stop;1.0;True;False;438;[0.02227726806042987, 0.977322700884628]
(186, 1);9;250;0;stop;1.0;True;False;394;[0.027519814233125557, 0.970106958303128]
(186, 2);0;96;0;stop;1.0;True;False;600;[0.004195815240909709, 0.9950946386869226]
(186, 2);1;82;0;stop;1.0;True;False;619;[0.009705345816520198, 0.9899721252387494]
(186, 2);2;80;0;stop;1.0;True;False;268;[0.001809849156784333, 0.9979901259305994]
(186, 2);3;96;0;stop;1.0;True;False;539;[0.011684122587281012, 0.9880478197044512]
(186, 2);4;109;0;stop;1.0;True;False;467;[0.026756945639462067, 0.973155591020525]
(186, 2);5;66;0;stop;1.0;True;False;484;[0.008059311539100212, 0.9916084652161123]
(186, 2);6;70;0;stop;1.0;True;False;433;[0.016910546948591305, 0.9828311101241141]
(186, 2);7;85;0;stop;1.0;True;False;473;[0.007340907456311465, 0.991989450074385]
(186, 2);8;67;0;stop;1.0;True;False;376;[0.00805884270927344, 0.9915504466408013]
(186, 2);9;81;0;stop;1.0;True;False;639;[0.003822576393770869, 0.9956787021794947]
(186, 3);0;109;0;stop;0.8;True;False;798;[0.0043308236828339, 0.9955125669492004]
(186, 3);1;159;0;stop;0.8;True;False;553;[0.00555452474451655, 0.9943735670363807]
(186, 3);2;113;0;stop;0.8;True;False;699;[0.0028006454547724767, 0.9970988996972895]
(186, 3);3;133;0;stop;0.8;True;False;679;[0.0009399076363916499, 0.9990214157921847]
(186, 3);4;209;0;stop;0.8;True;False;1121;[0.00941038663643899, 0.9903555942949083]
(186, 3);5;204;0;stop;0.8;True;False;625;[0.01690961966264367, 0.9827772222982198]
(186, 3);6;188;0;stop;0.8;True;False;492;[0.008313860963252864, 0.9914557556423167]
(186, 3);7;96;0;stop;0.2;False;True;428;[0.9990353362362928, 0.0009399206337852185]
(186, 3);8;145;0;stop;0.2;False;True;823;[0.9988664139855588, 0.000472541778138089]
(186, 3);9;146;0;stop;0.8;True;False;478;[0.004609289352997458, 0.9953294808607253]
(187, 0);0;99;0;stop;1.0;True;True;479;[0.9996011656333257, 0.00010886536356569667]
(187, 0);1;36;0;stop;1.0;True;True;393;[0.999874845907329, 5.143843350607285e-05]
(187, 0);2;73;0;stop;1.0;True;True;232;[0.9994877817510776, 0.00011587342538188749]
(187, 0);3;101;0;stop;1.0;True;True;488;[0.9994258602754904, 0.0001397613668874357]
(187, 0);4;62;0;stop;1.0;True;True;415;[0.9995498300587302, 0.00019105482403405046]
(187, 0);5;42;0;stop;1.0;True;True;215;[0.9997782007205326, 8.749121180879299e-05]
(187, 0);6;147;0;stop;1.0;True;True;276;[0.9995949717437177, 0.00014880031604868016]
(187, 0);7;178;0;stop;1.0;True;True;389;[0.9984009841358209, 0.0003678444992427867]
(187, 0);8;162;0;stop;1.0;True;True;464;[0.9997519869915059, 0.0001634508939876087]
(187, 0);9;74;0;stop;1.0;True;True;659;[0.9997386423557733, 9.026495151082463e-05]
(187, 1);0;138;0;stop;1.0;True;False;519;[0.033080254288770206, 0.9667466920720765]
(187, 1);1;101;0;stop;1.0;True;False;328;[0.008061214038328638, 0.9918422509510673]
(187, 1);2;62;0;stop;1.0;True;False;523;[0.0041984530194787, 0.9957200670229327]
(187, 1);3;160;0;stop;1.0;True;False;530;[0.015420453681460895, 0.9843140710487387]
(187, 1);4;54;0;stop;1.0;True;False;323;[0.002472327103663754, 0.9974079735267101]
(187, 1);5;102;0;stop;1.0;True;False;678;[0.004754173232156295, 0.9950298375164555]
(187, 1);6;58;0;stop;1.0;True;False;426;[0.0041978204419619546, 0.9955699870549094]
(187, 1);7;71;0;stop;1.0;True;False;291;[0.006487162780345972, 0.9933424354191956]
(187, 1);8;114;0;stop;1.0;True;False;319;[0.006692280027962975, 0.9932222350844845]
(187, 1);9;137;0;stop;1.0;True;False;373;[0.001987683044473227, 0.9979664991079078]
(187, 2);0;92;0;stop;1.0;True;False;424;[0.004198090677023761, 0.9956340315252121]
(187, 2);1;63;0;stop;1.0;True;False;395;[0.0012447710360188984, 0.9986969544418698]
(187, 2);2;53;0;stop;1.0;True;False;555;[0.0006070079962502382, 0.9992816843055226]
(187, 2);3;73;0;stop;1.0;True;False;410;[0.0032724600492372333, 0.9965426467400275]
(187, 2);4;56;0;stop;1.0;True;False;417;[0.010984196700236353, 0.9887656868987961]
(187, 2);5;60;0;stop;1.0;True;False;407;[0.014059234737148242, 0.9856283521431674]
(187, 2);6;82;0;stop;1.0;True;False;628;[0.008576159852249503, 0.9912693559045405]
(187, 2);7;59;0;stop;1.0;True;False;297;[0.00609604365588575, 0.9936550695326362]
(187, 2);8;46;0;stop;1.0;True;False;469;[0.00711940906539254, 0.9925967680970545]
(187, 2);9;61;0;stop;1.0;True;False;521;[0.003272580204595426, 0.9965792295060656]
(187, 3);0;53;0;stop;1.0;True;False;354;[0.0012842298083060317, 0.9986547472190328]
(187, 3);1;83;0;stop;1.0;True;False;324;[0.0024724485330810024, 0.9974567173367038]
(187, 3);2;24;0;stop;1.0;True;False;542;[0.0017005170136917048, 0.9981785869545913]
(187, 3);3;80;0;stop;1.0;True;False;345;[0.004608845402530544, 0.995233476135764]
(187, 3);4;87;0;stop;1.0;True;False;584;[0.014057773348618184, 0.9855259890205732]
(187, 3);5;24;0;stop;1.0;True;False;291;[0.0012842212351757557, 0.998648327200976]
(187, 3);6;92;0;stop;1.0;True;False;410;[0.00831436048734605, 0.9915149349560546]
(187, 3);7;93;0;stop;1.0;True;False;310;[0.004197980579157925, 0.9956081530612815]
(187, 3);8;65;0;stop;1.0;True;False;552;[0.004197740375654722, 0.9955509644034273]
(187, 3);9;104;0;stop;1.0;True;False;463;[0.0028889550726872056, 0.9968943784981205]
(188, 0);0;54;3;stop;1.0;True;False;411;[0.0069022798352460345, 0.9928717966478869]
(188, 0);1;78;3;stop;1.0;True;False;274;[0.013220780532476977, 0.9866250717813698]
(188, 0);2;95;3;stop;1.0;True;False;512;[0.004904775822866668, 0.9949666969244672]
(188, 0);3;225;3;stop;1.0;True;False;557;[0.1361344210092603, 0.8603960848323071]
(188, 0);4;65;3;stop;1.0;True;False;398;[0.004607713742084466, 0.9949891198895492]
(188, 0);5;36;3;stop;1.0;True;False;322;[0.00572852198002802, 0.993970373652089]
(188, 0);6;85;3;stop;1.0;True;False;309;[0.005056755433477411, 0.9942362653306094]
(188, 0);7;56;3;stop;1.0;True;False;370;[0.005909296755411426, 0.9937909156233612]
(188, 0);8;65;3;stop;1.0;True;False;475;[0.004467768283226678, 0.9953945574066122]
(188, 0);9;70;3;stop;1.0;True;False;430;[0.010645974366972353, 0.988740513674752]
(188, 1);0;111;3;stop;1.0;True;False;506;[0.0019875323498055567, 0.9978907584202843]
(188, 1);1;75;3;stop;1.0;True;False;421;[0.005218811762691168, 0.9945294176418925]
(188, 1);2;73;3;stop;1.0;True;False;310;[0.03962196589544868, 0.9599523569743292]
(188, 1);3;58;3;stop;1.0;True;False;399;[0.00475338439328194, 0.9948649807728995]
(188, 1);4;92;3;stop;1.0;True;False;400;[0.004330563488345556, 0.9954525547705698]
(188, 1);5;67;3;stop;1.0;True;False;299;[0.0025506819125387823, 0.9973591159908441]
(188, 1);6;66;3;stop;1.0;True;False;505;[0.013219689957880514, 0.9865436167363132]
(188, 1);7;42;3;stop;1.0;True;False;430;[0.006902088944602633, 0.9928444162099358]
(188, 1);8;87;3;stop;1.0;True;False;424;[0.09768294042366583, 0.8982755255432264]
(188, 1);9;57;3;stop;1.0;True;False;490;[0.006288197410047617, 0.9934408992080871]
(188, 2);0;65;3;stop;1.0;True;False;687;[0.0032725724021655032, 0.9965768616000364]
(188, 2);1;57;3;stop;1.0;True;False;328;[0.004904502193313924, 0.9949112342723576]
(188, 2);2;47;3;stop;1.0;True;False;486;[0.00734431765476181, 0.9924502113557309]
(188, 2);3;56;3;stop;1.0;True;False;623;[0.00941127963598919, 0.9904497245406163]
(188, 2);4;107;3;stop;1.0;True;False;438;[0.0028891727355445634, 0.9969693757358197]
(188, 2);5;86;3;stop;1.0;True;False;508;[0.004753547590585419, 0.9948991984914844]
(188, 2);6;61;3;stop;1.0;True;False;384;[0.002472420238314931, 0.9974453314452634]
(188, 2);7;59;3;stop;1.0;True;False;364;[0.01798353564697239, 0.9818676658186561]
(188, 2);8;58;3;stop;1.0;True;False;486;[0.0046088739723127705, 0.9952397340087358]
(188, 2);9;72;3;stop;1.0;True;False;413;[0.04600648949489768, 0.9533979278940078]
(188, 3);0;38;3;stop;1.0;True;True;303;[0.9993663275769502, 7.36446400684802e-05]
(188, 3);1;90;3;stop;1.0;True;True;326;[0.9985023550671148, 0.0003795596855993791]
(188, 3);2;52;3;stop;1.0;True;True;310;[0.9994684899890316, 5.3049708030051275e-05]
(188, 3);3;36;3;stop;1.0;True;True;257;[0.9996936068090272, 6.400456625242634e-05]
(188, 3);4;57;3;stop;1.0;True;True;590;[0.9995947335090094, 6.399821845808479e-05]
(188, 3);5;70;3;stop;1.0;True;True;316;[0.9968809915523865, 0.00037894337884746926]
(188, 3);6;96;3;stop;1.0;True;True;518;[0.9997888057516477, 6.301827703225248e-05]
(188, 3);7;42;3;stop;1.0;True;True;297;[0.9997318510292087, 3.480000656679317e-05]
(188, 3);8;100;3;stop;1.0;True;True;584;[0.9992720423155108, 0.00011228406453016821]
(188, 3);9;48;3;stop;1.0;True;True;329;[0.9994582490184258, 7.96362085697448e-05]
(189, 0);0;201;2;stop;1.0;True;False;418;[0.0275072457777695, 0.9696639031430395]
(189, 0);1;115;2;stop;1.0;True;False;426;[0.016905516024953007, 0.9825387139510182]
(189, 0);2;249;2;stop;1.0;True;False;579;[0.09148717308521188, 0.8955595696023748]
(189, 0);3;151;2;stop;1.0;True;False;512;[0.03407918898700703, 0.9652979366351907]
(189, 0);4;105;2;stop;1.0;True;False;690;[0.06948800153981223, 0.9297392795374185]
(189, 0);5;189;2;stop;1.0;True;False;537;[0.044650849308283516, 0.9546771749647571]
(189, 0);6;125;2;stop;1.0;True;False;1077;[0.033075214913377005, 0.9665995387711386]
(189, 0);7;73;2;stop;1.0;True;False;1220;[0.010326361676452976, 0.9895004716375774]
(189, 0);8;76;2;stop;1.0;True;False;531;[0.009121859840048001, 0.990464342367973]
(189, 0);9;201;2;stop;1.0;True;False;627;[0.04334734816174283, 0.956227276525857]
(189, 1);0;73;2;stop;1.0;True;False;543;[0.007813803856234204, 0.9919193055477552]
(189, 1);1;151;2;stop;1.0;True;False;372;[0.047406238012208834, 0.9521797085121844]
(189, 1);2;255;2;stop;1.0;True;False;758;[0.006090192130343686, 0.992700957962098]
(189, 1);3;230;2;stop;1.0;True;False;905;[0.01854320130885431, 0.9812753525105948]
(189, 1);4;80;2;stop;1.0;True;False;375;[0.011327464484246166, 0.9882942509591682]
(189, 1);5;183;2;stop;1.0;True;False;639;[0.020956810635192155, 0.9786888113647874]
(189, 1);6;84;2;stop;1.0;True;False;369;[0.007575709955610233, 0.9922220069706558]
(189, 1);7;388;2;stop;1.0;True;False;969;[0.13624058046053186, 0.8610669434474675]
(189, 1);8;184;2;stop;1.0;True;False;668;[0.02441723020553601, 0.9753427555468164]
(189, 1);9;218;2;stop;1.0;True;False;926;[0.04065656337026026, 0.925339206796527]
(189, 2);0;172;2;stop;1.0;True;True;320;[0.9995039778964617, 0.0001088547742264226]
(189, 2);1;318;2;stop;1.0;True;True;328;[0.9972352147486928, 0.0019554332153951482]
(189, 2);2;104;2;stop;1.0;True;True;652;[0.9996961086837474, 4.831327346562876e-05]
(189, 2);3;95;2;stop;1.0;True;True;386;[0.9994981424646395, 0.0001272633962926492]
(189, 2);4;68;2;stop;1.0;True;True;571;[0.9998303939575447, 7.483912456647025e-05]
(189, 2);5;110;2;stop;1.0;True;True;883;[0.9994789694170761, 4.3980214036267255e-05]
(189, 2);6;271;2;stop;1.0;True;True;459;[0.9978057715359853, 0.00022297602311450995]
(189, 2);7;118;2;stop;1.0;True;True;547;[0.99951457710982, 9.911443956523775e-05]
(189, 2);8;143;2;stop;1.0;True;True;499;[0.9995964010949758, 7.482164043215005e-05]
(189, 2);9;68;2;stop;1.0;True;True;542;[0.9998363524249342, 4.264229179632561e-05]
(189, 3);0;193;2;stop;1.0;True;False;608;[0.01132887432588421, 0.9884169884027221]
(189, 3);1;132;2;stop;1.0;True;False;317;[0.02032659023941315, 0.9793900505324721]
(189, 3);2;121;2;stop;1.0;True;False;338;[0.03730619371261928, 0.9621394383705938]
(189, 3);3;203;2;stop;1.0;True;False;409;[0.039619245364362496, 0.9598863408401075]
(189, 3);4;102;2;stop;1.0;True;False;427;[0.0014101566391934153, 0.9984468539861152]
(189, 3);5;129;2;stop;1.0;True;False;475;[0.10082215904513157, 0.8986181888765163]
(189, 3);6;96;2;stop;1.0;True;False;841;[0.015421453728049369, 0.9843778305664593]
(189, 3);7;150;2;stop;1.0;True;False;665;[0.007345256262407904, 0.9925769194444838]
(189, 3);8;117;2;stop;1.0;True;False;692;[0.00609604365588575, 0.9936550695326362]
(189, 3);9;97;2;stop;1.0;True;False;591;[0.03112744019771633, 0.9683462160920556]
(190, 0);0;138;1;stop;1.0;True;False;527;[0.003272722212070283, 0.9966226825667622]
(190, 0);1;79;1;stop;1.0;True;False;560;[0.009706030765377726, 0.9900422279617107]
(190, 0);2;239;1;stop;1.0;True;False;569;[0.05819549046980043, 0.9392276030451375]
(190, 0);3;206;1;stop;1.0;True;False;482;[0.016400310093945547, 0.9834337192408846]
(190, 0);4;60;1;stop;1.0;True;False;330;[0.022971955557954907, 0.9767924969524847]
(190, 0);5;94;1;stop;1.0;True;False;463;[0.006288989049666724, 0.9935659775012275]
(190, 0);6;100;1;stop;1.0;True;False;626;[0.01281896398382188, 0.9870054877131108]
(190, 0);7;104;1;stop;1.0;True;False;417;[0.008314610260647424, 0.9915449382570789]
(190, 0);8;83;1;stop;1.0;True;False;583;[0.005059726964858137, 0.9948208552737301]
(190, 0);9;96;1;stop;1.0;True;False;387;[0.0023963941437154046, 0.9974631220303298]
(190, 1);0;82;1;stop;1.0;True;True;277;[0.9996651340595625, 6.203357794980438e-05]
(190, 1);1;82;1;stop;1.0;True;True;410;[0.9995954481842126, 6.812581389905395e-05]
(190, 1);2;116;1;stop;1.0;True;True;428;[0.9996976574692449, 0.0001022793958116285]
(190, 1);3;56;1;stop;1.0;True;True;540;[0.9994759922546742, 0.00012726048349800452]
(190, 1);4;106;1;stop;1.0;True;True;477;[0.999723868333497, 7.029734226003167e-05]
(190, 1);5;94;1;stop;1.0;True;True;384;[0.9990951864582834, 0.0001850924668532732]
(190, 1);6;100;1;stop;1.0;True;True;590;[0.9994782548833284, 9.606152754640406e-05]
(190, 1);7;43;1;stop;1.0;True;True;329;[0.9997692640690649, 6.81376394359939e-05]
(190, 1);8;112;1;stop;1.0;True;True;406;[0.9995990215969855, 0.00010226925202645807]
(190, 1);9;108;1;stop;1.0;True;True;349;[0.9998365907754261, 7.966636523986073e-05]
(190, 2);0;68;1;stop;1.0;True;False;366;[0.011685665973602545, 0.9881780629540462]
(190, 2);1;74;1;stop;1.0;True;False;390;[0.016912522640396162, 0.982946274890447]
(190, 2);2;139;1;stop;1.0;True;False;392;[0.025171188931163085, 0.974524898149749]
(190, 2);3;77;1;stop;1.0;True;False;302;[0.016906555948926868, 0.9825995966413988]
(190, 2);4;86;1;stop;1.0;True;False;461;[0.009123843492326611, 0.9906796885971866]
(190, 2);5;111;1;stop;1.0;True;False;445;[0.01798113474620432, 0.9817367822421778]
(190, 2);6;95;1;stop;1.0;True;False;411;[0.014061648371900133, 0.9857975765937802]
(190, 2);7;62;1;stop;1.0;True;False;435;[0.0030751564239816787, 0.9968556402669645]
(190, 2);8;115;1;stop;1.0;True;False;402;[0.012426888543666156, 0.9871900541080909]
(190, 2);9;111;1;stop;1.0;True;False;355;[0.008061237101679993, 0.9918453001722394]
(190, 3);0;54;1;stop;1.0;True;False;633;[0.005383653088189643, 0.9943776922796592]
(190, 3);1;76;1;stop;1.0;True;False;446;[0.05499651190914685, 0.9448439468877224]
(190, 3);2;143;1;stop;1.0;True;False;330;[0.017983509921336696, 0.9818661716321494]
(190, 3);3;65;1;stop;1.0;True;False;539;[0.010324756579507717, 0.9893463102369077]
(190, 3);4;60;1;stop;1.0;True;False;558;[0.008313076057454988, 0.9913617855334069]
(190, 3);5;72;1;stop;1.0;True;False;513;[0.020961118054778766, 0.9788899271058252]
(190, 3);6;84;1;stop;1.0;True;False;621;[0.007576530010253124, 0.9923294050570692]
(190, 3);7;46;1;stop;1.0;True;False;318;[0.007575648545399024, 0.9922141440156925]
(190, 3);8;77;1;stop;1.0;True;False;441;[0.0031723018917762386, 0.9967078232572191]
(190, 3);9;232;1;stop;1.0;True;False;504;[0.058322055862366974, 0.9412703560997391]
(191, 0);0;62;2;stop;1.0;True;False;361;[0.031137423527607642, 0.9686568460973046]
(191, 0);1;58;2;stop;1.0;True;False;368;[0.014948867197015, 0.9845015614820598]
(191, 0);2;58;2;stop;1.0;True;False;443;[0.01065011243386599, 0.9891245456894997]
(191, 0);3;96;2;stop;1.0;True;False;438;[0.01541841702241745, 0.9841840364361886]
(191, 0);4;34;2;stop;1.0;True;False;398;[0.0031719918092911153, 0.9966103685158902]
(191, 0);5;43;2;stop;1.0;True;False;363;[0.01590058491151364, 0.9837342626574067]
(191, 0);6;65;2;stop;1.0;True;False;442;[0.0038230758589298704, 0.9958086000721993]
(191, 0);7;95;2;stop;1.0;True;False;434;[0.037288666791901466, 0.9616873128056673]
(191, 0);8;70;2;stop;1.0;True;False;426;[0.010326593106715248, 0.9895222986509546]
(191, 0);9;59;2;stop;1.0;True;False;319;[0.010326982118203824, 0.9895598853710867]
(191, 1);0;68;2;stop;1.0;True;False;393;[0.00857549330078768, 0.9911920508604378]
(191, 1);1;63;2;stop;1.0;True;False;364;[0.011327750759730219, 0.9883189360314427]
(191, 1);2;35;2;stop;1.0;True;False;466;[0.0015976265391836253, 0.998265538220023]
(191, 1);3;163;2;stop;1.0;True;False;372;[0.015369119470695884, 0.9810371136284806]
(191, 1);4;67;2;stop;1.0;True;False;365;[0.001244609600049531, 0.998567609301954]
(191, 1);5;78;2;stop;1.0;True;False;477;[0.003944965630957101, 0.9959431438108343]
(191, 1);6;42;2;stop;1.0;True;False;394;[0.005553701089810514, 0.9942258956182435]
(191, 1);7;34;2;stop;1.0;True;False;277;[0.0035926892049335775, 0.9961530710698245]
(191, 1);8;57;2;stop;1.0;True;False;352;[0.004608777275302997, 0.995218598841455]
(191, 1);9;46;2;stop;1.0;True;False;333;[0.0010648568380981533, 0.9988356097206896]
(191, 2);0;62;2;stop;1.0;True;True;468;[0.9980663568143358, 0.00026903045776970926]
(191, 2);1;37;2;stop;1.0;True;True;367;[0.9996371394251146, 6.203180318029142e-05]
(191, 2);2;63;2;stop;1.0;True;True;342;[0.9995703160180524, 6.81240597359852e-05]
(191, 2);3;67;2;stop;1.0;True;True;367;[0.9992499021764939, 0.00013543746437732614]
(191, 2);4;76;2;stop;1.0;True;True;368;[0.9985630923577495, 0.00034561395566686865]
(191, 2);5;75;2;stop;1.0;True;True;419;[0.9993253732228927, 0.00026108221469391997]
(191, 2);6;56;2;stop;1.0;True;True;383;[0.9981807249810563, 0.00020309827875671134]
(191, 2);7;230;2;stop;1.0;True;True;292;[0.9933416120607482, 0.003754479987959766]
(191, 2);8;55;2;stop;1.0;True;True;455;[0.9985991103712106, 0.0002528657351410792]
(191, 2);9;55;2;stop;1.0;True;True;317;[0.9994556292345148, 6.602054687923604e-05]
(191, 3);0;69;2;stop;1.0;True;False;346;[0.00419803262506192, 0.9956204422110553]
(191, 3);1;49;2;stop;1.0;True;False;352;[0.0010647989546542461, 0.998781260872555]
(191, 3);2;53;2;stop;1.0;True;False;356;[0.0018670337260573368, 0.9978479070988927]
(191, 3);3;47;2;stop;1.0;True;False;388;[0.015416733489354472, 0.9840763170117336]
(191, 3);4;84;2;stop;1.0;True;False;494;[0.01971033074940157, 0.9798436437203306]
(191, 3);5;23;2;stop;1.0;True;False;482;[0.004330582073147719, 0.9954570432745116]
(191, 3);6;53;2;stop;1.0;True;False;352;[0.009122773310544756, 0.990563172178279]
(191, 3);7;43;2;stop;1.0;True;False;349;[0.0013249185602026926, 0.9985964950480639]
(191, 3);8;56;2;stop;1.0;True;False;535;[0.016878661408825695, 0.9809782591145656]
(191, 3);9;45;2;stop;1.0;True;False;356;[0.002714626214289937, 0.9971530657575157]
(192, 0);0;79;1;stop;1.0;True;False;385;[0.0026312652862485932, 0.9972134019551575]
(192, 0);1;47;1;stop;1.0;True;False;587;[0.014953380013048426, 0.9847988276883942]
(192, 0);2;132;1;stop;1.0;True;False;584;[0.03620184339705496, 0.9632952314450118]
(192, 0);3;64;1;stop;1.0;True;False;411;[0.0034822550656781258, 0.9961821721424736]
(192, 0);4;151;1;stop;1.0;True;False;419;[0.0029792564473962255, 0.9964251029737604]
(192, 0);5;47;1;stop;1.0;True;False;517;[0.01001212790942138, 0.9898439787643805]
(192, 0);6;166;1;stop;1.0;True;False;614;[0.14754834828778535, 0.8490821325494248]
(192, 0);7;62;1;stop;1.0;True;False;555;[0.003823028461623349, 0.9957966610148974]
(192, 0);8;50;1;stop;1.0;True;False;502;[0.0154180641268965, 0.984161175043829]
(192, 0);9;45;1;stop;1.0;True;False;345;[0.0023962387429451323, 0.9973983677295278]
(192, 1);0;41;1;stop;1.0;True;True;288;[0.9998499380280622, 6.604661833504298e-05]
(192, 1);1;161;1;stop;1.0;True;True;456;[0.9991405251201729, 0.0001851007633820027]
(192, 1);2;65;1;stop;1.0;True;True;441;[0.9999184674950152, 3.21907613133398e-05]
(192, 1);3;75;1;stop;1.0;True;True;438;[0.999818953880008, 4.005803829406893e-05]
(192, 1);4;85;1;stop;1.0;True;True;497;[0.9990904267159959, 7.248290584897823e-05]
(192, 1);5;71;1;stop;1.0;True;True;529;[0.9995634078704312, 0.00017948179373559705]
(192, 1);6;79;1;stop;1.0;True;True;282;[0.9995637651676795, 3.942691776846225e-05]
(192, 1);7;100;1;stop;1.0;True;True;450;[0.9993839485330059, 9.309723497784341e-05]
(192, 1);8;73;1;stop;1.0;True;True;385;[0.9994169299293895, 0.00013546006982908935]
(192, 1);9;56;1;stop;1.0;True;True;538;[0.9994293133880877, 6.201890804681988e-05]
(192, 2);0;83;1;stop;1.0;True;False;468;[0.005383427185855435, 0.9943359674065868]
(192, 2);1;241;1;stop;1.0;True;False;398;[0.01798218081356068, 0.9817936596832469]
(192, 2);2;152;1;stop;1.0;True;False;486;[0.053396117967579586, 0.9464688162597197]
(192, 2);3;75;1;stop;1.0;True;False;421;[0.001324869283027803, 0.9985597640655554]
(192, 2);4;74;1;stop;1.0;True;False;508;[0.022974004025218216, 0.9768794016708693]
(192, 2);5;80;1;stop;1.0;True;False;563;[0.003272335217174214, 0.9965045277404244]
(192, 2);6;202;1;stop;1.0;True;False;727;[0.006902793291449202, 0.992945837000355]
(192, 2);7;103;1;stop;1.0;True;False;481;[0.022965564856901967, 0.9765206191663913]
(192, 2);8;83;1;stop;1.0;True;False;480;[0.01590385308490503, 0.9839366498026397]
(192, 2);9;79;1;stop;1.0;True;False;366;[0.0021153298093685587, 0.9977081018874376]
(192, 3);0;73;1;stop;1.0;True;False;646;[0.019120813135835923, 0.9807106964074873]
(192, 3);1;108;1;stop;1.0;True;False;296;[0.012426764106642599, 0.9871801798832824]
(192, 3);2;66;1;stop;1.0;True;False;377;[0.0064868194308831985, 0.9932896239075617]
(192, 3);3;140;1;stop;1.0;True;False;426;[0.04207234995019987, 0.957562331847052]
(192, 3);4;55;1;stop;1.0;True;False;359;[0.0044673209220598325, 0.9952946430511284]
(192, 3);5;49;1;stop;1.0;True;False;367;[0.012428956750927192, 0.9873543530842862]
(192, 3);6;59;1;stop;1.0;True;False;549;[0.0062884762717257915, 0.9934850204021825]
(192, 3);7;132;1;stop;1.0;True;False;389;[0.010648020351203592, 0.9889302775814683]
(192, 3);8;59;1;stop;1.0;True;False;293;[0.016905370924367766, 0.9825305424948694]
(192, 3);9;49;1;stop;1.0;True;False;446;[0.010649904222758045, 0.9891051851442912]
(193, 0);0;104;2;stop;1.0;True;False;655;[0.0033765355034177996, 0.9966008963975437]
(193, 0);1;124;2;stop;1.0;True;False;581;[0.0028892264649759097, 0.9969878602547592]
(193, 0);2;90;2;stop;1.0;True;False;511;[0.00460582020595752, 0.9945801211016294]
(193, 0);3;25;2;stop;1.0;True;False;479;[0.0006461646594758712, 0.9992939453928094]
(193, 0);4;127;2;stop;1.0;True;False;627;[0.006288059483035875, 0.9934188992521108]
(193, 0);5;67;2;stop;1.0;True;False;323;[0.008843663663380743, 0.9907391270009116]
(193, 0);6;73;2;stop;1.0;True;False;482;[0.023670121615043276, 0.9755131167520599]
(193, 0);7;167;2;stop;1.0;True;False;300;[0.025953328742024776, 0.9738915450471387]
(193, 0);8;73;2;stop;1.0;True;False;509;[0.01032140932745023, 0.9890256530860282]
(193, 0);9;60;2;stop;1.0;True;False;503;[0.025147848782034587, 0.9736211656515128]
(193, 1);0;78;2;stop;1.0;True;False;389;[0.008312338789207514, 0.991274158358506]
(193, 1);1;66;2;stop;1.0;True;False;373;[0.005725908461851309, 0.9935170250264358]
(193, 1);2;75;2;stop;1.0;True;False;530;[0.00521914274679468, 0.9945926207970708]
(193, 1);3;78;2;stop;1.0;True;False;400;[0.0028005506392982903, 0.9970648860614565]
(193, 1);4;52;2;stop;1.0;True;False;214;[0.0021152602124315037, 0.9976754704972561]
(193, 1);5;135;2;stop;1.0;True;False;478;[0.025952344907506666, 0.9738545725082323]
(193, 1);6;35;2;stop;1.0;True;False;482;[0.004198302873783031, 0.9956842567103219]
(193, 1);7;103;2;stop;1.0;True;False;338;[0.02594889868703246, 0.9737252522233593]
(193, 1);8;49;2;stop;1.0;True;False;601;[0.008313278223074901, 0.9913861548221714]
(193, 1);9;125;2;stop;1.0;True;False;619;[0.00505926857911594, 0.9947303742418718]
(193, 2);0;153;2;stop;1.0;True;True;408;[0.9995305359063527, 0.00020982867201824925]
(193, 2);1;53;2;stop;1.0;True;True;274;[0.9998158555572949, 7.030384551549646e-05]
(193, 2);2;53;2;stop;1.0;True;True;338;[0.9997695023744665, 7.966097114306715e-05]
(193, 2);3;98;2;stop;1.0;True;True;508;[0.9998794939311095, 7.03083378061265e-05]
(193, 2);4;165;2;stop;1.0;True;True;653;[0.9996187948612449, 0.00013548745977320405]
(193, 2);5;113;2;stop;1.0;True;True;548;[0.999597711345122, 0.000112320692693644]
(193, 2);6;78;2;stop;1.0;True;True;587;[0.9998230055427972, 7.966522561151584e-05]
(193, 2);7;105;2;stop;1.0;True;True;418;[0.9998131147615048, 8.21932874716e-05]
(193, 2);8;79;2;stop;1.0;True;True;275;[0.9995480435113998, 0.00019105445962624057]
(193, 2);9;80;2;stop;1.0;True;True;334;[0.9995872294793167, 0.00018518357252060743]
(193, 3);0;49;2;stop;1.0;True;False;212;[0.009704498953347991, 0.9898856783189495]
(193, 3);1;64;2;stop;1.0;True;False;425;[0.008059784239405243, 0.991666490880509]
(193, 3);2;52;2;stop;1.0;True;False;380;[0.002396086779879431, 0.9973354005411638]
(193, 3);3;78;2;stop;1.0;True;False;491;[0.012052211617652745, 0.9878176809165891]
(193, 3);4;89;2;stop;1.0;True;False;463;[0.009124326420330835, 0.9907322234006641]
(193, 3);5;100;2;stop;1.0;True;False;577;[0.01032481565840778, 0.9893522606595722]
(193, 3);6;107;2;stop;1.0;True;False;516;[0.009407797865479826, 0.9900828929875669]
(193, 3);7;75;2;stop;1.0;True;False;496;[0.0021155093598664893, 0.997792597466323]
(193, 3);8;66;2;stop;1.0;True;False;509;[0.003074979000889265, 0.9967980717431765]
(193, 3);9;56;2;stop;1.0;True;False;474;[0.006287816618912499, 0.9933805484110366]
(194, 0);0;53;2;stop;0.9;True;False;437;[0.014954478123760238, 0.984870975477022]
(194, 0);1;49;2;stop;0.9;True;False;293;[0.010983248722307474, 0.9886803830472252]
(194, 0);2;51;2;stop;0.9;True;False;654;[0.01242805001597578, 0.9872820730249607]
(194, 0);3;107;2;stop;0.9;True;False;412;[0.005384577332818082, 0.9945484013228512]
(194, 0);4;89;2;stop;0.1;False;True;441;[0.9996670401312365, 0.00023048314258201534]
(194, 0);5;88;2;stop;0.9;True;False;392;[0.01690929714032004, 0.9827585708461221]
(194, 0);6;51;2;stop;0.9;True;False;362;[0.006487168966989452, 0.9933432587783255]
(194, 0);7;72;2;stop;0.9;True;False;598;[0.019116692463499348, 0.9804993188253899]
(194, 0);8;106;2;stop;0.9;True;False;448;[0.02227922270994895, 0.977408332864543]
(194, 0);9;67;2;stop;0.9;True;False;227;[0.02367235086173289, 0.9756050139800033]
(194, 1);0;66;2;stop;1.0;True;False;586;[0.012048832889244595, 0.9875405620323218]
(194, 1);1;69;2;stop;1.0;True;False;455;[0.01322190272047675, 0.9867083971681272]
(194, 1);2;103;2;stop;1.0;True;False;637;[0.010325628027565198, 0.9894300948939064]
(194, 1);3;56;2;stop;1.0;True;False;362;[0.00781422489563634, 0.9919726756508174]
(194, 1);4;135;2;stop;1.0;True;False;378;[0.023680812622171196, 0.9759536999682769]
(194, 1);5;54;2;stop;1.0;True;False;358;[0.011331251467672833, 0.9886244536678437]
(194, 1);6;42;2;stop;1.0;True;False;453;[0.0038234477658823066, 0.995905543728449]
(194, 1);7;149;2;stop;1.0;True;False;713;[0.0035926789261820167, 0.9961501136715305]
(194, 1);8;49;2;stop;1.0;True;False;426;[0.006289061021846546, 0.9935771574063123]
(194, 1);9;197;2;stop;1.0;True;False;422;[0.022281103159643163, 0.9774907915470794]
(194, 2);0;32;2;stop;1.0;True;True;294;[0.9998156172262953, 7.966469379053396e-05]
(194, 2);1;82;2;stop;1.0;True;True;359;[0.9998159747300905, 8.48026251114114e-05]
(194, 2);2;61;2;stop;1.0;True;True;374;[0.999552688517828, 0.00013547854451370495]
(194, 2);3;82;2;stop;1.0;True;True;364;[0.9996679931975306, 0.0001195731932038094]
(194, 2);4;82;2;stop;1.0;True;True;387;[0.9994349098433074, 0.0001766764385851763]
(194, 2);5;83;2;stop;1.0;True;True;471;[0.9988373936864982, 0.00034570889441216284]
(194, 2);6;79;2;stop;1.0;True;True;455;[0.998080844445153, 0.00035088705149017614]
(194, 2);7;93;2;stop;1.0;True;True;646;[0.9981258535554159, 0.00026076892766975306]
(194, 2);8;62;2;stop;1.0;True;True;438;[0.9996142683618033, 0.0001584001331330073]
(194, 2);9;92;2;stop;1.0;True;True;336;[0.999502786977368, 0.00013337153016427128]
(194, 3);0;198;2;stop;1.0;True;False;692;[0.004609219021360081, 0.9953141284553705]
(194, 3);1;62;2;stop;1.0;True;False;545;[0.007120006575051174, 0.9926801651545768]
(194, 3);2;72;2;stop;1.0;True;False;550;[0.0033758094455163617, 0.9963861644442603]
(194, 3);3;89;2;stop;1.0;True;False;592;[0.029290799710056825, 0.9699779586131252]
(194, 3);4;117;2;stop;1.0;True;False;592;[0.008844030548898875, 0.9907804333478578]
(194, 3);5;32;2;stop;1.0;True;False;398;[0.0071195244894869435, 0.9926130940880827]
(194, 3);6;97;2;stop;1.0;True;False;427;[0.01405971743095296, 0.9856621695568086]
(194, 3);7;105;2;stop;1.0;True;False;468;[0.01495258856767115, 0.9847466891339685]
(194, 3);8;80;2;stop;1.0;True;False;678;[0.015903617996651173, 0.9839219936113475]
(194, 3);9;52;2;stop;1.0;True;False;660;[0.0028889908894985323, 0.9969066995398572]
(195, 0);0;303;2;stop;1.0;True;False;265;[0.21666542301457292, 0.7802421493358922]
(195, 0);1;52;2;stop;1.0;True;False;356;[0.013633631878136187, 0.9861313286730459]
(195, 0);2;253;2;stop;1.0;True;False;359;[0.011219512145841378, 0.9788753059752584]
(195, 0);3;266;2;stop;1.0;True;False;371;[0.1896209517184922, 0.6828512785938775]
(195, 0);4;62;2;stop;1.0;True;False;347;[0.006486299801397625, 0.9932101226111105]
(195, 0);5;111;2;stop;1.0;True;False;482;[0.01363290378308315, 0.9860788174318952]
(195, 0);6;99;2;stop;1.0;True;False;447;[0.020962162562478636, 0.9789385910249739]
(195, 0);7;62;2;stop;1.0;True;False;412;[0.00538374550551308, 0.9943946661989742]
(195, 0);8;72;2;stop;1.0;True;False;379;[0.012424779208315534, 0.9870225587044933]
(195, 0);9;29;2;stop;1.0;True;False;480;[0.002550573667703269, 0.997316547337503]
(195, 1);0;98;2;stop;1.0;True;False;464;[0.009706002996240684, 0.9900391907380283]
(195, 1);1;131;2;stop;1.0;True;False;610;[0.014499962735507282, 0.9852507334284147]
(195, 1);2;92;2;stop;1.0;True;False;817;[0.003272736257100453, 0.996626944997636]
(195, 1);3;216;2;stop;1.0;True;False;698;[0.017980114460441902, 0.9816808314998426]
(195, 1);4;307;2;stop;1.0;True;False;135;[0.04402030237469398, 0.9411954776569698]
(195, 1);5;77;2;stop;1.0;True;False;292;[0.004330887701334444, 0.9955270986361946]
(195, 1);6;136;2;stop;1.0;True;False;121;[0.08094565388354212, 0.8978723824143352]
(195, 1);7;87;2;stop;1.0;True;False;401;[0.0075759953390059365, 0.992259446727723]
(195, 1);8;106;2;stop;1.0;True;False;538;[0.04588137427537918, 0.950805288528206]
(195, 1);9;157;2;stop;1.0;True;False;558;[0.0034830671295003977, 0.9964144508288423]
(195, 2);0;74;2;stop;1.0;True;True;541;[0.9999150109971953, 4.539607651553189e-05]
(195, 2);1;41;2;stop;1.0;True;True;467;[0.999808229037136, 8.21928955443982e-05]
(195, 2);2;159;2;stop;1.0;True;True;692;[0.9997977427523806, 7.966325029433649e-05]
(195, 2);3;74;2;stop;1.0;True;True;395;[0.9998828310016988, 4.8322305034790615e-05]
(195, 2);4;24;2;stop;1.0;True;True;364;[0.9998877174616545, 5.475660629801919e-05]
(195, 2);5;33;2;stop;1.0;True;True;291;[0.999869363679742, 5.475561412759567e-05]
(195, 2);6;191;2;stop;1.0;True;True;531;[0.9931624983289838, 0.005547759037063557]
(195, 2);7;44;2;stop;1.0;True;True;567;[0.9997604467218494, 3.647113718479717e-05]
(195, 2);8;190;2;stop;1.0;True;True;515;[0.9986552227172855, 0.000939563046934309]
(195, 2);9;385;2;stop;1.0;True;True;155;[0.6866349800969817, 0.005940557802896691]
(195, 3);0;113;2;stop;0.9;True;False;929;[0.0017006175645071855, 0.9982377407094793]
(195, 3);1;80;2;stop;0.9;True;False;770;[0.0013249608894957327, 0.9986284734441188]
(195, 3);2;116;2;stop;0.9;True;False;618;[0.010010815102977086, 0.9897142302954799]
(195, 3);3;179;2;stop;0.9;True;False;516;[0.0405710907580749, 0.9527053774049239]
(195, 3);4;480;2;stop;0.1;False;True;188;[0.22708330966916998, 0.13559763754231055]
(195, 3);5;95;2;stop;0.9;True;False;594;[0.005219356777765966, 0.9946333059874913]
(195, 3);6;115;2;stop;0.9;True;False;335;[0.013635712363990467, 0.986282171923331]
(195, 3);7;27;2;stop;0.9;True;False;385;[0.0021825556383787584, 0.9977439394568618]
(195, 3);8;57;2;stop;0.9;True;False;344;[0.0047536586586210666, 0.9949220901814356]
(195, 3);9;149;2;stop;0.9;True;False;269;[0.016399011979297367, 0.9833559024681857]
(196, 0);0;79;2;stop;1.0;True;False;593;[0.01405973754355446, 0.9856637906921542]
(196, 0);1;87;2;stop;1.0;True;False;471;[0.009408084973067062, 0.990113510422738]
(196, 0);2;62;2;stop;1.0;True;False;517;[0.008844827628508094, 0.9908694943105186]
(196, 0);3;194;2;stop;1.0;True;False;500;[0.008574871778005632, 0.9911206141373187]
(196, 0);4;145;2;stop;1.0;True;False;404;[0.04330891970074941, 0.9553794514007333]
(196, 0);5;84;2;stop;1.0;True;False;476;[0.0017006094553500526, 0.9982329891194454]
(196, 0);6;193;2;stop;1.0;True;False;591;[0.017759170093414135, 0.9696177266671756]
(196, 0);7;62;2;stop;1.0;True;False;711;[0.007574550470368524, 0.9920701638046401]
(196, 0);8;190;2;stop;1.0;True;False;596;[0.02842116225160782, 0.9710558799696275]
(196, 0);9;114;2;stop;1.0;True;False;961;[0.008575939025781189, 0.9912439370748992]
(196, 1);0;57;2;stop;1.0;True;False;586;[0.00460849598644622, 0.9951580316133283]
(196, 1);1;121;2;stop;1.0;True;False;598;[0.01854031017167647, 0.9811224807841099]
(196, 1);2;77;2;stop;1.0;True;False;652;[0.025950290731769375, 0.9737775880765291]
(196, 1);3;190;2;stop;1.0;True;False;652;[0.027576607755029476, 0.9721089393459507]
(196, 1);4;233;2;stop;1.0;True;False;785;[0.016207864960341715, 0.9718940463984193]
(196, 1);5;90;2;stop;1.0;True;False;478;[0.02517144098614724, 0.9745345223562542]
(196, 1);6;93;2;stop;1.0;True;False;494;[0.0046089530895570665, 0.9952566192931015]
(196, 1);7;202;2;stop;1.0;True;False;674;[0.009706141842720376, 0.9900533285679607]
(196, 1);8;86;2;stop;1.0;True;False;360;[0.01590262459756077, 0.9838603710867215]
(196, 1);9;271;2;stop;1.0;True;False;885;[0.004465717180981617, 0.9949374305167741]
(196, 2);0;81;2;stop;1.0;True;True;525;[0.9998160938883512, 7.253552913244883e-05]
(196, 2);1;84;2;stop;1.0;True;True;423;[0.9995599538290698, 0.00027798577975727813]
(196, 2);2;242;2;stop;1.0;True;True;490;[0.9982996338393518, 0.0015485259015632776]
(196, 2);3;41;2;stop;1.0;True;True;337;[0.9997143369459793, 0.0001313314730150337]
(196, 2);4;76;2;stop;1.0;True;True;415;[0.9997630680758202, 0.000168641312257165]
(196, 2);5;81;2;stop;1.0;True;True;471;[0.9998457669779236, 6.814283812364243e-05]
(196, 2);6;237;2;stop;1.0;True;True;425;[0.9989917917062996, 0.000910962786514595]
(196, 2);7;41;2;stop;1.0;True;True;334;[0.9979527271603812, 0.0010311821193876428]
(196, 2);8;143;2;stop;1.0;True;True;606;[0.9988547581589058, 0.0009695816776012571]
(196, 2);9;192;2;stop;1.0;True;True;436;[0.9998059649340285, 0.00011591034010100024]
(196, 3);0;57;2;stop;1.0;True;False;376;[0.018541238469340752, 0.9811714823102174]
(196, 3);1;163;2;stop;1.0;True;False;407;[0.0023965027017026743, 0.9975083125416762]
(196, 3);2;99;2;stop;1.0;True;False;517;[0.004466975845480829, 0.9952177725375962]
(196, 3);3;198;2;stop;1.0;True;False;617;[0.021609600082930246, 0.978125075204289]
(196, 3);4;85;2;stop;1.0;True;False;679;[0.0053838584621739615, 0.9944155310373998]
(196, 3);5;74;2;stop;1.0;True;False;347;[0.01001164095749228, 0.9897958595528576]
(196, 3);6;74;2;stop;1.0;True;False;335;[0.005729650230414167, 0.9941665095931298]
(196, 3);7;111;2;stop;1.0;True;False;463;[0.007813315777003112, 0.9918576144655655]
(196, 3);8;151;2;stop;1.0;True;False;510;[0.056636365391759785, 0.9430802163165263]
(196, 3);9;80;2;stop;1.0;True;False;407;[0.0040696469489694045, 0.9958099003145272]
(197, 0);0;159;2;stop;1.0;True;False;595;[0.005384163970470247, 0.9944719996657679]
(197, 0);1;99;2;stop;1.0;True;False;469;[0.004608766287134802, 0.9952163553562433]
(197, 0);2;99;2;stop;1.0;True;False;516;[0.004467333703185796, 0.9952975953605838]
(197, 0);3;55;2;stop;1.0;True;False;562;[0.001987529506619758, 0.9978892152222025]
(197, 0);4;92;2;stop;1.0;True;False;474;[0.005219227362641246, 0.9946087762921769]
(197, 0);5;149;2;stop;1.0;True;False;759;[0.015903041665957428, 0.9838864490848245]
(197, 0);6;143;2;stop;1.0;True;False;389;[0.009707072165370485, 0.9901482203642411]
(197, 0);7;196;2;stop;1.0;True;False;485;[0.009706734276683797, 0.9901139779351857]
(197, 0);8;73;2;stop;1.0;True;False;674;[0.0027146352753476062, 0.9971561475575241]
(197, 0);9;197;2;stop;1.0;True;False;819;[0.006096337251789013, 0.9937026230379251]
(197, 1);0;57;2;stop;1.0;True;False;448;[0.02228289876537924, 0.977569619090554]
(197, 1);1;153;2;stop;1.0;True;False;819;[0.09136373371030242, 0.8943512728321887]
(197, 1);2;84;2;stop;1.0;True;False;437;[0.0015485000579647734, 0.998283001528547]
(197, 1);3;79;2;stop;1.0;True;False;323;[0.010985506196571787, 0.9888835289829018]
(197, 1);4;39;2;stop;1.0;True;False;496;[0.003172250461364899, 0.9966913623886389]
(197, 1);5;82;2;stop;1.0;True;False;614;[0.0014549600546554938, 0.9984741878355929]
(197, 1);6;78;2;stop;1.0;True;False;419;[0.003172412318711749, 0.9967421679469033]
(197, 1);7;73;2;stop;1.0;True;False;384;[0.0013668228196819713, 0.9984847651730511]
(197, 1);8;139;2;stop;1.0;True;False;565;[0.010937779278486852, 0.9845875327040179]
(197, 1);9;78;2;stop;1.0;True;False;428;[0.0015486189420892344, 0.9983593959959636]
(197, 2);0;156;2;stop;1.0;True;True;639;[0.9995435176814228, 0.00014421478459117622]
(197, 2);1;72;2;stop;1.0;True;True;380;[0.9996650149483873, 0.00012728463743578002]
(197, 2);2;105;2;stop;1.0;True;True;683;[0.9996643001652582, 0.00010227598192545328]
(197, 2);3;168;2;stop;1.0;True;True;588;[0.9995332751566155, 0.00014421327172581432]
(197, 2);4;235;2;stop;1.0;True;True;435;[0.9989330244750604, 0.0007094165839990572]
(197, 2);5;218;2;stop;1.0;True;True;403;[0.9989665708369468, 0.0006163726765547777]
(197, 2);6;104;2;stop;1.0;True;True;431;[0.9992690664674669, 7.962109654943174e-05]
(197, 2);7;97;2;stop;1.0;True;True;679;[0.9995744847554361, 5.389082383747957e-05]
(197, 2);8;149;2;stop;1.0;True;True;503;[0.9993507311827874, 0.00012332968133750935]
(197, 2);9;142;2;stop;1.0;True;True;707;[0.9993703755731314, 0.0002164546665017954]
(197, 3);0;175;2;stop;1.0;True;False;774;[0.009123504152804211, 0.9906428352563207]
(197, 3);1;57;2;stop;1.0;True;False;336;[0.005553412442307918, 0.9941745218120499]
(197, 3);2;101;2;stop;1.0;True;False;439;[0.00831474109727605, 0.9915606434647339]
(197, 3);3;152;2;stop;1.0;True;False;513;[0.012050642804508072, 0.987688928420422]
(197, 3);4;68;2;stop;1.0;True;False;396;[0.012052378280132867, 0.9878312902287051]
(197, 3);5;147;2;stop;1.0;True;False;591;[0.00307496433828174, 0.9967930970106864]
(197, 3);6;67;2;stop;1.0;True;False;380;[0.002889165847228191, 0.9969671243577787]
(197, 3);7;237;2;stop;1.0;True;False;427;[0.0008830250891108464, 0.999093401566807]
(197, 3);8;127;2;stop;1.0;True;False;538;[0.054991660612745026, 0.9447606259105136]
(197, 3);9;132;2;stop;1.0;True;False;398;[0.0028004811990155697, 0.9970402365058811]
(198, 0);0;314;3;stop;1.0;True;False;440;[0.00607612385912403, 0.9904078610220787]
(198, 0);1;208;3;stop;1.0;True;False;521;[0.014058705133845871, 0.9855915269970593]
(198, 0);2;148;3;stop;1.0;True;False;504;[0.19524732743808107, 0.7967310194371475]
(198, 0);3;85;3;stop;1.0;True;False;448;[0.008058216364443002, 0.9914733329766843]
(198, 0);4;84;3;stop;1.0;True;False;444;[0.019708267860687016, 0.9797408758469799]
(198, 0);5;234;3;stop;1.0;True;False;309;[0.012429211596841775, 0.9873746908793164]
(198, 0);6;136;3;stop;1.0;True;False;298;[0.02160125009360373, 0.9777472551761996]
(198, 0);7;101;3;stop;1.0;True;False;479;[0.05497606069587212, 0.9444926710109017]
(198, 0);8;174;3;stop;1.0;True;False;375;[0.11932341811648037, 0.8545607854111068]
(198, 0);9;225;3;stop;1.0;True;False;495;[0.010649970240473504, 0.9891113662544814]
(198, 1);0;125;3;stop;1.0;True;False;330;[0.047386496607557844, 0.9517833230046733]
(198, 1);1;160;3;stop;1.0;True;False;624;[0.010326371524443585, 0.9895011720113617]
(198, 1);2;109;3;stop;1.0;True;False;446;[0.020324031587453703, 0.9792665725954698]
(198, 1);3;191;3;stop;1.0;True;False;608;[0.01281770485864228, 0.9869086433935369]
(198, 1);4;98;3;stop;1.0;True;False;498;[0.004467655373563052, 0.9953692816977598]
(198, 1);5;115;3;stop;1.0;True;False;518;[0.0100113020147378, 0.9897623418514208]
(198, 1);6;166;3;stop;1.0;True;False;867;[0.012052154148366384, 0.9878131436009101]
(198, 1);7;98;3;stop;1.0;True;False;519;[0.025166112361039793, 0.9743283996068552]
(198, 1);8;123;3;stop;1.0;True;False;591;[0.008845059596385796, 0.9908955956705239]
(198, 1);9;62;3;stop;1.0;True;False;594;[0.026745273969939306, 0.9727312893142032]
(198, 2);0;139;3;stop;1.0;True;False;370;[0.024416584025218693, 0.9753171274504222]
(198, 2);1;115;3;stop;1.0;True;False;675;[0.05663055932982584, 0.9429834277994881]
(198, 2);2;126;3;stop;1.0;True;False;448;[0.010326534017644572, 0.989516812592963]
(198, 2);3;149;3;stop;1.0;True;False;502;[0.019120452997416718, 0.9806921243615518]
(198, 2);4;199;3;stop;1.0;True;False;701;[0.010011693470776658, 0.9898006474935096]
(198, 2);5;144;3;stop;1.0;True;False;903;[0.04207718508802534, 0.9576724183273763]
(198, 2);6;107;3;stop;1.0;True;False;471;[0.009706947191471924, 0.9901354809800045]
(198, 2);7;184;3;stop;1.0;True;False;350;[0.09006529572798282, 0.9096273518889539]
(198, 2);8;140;3;stop;1.0;True;False;586;[0.00690308624190732, 0.9929880334457832]
(198, 2);9;112;3;stop;1.0;True;False;594;[0.05338920568479533, 0.9463462367118269]
(198, 3);0;247;3;stop;1.0;True;True;613;[0.9979446542864986, 0.0013035257733866764]
(198, 3);1;153;3;stop;1.0;True;True;572;[0.9989714483780716, 0.00013539975396470712]
(198, 3);2;245;3;stop;1.0;True;True;534;[0.9972893956444364, 0.0016857804335326226]
(198, 3);3;170;3;stop;1.0;True;True;453;[0.9995563807014127, 0.00021649492355985255]
(198, 3);4;123;3;stop;1.0;True;True;524;[0.9999181099254703, 2.2826646095459385e-05]
(198, 3);5;119;3;stop;1.0;True;True;739;[0.9978593020000678, 0.0003095880837438241]
(198, 3);6;113;3;stop;1.0;True;True;633;[0.9992476405882617, 9.908797668785876e-05]
(198, 3);7;170;3;stop;1.0;True;True;620;[0.9996230831397187, 0.0001851902836252541]
(198, 3);8;221;3;stop;1.0;True;True;485;[0.9980791818566017, 0.0009995827586296627]
(198, 3);9;146;3;stop;1.0;True;True;633;[0.9995587627850983, 0.00010226515578301608]
(199, 0);0;152;2;stop;1.0;True;False;466;[0.00970678056211003, 0.9901183017442019]
(199, 0);1;101;2;stop;1.0;True;False;483;[0.01971332913661418, 0.9799925668528517]
(199, 0);2;121;2;stop;1.0;True;False;481;[0.010325549249575707, 0.9894222761790193]
(199, 0);3;85;2;stop;1.0;True;False;435;[0.014501407858810026, 0.9853487567026582]
(199, 0);4;82;2;stop;1.0;True;False;563;[0.010326553713963897, 0.9895187967122231]
(199, 0);5;149;2;stop;1.0;True;False;378;[0.029309255852205365, 0.9705891601098378]
(199, 0);6;122;2;stop;1.0;True;False;398;[0.010648781984206098, 0.9890010489176516]
(199, 0);7;249;2;stop;1.0;True;False;457;[0.025948366636325403, 0.973705247266927]
(199, 0);8;136;2;stop;1.0;True;False;268;[0.032087909207731136, 0.9675134881447427]
(199, 0);9;55;2;stop;1.0;True;False;395;[0.02594595398514087, 0.9736147240826685]
(199, 1);0;52;2;stop;1.0;True;False;534;[0.009705933573745665, 0.9900320624272388]
(199, 1);1;66;2;stop;1.0;True;False;318;[0.004197904513228155, 0.995589837609173]
(199, 1);2;161;2;stop;1.0;True;False;445;[0.005384009930506997, 0.9944434697411605]
(199, 1);3;77;2;stop;1.0;True;False;399;[0.008575673223684792, 0.991212898811212]
(199, 1);4;54;2;stop;1.0;True;False;343;[0.029302233883017857, 0.9703567545840494]
(199, 1);5;98;2;stop;1.0;True;False;418;[0.014498185915278246, 0.9851300534531919]
(199, 1);6;149;2;stop;1.0;True;False;313;[0.014500654164094578, 0.9852976011784036]
(199, 1);7;181;2;stop;1.0;True;False;406;[0.014058577763875774, 0.9855824948666433]
(199, 1);8;184;2;stop;1.0;True;False;432;[0.01590348907876151, 0.9839141460318255]
(199, 1);9;58;2;stop;1.0;True;False;417;[0.008576658777428086, 0.9913271078328821]
(199, 2);0;66;2;stop;1.0;True;True;427;[0.9987144328547065, 0.00047246990477691424]
(199, 2);1;93;2;stop;1.0;True;True;537;[0.9986696084484751, 0.00021630278934914757]
(199, 2);2;151;2;stop;1.0;True;True;405;[0.9991883671996303, 0.00023037282645231347]
(199, 2);3;60;2;stop;1.0;True;True;351;[0.9991669447955177, 0.0002452252182899156]
(199, 2);4;74;2;stop;1.0;True;True;429;[0.9995175544453351, 0.00011587685110332805]
(199, 2);5;59;2;stop;1.0;True;True;388;[0.9996925346038593, 0.00018520317669289647]
(199, 2);6;135;2;stop;1.0;True;True;382;[0.9998011984301817, 9.027063319178358e-05]
(199, 2);7;53;2;stop;1.0;True;True;424;[0.9993166827283411, 0.00018513342354416724]
(199, 2);8;38;2;stop;1.0;True;True;213;[0.9998259847282137, 4.985341448454994e-05]
(199, 2);9;35;2;stop;1.0;True;True;424;[0.9993028735348005, 0.0001851309517627922]
(199, 3);0;301;2;stop;1.0;True;False;348;[0.012403563588530633, 0.9853370673954774]
(199, 3);1;59;2;stop;1.0;True;False;316;[0.00628862620247084, 0.9935086706647981]
(199, 3);2;92;2;stop;1.0;True;False;433;[0.004608603665308532, 0.9951814075054839]
(199, 3);3;120;2;stop;1.0;True;False;394;[0.010984767621445336, 0.9888172029800029]
(199, 3);4;168;2;stop;1.0;True;False;515;[0.012051355353663007, 0.9877476593562611]
(199, 3);5;126;2;stop;1.0;True;False;411;[0.002631338058988481, 0.9972410238500868]
(199, 3);6;159;2;stop;1.0;True;False;343;[0.0066915875890576635, 0.9931195818227513]
(199, 3);7;101;2;stop;1.0;True;False;431;[0.014953465577219998, 0.9848044930352402]
(199, 3);8;121;2;stop;1.0;True;False;471;[0.010983845781741611, 0.988734337644569]
(199, 3);9;104;2;stop;1.0;True;False;395;[0.0179821379407518, 0.9817913609683084]
(200, 0);0;45;1;stop;1.0;True;False;380;[0.005384076680616643, 0.9944560839521912]
(200, 0);1;35;1;stop;1.0;True;False;811;[0.004069544100648061, 0.995784485614583]
(200, 0);2;107;1;stop;1.0;True;False;629;[0.006289345919807984, 0.9936221142572241]
(200, 0);3;124;1;stop;1.0;True;False;443;[0.0132197719054466, 0.9865494179955837]
(200, 0);4;81;1;stop;1.0;True;False;517;[0.0019262850419935155, 0.9978404291350281]
(200, 0);5;197;1;stop;1.0;True;False;391;[0.06497171405090943, 0.9253776916594421]
(200, 0);6;105;1;stop;1.0;True;False;638;[0.0025506490737324805, 0.9973460722844074]
(200, 0);7;133;1;stop;1.0;True;False;743;[0.005059854837762797, 0.9948458668951436]
(200, 0);8;35;1;stop;1.0;True;False;529;[0.005219341845087806, 0.9946307113560874]
(200, 0);9;65;1;stop;1.0;True;False;392;[0.00609604074906631, 0.9936545989600348]
(200, 1);0;94;1;stop;1.0;True;True;542;[0.9996565568110979, 9.60786604080432e-05]
(200, 1);1;80;1;stop;1.0;True;True;619;[0.9996326127844184, 0.00024533960494105603]
(200, 1);2;171;1;stop;1.0;True;True;649;[0.9992285961745011, 0.00022329394342606687]
(200, 1);3;96;1;stop;1.0;True;True;413;[0.9995554278869826, 0.0003149979546824069]
(200, 1);4;109;1;stop;1.0;True;True;506;[0.9999115545331495, 6.204884306385431e-05]
(200, 1);5;86;1;stop;1.0;True;True;376;[0.9997318510292087, 0.00016344762056307613]
(200, 1);6;95;1;stop;1.0;True;True;534;[0.9996347569800877, 0.00015352989452957556]
(200, 1);7;84;1;stop;1.0;True;True;293;[0.9996696610220903, 0.00017950096548327883]
(200, 1);8;168;1;stop;1.0;True;True;542;[0.999708737354925, 0.0001488173458678783]
(200, 1);9;94;1;stop;1.0;True;True;429;[0.9996159360094518, 0.0002304712733715547]
(200, 2);0;87;1;stop;1.0;True;False;460;[0.005553534255020602, 0.9941963195223088]
(200, 2);1;139;1;stop;1.0;True;False;794;[0.010322767787131598, 0.9891556871435115]
(200, 2);2;111;1;stop;1.0;True;False;696;[0.00205063806635705, 0.9978979995408963]
(200, 2);3;100;1;stop;1.0;True;False;832;[0.004904483484158503, 0.9949075761282452]
(200, 2);4;104;1;stop;1.0;True;False;1208;[0.010327755260486056, 0.9896338999483737]
(200, 2);5;188;1;stop;1.0;True;False;474;[0.004198561127704504, 0.9957455969261646]
(200, 2);6;82;1;stop;1.0;True;False;636;[0.0032727081671003874, 0.9966180646638335]
(200, 2);7;91;1;stop;1.0;True;False;504;[0.004069788612233657, 0.9958445377443336]
(200, 2);8;81;1;stop;1.0;True;False;1118;[0.009708298846438734, 0.9902734060968533]
(200, 2);9;73;1;stop;1.0;True;False;654;[0.01542279948132184, 0.9844637799814224]
(200, 3);0;182;1;stop;0.9;True;False;593;[0.005553804371001616, 0.9942442785746882]
(200, 3);1;69;1;stop;0.9;True;False;940;[0.02297500641666499, 0.9769220644675899]
(200, 3);2;76;1;stop;0.9;True;False;449;[0.0073450391111682485, 0.9925477935838459]
(200, 3);3;76;1;stop;0.9;True;False;931;[0.007345655557248486, 0.9926310649601146]
(200, 3);4;74;1;stop;0.9;True;False;574;[0.002800244847880861, 0.9969561052366646]
(200, 3);5;138;1;stop;0.9;True;False;488;[0.0038238908199084974, 0.9960213091838722]
(200, 3);6;67;1;stop;0.9;True;False;712;[0.0047544906180535815, 0.9950961733928971]
(200, 3);7;109;1;stop;0.9;True;False;804;[0.012818927308524202, 0.9870024680784137]
(200, 3);8;115;1;stop;0.1;False;True;682;[0.9991689679806378, 0.0004876895102926855]
(200, 3);9;59;1;stop;0.9;True;False;806;[0.004198134716978582, 0.9956444307606034]
(201, 0);0;188;0;stop;1.0;True;True;345;[0.9995819886312692, 0.00017396303752194306]
(201, 0);1;133;0;stop;1.0;True;True;344;[0.9997611616464678, 0.00017399423028535387]
(201, 0);2;67;0;stop;1.0;True;True;372;[0.9986425017637863, 0.00021629701351865005]
(201, 0);3;100;0;stop;1.0;True;True;326;[0.9994805175171046, 0.00033528831566571865]
(201, 0);4;42;0;stop;1.0;True;True;591;[0.9986004179772264, 0.0001793088271172586]
(201, 0);5;85;0;stop;1.0;True;True;413;[0.9996947981882445, 0.00014423665414506223]
(201, 0);6;66;0;stop;1.0;True;True;345;[0.9998288447627128, 4.985355711651691e-05]
(201, 0);7;68;0;stop;1.0;True;True;309;[0.9996419043612961, 0.00013132195455357434]
(201, 0);8;42;0;stop;1.0;True;True;369;[0.9994316948199065, 0.00016858535309041705]
(201, 0);9;64;0;stop;1.0;True;True;557;[0.9997411444595865, 0.00012729434885340414]
(201, 1);0;73;0;stop;0.9;True;False;317;[0.00857490857744201, 0.9911244780447173]
(201, 1);1;61;0;stop;0.9;True;False;498;[0.011680195393634242, 0.9877153277491421]
(201, 1);2;179;0;stop;0.9;True;False;721;[0.0655476935920415, 0.9335812055481517]
(201, 1);3;84;0;stop;0.9;True;False;550;[0.011679187348372458, 0.9876303205509988]
(201, 1);4;159;0;stop;0.9;True;False;398;[0.0275765354325923, 0.9721064605090246]
(201, 1);5;49;0;stop;0.9;True;False;162;[0.003592478496404341, 0.9960947555141574]
(201, 1);6;65;0;stop;0.9;True;False;479;[0.008314542860763423, 0.9915370852848134]
(201, 1);7;94;0;stop;0.9;True;False;552;[0.012050504896634721, 0.9876777641791622]
(201, 1);8;226;0;stop;0.1;False;True;482;[0.6121651172489332, 0.34880119049800423]
(201, 1);9;46;0;stop;0.9;True;False;376;[0.011328820305730613, 0.9884125624800895]
(201, 2);0;110;0;stop;1.0;True;False;415;[0.0017006378375691883, 0.9982497385517286]
(201, 2);1;86;0;stop;1.0;True;False;421;[0.018540363216005235, 0.9811252348049009]
(201, 2);2;95;0;stop;1.0;True;False;419;[0.013216362055232259, 0.9862950436043547]
(201, 2);3;89;0;stop;1.0;True;False;345;[0.01494920222501077, 0.9845235157057812]
(201, 2);4;83;0;stop;1.0;True;False;402;[0.01854346215226768, 0.9812892418162162]
(201, 2);5;93;0;stop;1.0;True;False;424;[0.01854252490150406, 0.9812397701726899]
(201, 2);6;115;0;stop;1.0;True;False;537;[0.014952025312242781, 0.9847096988388306]
(201, 2);7;104;0;stop;1.0;True;False;437;[0.005554010939145959, 0.9942813997009509]
(201, 2);8;226;0;stop;1.0;True;False;539;[0.013631096715181678, 0.9859479684409866]
(201, 2);9;86;0;stop;1.0;True;False;540;[0.033071114579770716, 0.9664797094493026]
(201, 3);0;62;0;stop;1.0;True;False;146;[0.007119867377980085, 0.9926610179069227]
(201, 3);1;85;0;stop;1.0;True;False;403;[0.016909272951393755, 0.9827570734733262]
(201, 3);2;110;0;stop;1.0;True;False;574;[0.009702925742540633, 0.9897254405998281]
(201, 3);3;78;0;stop;1.0;True;False;353;[0.0019873949338109374, 0.9978220317284758]
(201, 3);4;110;0;stop;1.0;True;False;608;[0.004754329655414881, 0.9950626499664175]
(201, 3);5;64;0;stop;1.0;True;False;302;[0.02095646588000995, 0.9786727112031093]
(201, 3);6;81;0;stop;1.0;True;False;168;[0.012428423369414911, 0.9873120530630095]
(201, 3);7;47;0;stop;1.0;True;False;370;[0.004608689370690974, 0.9951999439129082]
(201, 3);8;84;0;stop;1.0;True;False;687;[0.004069538279122692, 0.9957833036483548]
(201, 3);9;148;0;stop;1.0;True;False;566;[0.10594427268937491, 0.8870604752002951]
(202, 0);0;142;0;stop;1.0;True;True;468;[0.9998438602162785, 4.26426171324345e-05]
(202, 0);1;113;0;stop;1.0;True;True;401;[0.9985424099524913, 0.00024507185083402544]
(202, 0);2;51;0;stop;1.0;True;True;445;[0.9991552818561278, 0.00014873491128183922]
(202, 0);3;107;0;stop;1.0;True;True;379;[0.9998761568862077, 3.426541650269871e-05]
(202, 0);4;78;0;stop;1.0;True;True;313;[0.9993952595803672, 9.456438530181442e-05]
(202, 0);5;91;0;stop;1.0;True;True;372;[0.9996399983957353, 6.203198065495778e-05]
(202, 0);6;105;0;stop;1.0;True;True;424;[0.9997441231392131, 3.7628245302915675e-05]
(202, 0);7;191;0;stop;1.0;True;True;374;[0.999751391238546, 8.218819256374454e-05]
(202, 0);8;62;0;stop;1.0;True;True;345;[0.9994738487777026, 7.718723778828051e-05]
(202, 0);9;78;0;stop;1.0;True;True;331;[0.999724464070056, 4.263753403932354e-05]
(202, 1);0;44;0;stop;1.0;True;False;294;[0.008060937283259134, 0.9918082436715842]
(202, 1);1;21;0;stop;1.0;True;False;315;[0.001987494440995984, 0.9978716470491297]
(202, 1);2;195;0;stop;1.0;True;False;353;[0.014061259480523796, 0.9857705849545191]
(202, 1);3;93;0;stop;1.0;True;False;412;[0.016399371687522764, 0.9833773439160893]
(202, 1);4;39;0;stop;1.0;True;False;380;[0.00940522774571546, 0.9898127944387719]
(202, 1);5;63;0;stop;1.0;True;False;300;[0.010010939215490695, 0.9897262581956494]
(202, 1);6;132;0;stop;1.0;True;False;484;[0.03513171721015326, 0.9644947270454537]
(202, 1);7;62;0;stop;1.0;True;False;336;[0.00712021367816897, 0.9927089463508776]
(202, 1);8;44;0;stop;1.0;True;False;518;[0.002714406169318302, 0.9970719967573607]
(202, 1);9;43;0;stop;1.0;True;False;492;[0.0038240603973790604, 0.9960650681641596]
(202, 2);0;58;0;stop;1.0;True;False;406;[0.0030751432268703444, 0.996851375697506]
(202, 2);1;106;0;stop;1.0;True;False;496;[0.006902233757710811, 0.9928652156942531]
(202, 2);2;84;0;stop;1.0;True;False;550;[0.0014101243636387274, 0.9984236809291115]
(202, 2);3;102;0;stop;1.0;True;False;498;[0.006096290740604349, 0.9936950898409214]
(202, 2);4;45;0;stop;1.0;True;False;423;[0.015902275785119525, 0.9838389081116916]
(202, 2);5;96;0;stop;1.0;True;False;363;[0.023663705942549886, 0.9752487522158233]
(202, 2);6;20;0;stop;1.0;True;False;478;[0.0006666382990283436, 0.9992374041489386]
(202, 2);7;57;0;stop;1.0;True;False;451;[0.012052280581158105, 0.9878231474344892]
(202, 2);8;60;0;stop;1.0;True;False;444;[0.009407259562369054, 0.9900265707769391]
(202, 2);9;111;0;stop;1.0;True;False;749;[0.00406989534808728, 0.9958704288448577]
(202, 3);0;29;0;stop;1.0;True;False;361;[0.005553989752316027, 0.9942777466506286]
(202, 3);1;39;0;stop;1.0;True;False;430;[0.004904142054608312, 0.9948384338968445]
(202, 3);2;61;0;stop;1.0;True;False;430;[0.03409578450477594, 0.9657681437814468]
(202, 3);3;88;0;stop;1.0;True;False;550;[0.0083144596028375, 0.991527123254741]
(202, 3);4;74;0;stop;1.0;True;False;484;[0.007120909724591748, 0.992806344591874]
(202, 3);5;69;0;stop;1.0;True;False;488;[0.003075102169552826, 0.9968378716573721]
(202, 3);6;253;0;stop;1.0;True;False;402;[0.005729311458773141, 0.9941077196493963]
(202, 3);7;63;0;stop;1.0;True;False;396;[0.005219428952979347, 0.9946471041490635]
(202, 3);8;40;0;stop;1.0;True;False;390;[0.003944311060310276, 0.9957777476375934]
(202, 3);9;77;0;stop;1.0;True;False;466;[0.007119605966444966, 0.9926246048566192]
(203, 0);0;89;0;stop;1.0;True;True;497;[0.9998326581596212, 9.609561303736868e-05]
(203, 0);1;215;0;stop;1.0;True;True;623;[0.9996490518517953, 6.812945230719305e-05]
(203, 0);2;132;0;stop;1.0;True;True;425;[0.9996687079542061, 9.912975345722353e-05]
(203, 0);3;171;0;stop;1.0;True;True;370;[0.9996908666829483, 6.603610034971158e-05]
(203, 0);4;258;0;stop;1.0;True;True;246;[0.984481110495838, 0.0010913626393827508]
(203, 0);5;82;0;stop;1.0;True;True;336;[0.9997599701154202, 5.648754842670602e-05]
(203, 0);6;169;0;stop;1.0;True;True;278;[0.999853036543692, 5.1437305241649904e-05]
(203, 0);7;121;0;stop;1.0;True;True;382;[0.9998665034129377, 6.401561535750497e-05]
(203, 0);8;90;0;stop;1.0;True;True;462;[0.9993094209594253, 4.130857467882963e-05]
(203, 0);9;206;0;stop;1.0;True;True;551;[0.9996046199625587, 9.311774644317082e-05]
(203, 1);0;61;0;stop;1.0;True;False;473;[0.0037067351698920545, 0.9961537807910572]
(203, 1);1;62;0;stop;1.0;True;False;374;[0.005553608403197373, 0.9942095167116843]
(203, 1);2;93;0;stop;1.0;True;False;513;[0.00021653993775025247, 0.9997647362190342]
(203, 1);3;101;0;stop;1.0;True;False;382;[0.007814090756727126, 0.9919556668578764]
(203, 1);4;134;0;stop;1.0;True;False;639;[0.010974929929914478, 0.9879319228945243]
(203, 1);5;111;0;stop;1.0;True;False;389;[0.010327558276065891, 0.9896149865720428]
(203, 1);6;116;0;stop;1.0;True;False;496;[0.019117585808204437, 0.9805451642395339]
(203, 1);7;177;0;stop;1.0;True;False;469;[0.01636080279341161, 0.9810647632578734]
(203, 1);8;186;0;stop;1.0;True;False;474;[0.08028712665124496, 0.9188375213527421]
(203, 1);9;271;0;stop;1.0;True;False;426;[0.05627495007976305, 0.9370619919773379]
(203, 2);0;117;0;stop;1.0;True;False;687;[0.014501788178353377, 0.9853747998177521]
(203, 2);1;181;0;stop;1.0;True;False;366;[0.001453944716613189, 0.9977774061611149]
(203, 2);2;178;0;stop;1.0;True;False;383;[0.031023181811516753, 0.9651028114110521]
(203, 2);3;84;0;stop;1.0;True;False;472;[0.009411755338681911, 0.9904996614493735]
(203, 2);4;106;0;stop;1.0;True;False;358;[0.013221688362600733, 0.9866927283817211]
(203, 2);5;69;0;stop;1.0;True;False;472;[0.002182364153631536, 0.9976561300351597]
(203, 2);6;83;0;stop;1.0;True;False;321;[0.021609888604144544, 0.978138191149798]
(203, 2);7;121;0;stop;1.0;True;False;585;[0.014950314286648093, 0.9845970096200651]
(203, 2);8;103;0;stop;1.0;True;False;393;[0.004197248001439977, 0.9954344813650728]
(203, 2);9;177;0;stop;1.0;True;False;387;[0.019118205704574048, 0.9805767981310579]
(203, 3);0;84;0;stop;1.0;True;False;432;[0.003481866537699825, 0.996070863723649]
(203, 3);1;96;0;stop;1.0;True;False;494;[0.011328966160736493, 0.988424907797521]
(203, 3);2;102;0;stop;1.0;True;False;280;[0.08033882653501907, 0.9194291814988172]
(203, 3);3;24;0;stop;1.0;True;False;390;[0.0025507524565893305, 0.9973865087708599]
(203, 3);4;130;0;stop;1.0;True;False;488;[0.005554085093687192, 0.9942945994087137]
(203, 3);5;60;0;stop;1.0;True;False;274;[0.0017543022990387834, 0.998067781888354]
(203, 3);6;129;0;stop;1.0;True;False;402;[0.007343109549108546, 0.9922870295924416]
(203, 3);7;194;0;stop;1.0;True;False;397;[0.004904415664068377, 0.9948938887843315]
(203, 3);8;96;0;stop;1.0;True;False;549;[0.008572390224936726, 0.9908337984639709]
(203, 3);9;60;0;stop;1.0;True;False;315;[0.018540809678453136, 0.9811488736490106]
(204, 0);0;72;1;stop;1.0;True;False;542;[0.0009696380838156912, 0.9989130403966591]
(204, 0);1;83;1;stop;1.0;True;False;371;[0.001169426660592358, 0.9987589046467191]
(204, 0);2;140;1;stop;1.0;True;False;416;[0.005059712488883881, 0.9948176695116062]
(204, 0);3;65;1;stop;1.0;True;False;371;[0.02841167724830797, 0.9707318037650133]
(204, 0);4;92;1;stop;1.0;True;False;512;[0.011328760883859168, 0.9884070890183201]
(204, 0);5;229;1;stop;1.0;True;False;345;[0.011684022302082799, 0.9880389757860312]
(204, 0);6;239;1;stop;1.0;True;False;427;[0.0617730159619827, 0.9365629504760256]
(204, 0);7;71;1;stop;1.0;True;False;488;[0.0012447651005022154, 0.998692198573253]
(204, 0);8;124;1;stop;1.0;True;False;416;[0.006096543649452107, 0.9937365254448969]
(204, 0);9;99;1;stop;1.0;True;False;589;[0.010010543015543109, 0.989687024496969]
(204, 1);0;76;1;stop;1.0;True;True;412;[0.9998276530782524, 6.81416033994122e-05]
(204, 1);1;65;1;stop;1.0;True;True;523;[0.9993622795971656, 0.0001583602577483185]
(204, 1);2;241;1;stop;1.0;True;True;849;[0.9995557851813783, 0.00019712068309840186]
(204, 1);3;61;1;stop;1.0;True;True;591;[0.998956578121481, 0.0005030636794671388]
(204, 1);4;93;1;stop;1.0;True;True;490;[0.9998928423312176, 6.401732478167818e-05]
(204, 1);5;132;1;stop;1.0;True;True;428;[0.9995403019886526, 0.00019711767529842635]
(204, 1);6;79;1;stop;1.0;True;True;479;[0.9997671192939102, 0.00012338109039402323]
(204, 1);7;74;1;stop;1.0;True;True;583;[0.9992463312622907, 0.000245244629852537]
(204, 1);8;84;1;stop;1.0;True;True;441;[0.9997935721382175, 7.721197521080582e-05]
(204, 1);9;106;1;stop;1.0;True;True;564;[0.999833373179526, 6.814199330990999e-05]
(204, 2);0;98;1;stop;1.0;True;False;523;[0.014059603460087914, 0.9856544099917649]
(204, 2);1;111;1;stop;1.0;True;False;332;[0.005384038170837006, 0.9944487747290643]
(204, 2);2;170;1;stop;1.0;True;False;416;[0.009123560708514812, 0.9906486846085371]
(204, 2);3;85;1;stop;1.0;True;False;454;[0.013632429242060222, 0.9860445081939615]
(204, 2);4;109;1;stop;1.0;True;False;447;[0.014500792453768467, 0.9853072069750068]
(204, 2);5;94;1;stop;1.0;True;False;469;[0.03208781740361783, 0.9675105867128613]
(204, 2);6;74;1;stop;1.0;True;False;559;[0.004198623191091869, 0.9957602539644159]
(204, 2);7;102;1;stop;1.0;True;False;348;[0.02225887195509543, 0.9765156171728675]
(204, 2);8;76;1;stop;1.0;True;False;456;[0.005554061258190965, 0.9942904745101515]
(204, 2);9;53;1;stop;1.0;True;False;250;[0.003944593189511442, 0.9958491485851056]
(204, 3);0;120;1;stop;1.0;True;False;474;[0.006289141991533377, 0.9935902205287719]
(204, 3);1;90;1;stop;1.0;True;False;367;[0.005059594269977679, 0.9947947825404078]
(204, 3);2;54;1;stop;1.0;True;False;608;[0.0030751241644761816, 0.9968449791096217]
(204, 3);3;99;1;stop;1.0;True;False;448;[0.004609038801437688, 0.9952752766744064]
(204, 3);4;60;1;stop;1.0;True;False;336;[0.02516661037167358, 0.9743475262675879]
(204, 3);5;107;1;stop;1.0;True;False;365;[0.01098210183076915, 0.9885773853176433]
(204, 3);6;153;1;stop;1.0;True;False;518;[0.0019263649552639206, 0.9978818554408762]
(204, 3);7;78;1;stop;1.0;True;False;438;[0.0033762940034155124, 0.9965296243846163]
(204, 3);8;130;1;stop;1.0;True;False;758;[0.0055540082907877975, 0.9942808107672158]
(204, 3);9;120;1;stop;1.0;True;False;409;[0.014954577956005377, 0.9848779134486381]
(205, 0);0;86;0;stop;1.0;True;True;471;[0.9998724623283217, 5.82872145942901e-05]
(205, 0);1;213;0;stop;1.0;True;True;452;[0.9986637827708853, 0.0011333390959360505]
(205, 0);2;249;0;stop;1.0;True;True;439;[0.9992444268070766, 0.00051113296971926]
(205, 0);3;58;0;stop;1.0;True;True;351;[0.9992679951247885, 0.0001739082977893413]
(205, 0);4;162;0;stop;1.0;True;True;617;[0.9996787150086466, 0.0002611746053638477]
(205, 0);5;105;0;stop;1.0;True;True;244;[0.9985255318100158, 0.000260873397814871]
(205, 0);6;77;0;stop;1.0;True;True;540;[0.997468696502164, 0.00035619422875645594]
(205, 0);7;99;0;stop;1.0;True;True;630;[0.99978344363029, 0.00019716561757403966]
(205, 0);8;157;0;stop;1.0;True;True;364;[0.9996877691935837, 0.00028684692366926867]
(205, 0);9;156;0;stop;1.0;True;True;810;[0.997351171224522, 0.0005516194408067764]
(205, 1);0;158;0;stop;1.0;True;False;446;[0.08021834085027027, 0.9180503574155613]
(205, 1);1;101;0;stop;1.0;True;False;543;[0.034089997099239114, 0.9656041678997972]
(205, 1);2;135;0;stop;1.0;True;False;647;[0.034082382305552654, 0.9653884741553952]
(205, 1);3;70;0;stop;1.0;True;False;247;[0.020323077021404786, 0.9792207322436869]
(205, 1);4;91;0;stop;1.0;True;False;466;[0.009706701877016754, 0.9901105882444134]
(205, 1);5;170;0;stop;1.0;True;False;505;[0.10902693715809239, 0.8847853150735524]
(205, 1);6;117;0;stop;1.0;True;False;462;[0.011684078015975539, 0.9880438628900452]
(205, 1);7;145;0;stop;1.0;True;False;422;[0.024400464161403134, 0.974673230760479]
(205, 1);8;128;0;stop;1.0;True;False;418;[0.06744750757585964, 0.9310840179395233]
(205, 1);9;142;0;stop;1.0;True;False;549;[0.00831501863633408, 0.9915935793128903]
(205, 2);0;232;0;stop;1.0;True;False;409;[0.011647125745231537, 0.9546162264768219]
(205, 2);1;148;0;stop;1.0;True;False;501;[0.032090495131480934, 0.9675914948705377]
(205, 2);2;118;0;stop;1.0;True;False;667;[0.038446817481595424, 0.9610494983442066]
(205, 2);3;113;0;stop;1.0;True;False;415;[0.006902204136600598, 0.9928613376031803]
(205, 2);4;146;0;stop;1.0;True;False;418;[0.01690990993799462, 0.982794378505262]
(205, 2);5;126;0;stop;1.0;True;False;401;[0.01854203419004646, 0.9812136014915919]
(205, 2);6;83;0;stop;1.0;True;False;288;[0.12581637622609687, 0.8733388169152684]
(205, 2);7;116;0;stop;1.0;True;False;610;[0.024412328976548645, 0.9751469475968273]
(205, 2);8;142;0;stop;1.0;True;False;365;[0.06551910097807523, 0.9331739881716783]
(205, 2);9;179;0;stop;1.0;True;False;467;[0.008301703247107085, 0.9900055394026264]
(205, 3);0;232;0;stop;1.0;True;False;587;[0.03835507027501412, 0.9587561317821237]
(205, 3);1;138;0;stop;1.0;True;False;599;[0.005550722651335571, 0.9936928530291709]
(205, 3);2;76;0;stop;1.0;True;False;439;[0.013220906616266556, 0.9866343551302832]
(205, 3);3;74;0;stop;1.0;True;False;357;[0.033076847303026874, 0.9666472117836884]
(205, 3);4;136;0;stop;1.0;True;False;458;[0.003272531829829776, 0.9965645488114105]
(205, 3);5;92;0;stop;1.0;True;False;402;[0.04598636614577848, 0.9529809341989913]
(205, 3);6;214;0;stop;1.0;True;False;477;[0.0016990046037853898, 0.9972911740622369]
(205, 3);7;74;0;stop;1.0;True;False;299;[0.004607700559328565, 0.9949861694217647]
(205, 3);8;147;0;stop;1.0;True;False;389;[0.013632448743420629, 0.986046015167275]
(205, 3);9;58;0;stop;1.0;True;False;332;[0.09519997058083413, 0.9032322667145196]
(206, 0);0;73;1;stop;1.0;True;False;424;[0.011329376725650046, 0.9884608970590012]
(206, 0);1;76;1;stop;1.0;True;False;416;[0.02033023978328561, 0.979565831558747]
(206, 0);2;65;1;stop;1.0;True;False;448;[0.01132888512994584, 0.9884180368927051]
(206, 0);3;51;1;stop;1.0;True;False;425;[0.01798262669683248, 0.9818183643508295]
(206, 0);4;49;1;stop;1.0;True;False;536;[0.014061252775594384, 0.9857700056522675]
(206, 0);5;237;1;stop;1.0;True;False;680;[0.08722391812518905, 0.9088940914015184]
(206, 0);6;39;1;stop;1.0;True;False;408;[0.0049048155822770225, 0.9949749579093037]
(206, 0);7;67;1;stop;1.0;True;False;716;[0.013635666849966092, 0.9862784610010316]
(206, 0);8;63;1;stop;1.0;True;False;378;[0.0106516411327425, 0.9892666215126029]
(206, 0);9;47;1;stop;1.0;True;False;441;[0.014500986061527565, 0.9853204008746538]
(206, 1);0;106;1;stop;1.0;True;True;577;[0.9995456614823504, 4.681977494862685e-05]
(206, 1);1;68;1;stop;1.0;True;True;476;[0.9987051585021678, 0.00018502010864842092]
(206, 1);2;140;1;stop;1.0;True;True;665;[0.9993676372346665, 0.00010883993012228822]
(206, 1);3;105;1;stop;1.0;True;True;617;[0.9994786121501384, 8.746501616099446e-05]
(206, 1);4;86;1;stop;1.0;True;True;611;[0.999812042282669, 9.02715801733791e-05]
(206, 1);5;122;1;stop;1.0;True;True;628;[0.9996006891901057, 9.607325452283415e-05]
(206, 1);6;83;1;stop;1.0;True;True;395;[0.999576271379118, 2.884573437013411e-05]
(206, 1);7;103;1;stop;1.0;True;True;475;[0.9998076332215631, 6.401183036641583e-05]
(206, 1);8;79;1;stop;1.0;True;True;504;[0.9994414590056604, 0.00014877747076918514]
(206, 1);9;53;1;stop;1.0;True;True;365;[0.9997028995347474, 0.0001398000254125451]
(206, 2);0;60;1;stop;1.0;True;False;651;[0.0073444542357305985, 0.9924686460544944]
(206, 2);1;81;1;stop;1.0;True;False;545;[0.005728601196167839, 0.9939842713891512]
(206, 2);2;79;1;stop;1.0;True;False;453;[0.007344878003106642, 0.9925259506736014]
(206, 2);3;72;1;stop;1.0;True;False;434;[0.010326046545712305, 0.9894700086223076]
(206, 2);4;99;1;stop;1.0;True;False;757;[0.010985883360470244, 0.9889179195050133]
(206, 2);5;117;1;stop;1.0;True;False;581;[0.022282707510545792, 0.977561303234058]
(206, 2);6;58;1;stop;1.0;True;False;656;[0.00941095204339875, 0.9904151110277188]
(206, 2);7;85;1;stop;1.0;True;False;700;[0.0028890790558490096, 0.9969370296388164]
(206, 2);8;86;1;stop;1.0;True;False;456;[0.0021153903303056114, 0.9977368193228723]
(206, 2);9;93;1;stop;1.0;True;False;497;[0.0030748719654620526, 0.9967631310099178]
(206, 3);0;64;1;stop;1.0;True;False;401;[0.007576280733152274, 0.9922971244795562]
(206, 3);1;44;1;stop;1.0;True;False;488;[0.0011693575170019228, 0.9987001647183081]
(206, 3);2;51;1;stop;1.0;True;False;483;[0.012817338146410596, 0.9868801976398783]
(206, 3);3;48;1;stop;1.0;True;False;439;[0.004069586792088556, 0.9957951243011761]
(206, 3);4;89;1;stop;1.0;True;False;647;[0.008576274357101288, 0.9912823582193042]
(206, 3);5;49;1;stop;1.0;True;False;374;[0.0033762231666913567, 0.9965085527758366]
(206, 3);6;136;1;stop;1.0;True;False;507;[0.0015010259104028148, 0.9983949239651914]
(206, 3);7;47;1;stop;1.0;True;False;502;[0.005554074500120685, 0.9942929492620338]
(206, 3);8;61;1;stop;1.0;True;False;658;[0.0026313443325947715, 0.9972433949595135]
(206, 3);9;64;1;stop;1.0;True;False;612;[0.002182451568497175, 0.9976961170592921]
(207, 0);0;59;3;stop;1.0;True;False;530;[0.006902322621804171, 0.9928782602095119]
(207, 0);1;233;3;stop;1.0;True;False;478;[0.010648096512052434, 0.9889377387366745]
(207, 0);2;92;3;stop;1.0;True;False;427;[0.010651854457006725, 0.9892866882037389]
(207, 0);3;112;3;stop;1.0;True;False;408;[0.009123408443938778, 0.9906321893393985]
(207, 0);4;34;3;stop;1.0;True;False;395;[0.0075757388547054065, 0.9922259971507392]
(207, 0);5;49;3;stop;1.0;True;False;365;[0.0059103506962166685, 0.9939681362206734]
(207, 0);6;117;3;stop;1.0;True;False;471;[0.004330617177991638, 0.9954651942973746]
(207, 0);7;210;3;stop;1.0;True;False;471;[0.04083244925877145, 0.9588428159510564]
(207, 0);8;179;3;stop;1.0;True;False;399;[0.012050522135032582, 0.987679392308983]
(207, 0);9;140;3;stop;1.0;True;False;393;[0.004331030197523315, 0.9955600623897931]
(207, 1);0;47;3;stop;1.0;True;False;448;[0.00781371816072754, 0.9919087493774186]
(207, 1);1;120;3;stop;1.0;True;False;482;[0.007812887335631789, 0.9918032012420933]
(207, 1);2;102;3;stop;1.0;True;False;410;[0.007344209092213853, 0.992435769409466]
(207, 1);3;47;3;stop;1.0;True;False;403;[0.04200385507500399, 0.9560032210663194]
(207, 1);4;61;3;stop;1.0;True;False;587;[0.015904429445004826, 0.9839721979755377]
(207, 1);5;62;3;stop;1.0;True;False;224;[0.007576222930937979, 0.9922892600051758]
(207, 1);6;80;3;stop;1.0;True;False;440;[0.002550599208205434, 0.9973265073929178]
(207, 1);7;107;3;stop;1.0;True;False;248;[0.0026313581345812605, 0.9972488483932758]
(207, 1);8;130;3;stop;1.0;True;False;481;[0.014951725868628404, 0.9846899322437804]
(207, 1);9;85;3;stop;1.0;True;False;517;[0.0023962718790287436, 0.9974122427995973]
(207, 2);0;78;3;stop;1.0;True;False;366;[0.00490472436999052, 0.9949561940361084]
(207, 2);1;70;3;stop;1.0;True;False;441;[0.004198044635746783, 0.9956233964141644]
(207, 2);2;97;3;stop;1.0;True;False;510;[0.014954107324113095, 0.9848466938784605]
(207, 2);3;48;3;stop;1.0;True;False;502;[0.006902329204375119, 0.9928793175930185]
(207, 2);4;97;3;stop;1.0;True;False;429;[0.007119799477957312, 0.9926512683084149]
(207, 2);5;89;3;stop;1.0;True;False;485;[0.006096386670311532, 0.993710745350495]
(207, 2);6;178;3;stop;1.0;True;False;406;[0.006289597840335373, 0.9936622493784213]
(207, 2);7;98;3;stop;1.0;True;False;269;[0.002714531722205118, 0.9971182186776291]
(207, 2);8;71;3;stop;1.0;True;False;360;[0.0027147427159082372, 0.9971956202354326]
(207, 2);9;68;3;stop;1.0;True;False;383;[0.0035931603459437808, 0.9962835662253503]
(207, 3);0;125;3;stop;1.0;True;True;501;[0.9995924703839341, 0.00020338552970650622]
(207, 3);1;110;3;stop;1.0;True;True;437;[0.9998885517387568, 5.143912028783835e-05]
(207, 3);2;106;3;stop;1.0;True;True;577;[0.9997362594069681, 0.00014424256912242144]
(207, 3);3;73;3;stop;1.0;True;True;327;[0.9997378083128617, 9.026486542749974e-05]
(207, 3);4;69;3;stop;1.0;True;True;356;[0.9999023771230333, 4.133308559228815e-05]
(207, 3);5;202;3;stop;1.0;True;True;550;[0.9997493657102343, 0.00013133610725254673]
(207, 3);6;71;3;stop;1.0;True;True;449;[0.9998163322194643, 7.721366883616676e-05]
(207, 3);7;85;3;stop;1.0;True;True;504;[0.9997562764232971, 8.218858446852071e-05]
(207, 3);8;109;3;stop;1.0;True;True;547;[0.9999016620101295, 6.814667240991226e-05]
(207, 3);9;98;3;stop;1.0;True;True;398;[0.999812042282669, 6.604409890455395e-05]
(208, 0);0;129;3;stop;1.0;True;False;507;[0.021606199944556956, 0.9779712442504428]
(208, 0);1;218;3;stop;1.0;True;False;679;[0.013217446052718377, 0.9863758773388024]
(208, 0);2;110;3;stop;1.0;True;False;700;[0.007344331662949407, 0.9924520899795477]
(208, 0);3;176;3;stop;1.0;True;False;456;[0.02757287353532043, 0.9719773796015743]
(208, 0);4;93;3;stop;1.0;True;False;510;[0.044665361608108196, 0.954987468706393]
(208, 0);5;114;3;stop;1.0;True;False;416;[0.02297026872206129, 0.9767206180385902]
(208, 0);6;114;3;stop;1.0;True;False;494;[0.0420714973382982, 0.9575427695348818]
(208, 0);7;91;3;stop;1.0;True;False;625;[0.020330385197012107, 0.9795728087910697]
(208, 0);8;57;3;stop;1.0;True;False;590;[0.00781437394156946, 0.9919920304247779]
(208, 0);9;170;3;stop;1.0;True;False;442;[0.03409522360366346, 0.9657522417835677]
(208, 1);0;93;3;stop;1.0;True;False;361;[0.008843419081490842, 0.9907115128885517]
(208, 1);1;162;3;stop;1.0;True;False;579;[0.017983638549883187, 0.9818734121482944]
(208, 1);2;87;3;stop;1.0;True;False;427;[0.020956131123158857, 0.978656954009669]
(208, 1);3;206;3;stop;1.0;True;False;675;[0.03720445520697646, 0.9595155640942762]
(208, 1);4;73;3;stop;1.0;True;False;513;[0.008574495615047507, 0.991077171599883]
(208, 1);5;92;3;stop;1.0;True;False;660;[0.007576548074129853, 0.9923318698449269]
(208, 1);6;156;3;stop;1.0;True;False;571;[0.005729114761850885, 0.9940732028067172]
(208, 1);7;100;3;stop;1.0;True;False;669;[0.0069019441345327245, 0.9928236176236652]
(208, 1);8;318;3;stop;1.0;True;False;494;[0.001410225227199987, 0.9984954616524877]
(208, 1);9;119;3;stop;1.0;True;False;507;[0.009706840733494088, 0.9901247289381583]
(208, 2);0;122;3;stop;1.0;True;False;517;[0.047363940228860944, 0.9513301951023079]
(208, 2);1;100;3;stop;1.0;True;False;802;[0.017440957092515315, 0.9824712799677188]
(208, 2);2;86;3;stop;1.0;True;False;488;[0.054955957752163276, 0.9441471849258914]
(208, 2);3;79;3;stop;1.0;True;False;458;[0.0035927971336004775, 0.9961832369875543]
(208, 2);4;94;3;stop;1.0;True;False;661;[0.007574561305857637, 0.9920718065665892]
(208, 2);5;158;3;stop;1.0;True;False;445;[0.011678931173938754, 0.987608693473662]
(208, 2);6;99;3;stop;1.0;True;False;500;[0.01797862271824451, 0.9815995021642059]
(208, 2);7;114;3;stop;1.0;True;False;290;[0.006487113287410533, 0.9933347897759132]
(208, 2);8;120;3;stop;1.0;True;False;520;[0.02032324661108249, 0.9792288488136489]
(208, 2);9;139;3;stop;1.0;True;False;565;[0.013632643758559026, 0.9860598085339901]
(208, 3);0;97;3;stop;1.0;True;True;751;[0.9994135959407822, 0.00022333525948952746]
(208, 3);1;228;3;stop;1.0;True;True;459;[0.9991200567509371, 0.0005701390717357166]
(208, 3);2;49;3;stop;1.0;True;True;287;[0.9997902356565035, 5.828243430664292e-05]
(208, 3);3;303;3;stop;1.0;True;True;515;[0.9964907961532995, 0.0023569420456129872]
(208, 3);4;92;3;stop;1.0;True;True;423;[0.9993979981108645, 0.0001233355622951983]
(208, 3);5;66;3;stop;1.0;True;True;474;[0.9992094334157812, 0.00015833609573409212]
(208, 3);6;70;3;stop;1.0;True;True;436;[0.9993060877366318, 7.962405797570212e-05]
(208, 3);7;353;3;stop;1.0;True;True;357;[0.9983363457230654, 0.0010643243275800251]
(208, 3);8;189;3;stop;1.0;True;True;412;[0.9971304266367981, 0.0017526542995263568]
(208, 3);9;79;3;stop;1.0;True;True;340;[0.9995728172642147, 9.912020562957332e-05]
(209, 0);0;63;3;stop;1.0;True;False;566;[0.09006559635384222, 0.9096302118937512]
(209, 0);1;87;3;stop;1.0;True;False;679;[0.0019874745391604033, 0.9978615572515104]
(209, 0);2;102;3;stop;1.0;True;False;312;[0.0031720386978680323, 0.996624813663898]
(209, 0);3;125;3;stop;1.0;True;False;618;[0.005384017632400491, 0.9944448844327061]
(209, 0);4;46;3;stop;1.0;True;False;381;[0.025173763611565602, 0.9746245356153259]
(209, 0);5;63;3;stop;1.0;True;False;331;[0.0053829189402606024, 0.9942422752576138]
(209, 0);6;121;3;stop;1.0;True;False;825;[0.006096944836731447, 0.9938018648208623]
(209, 0);7;61;3;stop;1.0;True;False;418;[0.004329865583515588, 0.995292399394493]
(209, 0);8;193;3;stop;1.0;True;False;704;[0.008060126291873797, 0.991708578466126]
(209, 0);9;146;3;stop;1.0;True;False;579;[0.006487917594400429, 0.9934579589117215]
(209, 1);0;195;3;stop;1.0;True;False;609;[0.10964215192968806, 0.8897778956405398]
(209, 1);1;82;3;stop;1.0;True;False;1428;[0.0011694188538532181, 0.9987522454891391]
(209, 1);2;175;3;stop;1.0;True;False;630;[0.03731958232151915, 0.9624846383434165]
(209, 1);3;177;3;stop;1.0;True;False;536;[0.020328921412962248, 0.9795023508805017]
(209, 1);4;251;3;stop;1.0;True;False;856;[0.022279004928007877, 0.977398767663415]
(209, 1);5;101;3;stop;1.0;True;False;751;[0.021612609136416033, 0.978261269882939]
(209, 1);6;61;3;stop;1.0;True;False;607;[0.016909127818562693, 0.9827490136929318]
(209, 1);7;95;3;stop;1.0;True;False;608;[0.1191573352174176, 0.8804601689211865]
(209, 1);8;165;3;stop;1.0;True;False;582;[0.09530382258582137, 0.9042174592047265]
(209, 1);9;72;3;stop;1.0;True;False;647;[0.014949808145774065, 0.9845633809643943]
(209, 2);0;161;3;stop;1.0;True;False;448;[0.012429075283260729, 0.9873638823792323]
(209, 2);1;55;3;stop;1.0;True;False;334;[0.0015486115577162853, 0.9983546432457341]
(209, 2);2;92;3;stop;1.0;True;False;507;[0.0100123904913687, 0.9898697922160218]
(209, 2);3;102;3;stop;1.0;True;False;513;[0.0023229650078041356, 0.9975918251892897]
(209, 2);4;93;3;stop;1.0;True;False;561;[0.04466071886272657, 0.9548882166694824]
(209, 2);5;146;3;stop;1.0;True;False;533;[0.015418600825366923, 0.9841953527560876]
(209, 2);6;106;3;stop;1.0;True;False;604;[0.00857630298355311, 0.9912856374440505]
(209, 2);7;53;3;stop;1.0;True;False;617;[0.005908657155722131, 0.9936832011100162]
(209, 2);8;73;3;stop;1.0;True;False;348;[0.006903454916330861, 0.9930410481097899]
(209, 2);9;72;3;stop;1.0;True;False;324;[0.0066920694168429214, 0.9931913073844968]
(209, 3);0;182;3;stop;1.0;True;True;775;[0.9996232022458977, 0.00010068621077248848]
(209, 3);1;103;3;stop;1.0;True;True;700;[0.9995980686837243, 9.311712481722342e-05]
(209, 3);2;115;3;stop;1.0;True;True;488;[0.9992790655079149, 0.00035684074156263815]
(209, 3);3;353;3;stop;1.0;True;True;405;[0.9989320727490734, 0.00041704409761866303]
(209, 3);4;195;3;stop;1.0;True;True;454;[0.9995036206205846, 0.00020982286896025079]
(209, 3);5;144;3;stop;1.0;True;True;426;[0.9996404748867848, 7.366486995101561e-05]
(209, 3);6;236;3;stop;1.0;True;True;782;[0.9970990183285928, 0.0014758364446448553]
(209, 3);7;45;3;stop;1.0;True;True;603;[0.9997927380058335, 4.683138560041461e-05]
(209, 3);8;206;3;stop;1.0;True;True;644;[0.9985641621890694, 0.0004950698420204856]
(209, 3);9;52;3;stop;1.0;True;True;625;[0.9996993254014859, 0.00014423734192066474]
(210, 0);0;51;1;stop;1.0;True;False;761;[0.022972771636659655, 0.9768271884078273]
(210, 0);1;130;1;stop;1.0;True;False;538;[0.007575912251591534, 0.9922486489808505]
(210, 0);2;92;1;stop;1.0;True;False;765;[0.01691073241188278, 0.9828419349094166]
(210, 0);3;86;1;stop;1.0;True;False;558;[0.024415227684318582, 0.9752628123550225]
(210, 0);4;177;1;stop;1.0;True;False;665;[0.003823628263177385, 0.9959524851536183]
(210, 0);5;166;1;stop;1.0;True;False;596;[0.017437472828597315, 0.9822753600714307]
(210, 0);6;88;1;stop;1.0;True;False;497;[0.006692123664527969, 0.9931991859455478]
(210, 0);7;219;1;stop;1.0;True;False;676;[0.0010004153154580782, 0.9989105424004332]
(210, 0);8;121;1;stop;1.0;True;False;604;[0.008314951233139705, 0.9915854913899311]
(210, 0);9;37;1;stop;1.0;True;False;679;[0.008846270145651666, 0.9910309223665317]
(210, 1);0;218;1;stop;1.0;True;True;845;[0.9969854902171656, 0.001452790838771836]
(210, 1);1;133;1;stop;1.0;True;True;713;[0.9998629281127636, 7.253891879993474e-05]
(210, 1);2;194;1;stop;1.0;True;True;660;[0.9994902825870895, 0.0001794686143468785]
(210, 1);3;59;1;stop;1.0;True;True;542;[0.9991114888317774, 0.00031981628882068574]
(210, 1);4;86;1;stop;1.0;True;True;465;[0.9995036206205846, 0.00020982286896025079]
(210, 1);5;182;1;stop;1.0;True;True;517;[0.9994828991872873, 0.0002779645719344242]
(210, 1);6;199;1;stop;1.0;True;True;616;[0.9994324092621935, 0.00032495708314416426]
(210, 1);7;130;1;stop;1.0;True;True;394;[0.9996928920054542, 6.501242950927294e-05]
(210, 1);8;78;1;stop;1.0;True;True;584;[0.999497666099613, 0.00011587453044225422]
(210, 1);9;262;1;stop;1.0;True;True;666;[0.9991023261142317, 0.0005031370879359287]
(210, 2);0;175;1;stop;1.0;True;False;894;[0.01542233617595669, 0.9844338580104829]
(210, 2);1;176;1;stop;1.0;True;False;575;[0.0097050727760594, 0.9899444375428043]
(210, 2);2;238;1;stop;1.0;True;False;711;[0.053290456602579674, 0.9445959413881765]
(210, 2);3;78;1;stop;1.0;True;False;721;[0.008059776552999682, 0.9916654361739631]
(210, 2);4;149;1;stop;1.0;True;False;849;[0.007813509514728163, 0.9918820079515208]
(210, 2);5;121;1;stop;1.0;True;False;646;[0.010010204109959304, 0.989653514167787]
(210, 2);6;186;1;stop;1.0;True;False;1098;[0.009124644035564053, 0.9907663912481174]
(210, 2);7;107;1;stop;1.0;True;False;1335;[0.011330332967403932, 0.9885444161577756]
(210, 2);8;195;1;stop;1.0;True;False;485;[0.025173481524177404, 0.9746136651825222]
(210, 2);9;197;1;stop;1.0;True;False;832;[0.016398417696037247, 0.9833202849814844]
(210, 3);0;92;1;stop;0.9;True;False;510;[0.025947580953487034, 0.9736758626718264]
(210, 3);1;252;1;stop;0.1;False;True;601;[0.5252795736265451, 0.4635575967163829]
(210, 3);2;84;1;stop;0.9;True;False;432;[0.02367076497101729, 0.9755396621742539]
(210, 3);3;136;1;stop;0.9;True;False;1058;[0.012050987581096281, 0.9877173045766401]
(210, 3);4;200;1;stop;0.9;True;False;727;[0.16481786523699535, 0.8112619895103456]
(210, 3);5;170;1;stop;0.9;True;False;342;[0.047406690115480925, 0.9521888956642065]
(210, 3);6;105;1;stop;0.9;True;False;604;[0.0362072469265152, 0.9634391683480951]
(210, 3);7;127;1;stop;0.9;True;False;740;[0.016912933935878154, 0.9829698862039356]
(210, 3);8;312;1;stop;0.9;True;False;821;[0.1557184907829712, 0.841806195328918]
(210, 3);9;205;1;stop;0.9;True;False;465;[0.02675410059930761, 0.9730521888256597]
(211, 0);0;77;0;stop;1.0;True;True;569;[0.9997766516938639, 0.0001313397396070725]
(211, 0);1;73;0;stop;1.0;True;True;548;[0.9994122861646642, 0.0004172445988197728]
(211, 0);2;131;0;stop;1.0;True;True;567;[0.9994097857565011, 0.0003052619417880656]
(211, 0);3;75;0;stop;1.0;True;True;437;[0.9990995892662576, 0.00016334415179705623]
(211, 0);4;109;0;stop;1.0;True;True;617;[0.9991122028125418, 0.0003681064675567249]
(211, 0);5;89;0;stop;1.0;True;True;534;[0.9979197236826945, 0.0004038034340168869]
(211, 0);6;89;0;stop;1.0;True;True;506;[0.9991129168519723, 0.00011950672992809295]
(211, 0);7;112;0;stop;1.0;True;True;538;[0.9995792491020479, 0.0001535214025484383]
(211, 0);8;51;0;stop;1.0;True;True;265;[0.9993133494813257, 0.0002097830523050531]
(211, 0);9;131;0;stop;1.0;True;True;915;[0.9997870183698169, 0.00011958744828887295]
(211, 1);0;90;0;stop;1.0;True;False;452;[0.007120702601228297, 0.992777205526887]
(211, 1);1;76;0;stop;1.0;True;False;339;[0.004755003014284, 0.9952033677107285]
(211, 1);2;182;0;stop;1.0;True;False;595;[0.006487252487253901, 0.9933561980954556]
(211, 1);3;212;0;stop;1.0;True;False;553;[0.02368783722028951, 0.9762430981866639]
(211, 1);4;111;0;stop;1.0;True;False;471;[0.020324608225214983, 0.979294352907484]
(211, 1);5;80;0;stop;1.0;True;False;456;[0.015420990463111038, 0.9843481440612489]
(211, 1);6;74;0;stop;1.0;True;False;547;[0.0340805459076935, 0.9653364830899896]
(211, 1);7;204;0;stop;1.0;True;False;285;[0.004608854193213905, 0.9952352474115239]
(211, 1);8;192;0;stop;1.0;True;False;548;[0.028420925087938132, 0.9710476755935559]
(211, 1);9;33;0;stop;1.0;True;False;607;[0.0075757605290991325, 0.9922289315789627]
(211, 2);0;104;0;stop;1.0;True;False;696;[0.012816482525336704, 0.9868142559831222]
(211, 2);1;77;0;stop;1.0;True;False;465;[0.0027146974091292408, 0.9971792618255336]
(211, 2);2;146;0;stop;1.0;True;False;389;[0.050310125417644756, 0.9492824783512552]
(211, 2);3;205;0;stop;1.0;True;False;519;[0.010651656370048262, 0.9892681389382436]
(211, 2);4;93;0;stop;1.0;True;False;463;[0.005059425390617438, 0.9947612799214747]
(211, 2);5;101;0;stop;1.0;True;False;487;[0.009410395610887313, 0.9903562961962941]
(211, 2);6;122;0;stop;1.0;True;False;784;[0.006096032028616306, 0.9936531863181565]
(211, 2);7;134;0;stop;1.0;True;False;488;[0.06544890672102653, 0.9321742408655127]
(211, 2);8;219;0;stop;1.0;True;False;316;[0.02227985482080999, 0.9774361223620699]
(211, 2);9;146;0;stop;1.0;True;False;753;[0.06353916781491178, 0.9337013246828146]
(211, 3);0;92;0;stop;1.0;True;False;470;[0.031132687541519665, 0.9685094453381093]
(211, 3);1;144;0;stop;1.0;True;False;529;[0.009410018691426734, 0.990316661222092]
(211, 3);2;86;0;stop;1.0;True;False;636;[0.03842276311614137, 0.9604481576263363]
(211, 3);3;131;0;stop;1.0;True;False;538;[0.015901130824144852, 0.9837679491170838]
(211, 3);4;112;0;stop;1.0;True;False;452;[0.014954506647190845, 0.9848728255368584]
(211, 3);5;288;0;stop;1.0;True;False;681;[0.04595067024575783, 0.9522412073653893]
(211, 3);6;90;0;stop;1.0;True;False;323;[0.004904256641327844, 0.9948616771992469]
(211, 3);7;99;0;stop;1.0;True;False;799;[0.010981546757329113, 0.9885275250680863]
(211, 3);8;173;0;stop;1.0;True;False;462;[0.01363358637105617, 0.9861283153863565]
(211, 3);9;86;0;stop;1.0;True;False;521;[0.004608480603956983, 0.9951548438446384]
(212, 0);0;140;0;stop;1.0;True;True;466;[0.9994246695076489, 8.216139071200369e-05]
(212, 0);1;58;0;stop;1.0;True;True;343;[0.9998754418066063, 4.5394258242912954e-05]
(212, 0);2;70;0;stop;1.0;True;True;364;[0.9994813510835698, 7.028031596674678e-05]
(212, 0);3;50;0;stop;1.0;True;True;479;[0.9994595589129566, 7.718613362388462e-05]
(212, 0);4;166;0;stop;1.0;True;True;575;[0.9994758731660356, 0.00020981706606274268]
(212, 0);5;73;0;stop;1.0;True;True;346;[0.9993022783693865, 8.475904518097469e-05]
(212, 0);6;110;0;stop;1.0;True;True;516;[0.9994730151593174, 0.00015350500556926056]
(212, 0);7;76;0;stop;1.0;True;True;315;[0.9990406903183254, 7.24793114336487e-05]
(212, 0);8;166;0;stop;1.0;True;True;462;[0.9994050230029472, 0.00013975843460802407]
(212, 0);9;23;0;stop;1.0;True;True;500;[0.9997809413187714, 5.3066254240998984e-05]
(212, 1);0;56;0;stop;1.0;True;False;513;[0.006901963881181535, 0.9928267900653065]
(212, 1);1;72;0;stop;1.0;True;False;369;[0.023680152055737893, 0.9759264488780656]
(212, 1);2;22;0;stop;1.0;True;False;407;[0.010325933297951439, 0.9894590380380509]
(212, 1);3;70;0;stop;1.0;True;False;488;[0.0037062562058827603, 0.9960249751335165]
(212, 1);4;31;0;stop;1.0;True;False;404;[0.011327675139087896, 0.9883121818383869]
(212, 1);5;74;0;stop;1.0;True;False;466;[0.0043306584781723405, 0.9954747629342848]
(212, 1);6;93;0;stop;1.0;True;False;371;[0.008059953342182142, 0.9916872416749111]
(212, 1);7;71;0;stop;1.0;True;False;707;[0.0018671841879282745, 0.9979283900046548]
(212, 1);8;61;0;stop;1.0;True;False;418;[0.0028005212605070073, 0.9970548127784711]
(212, 1);9;272;0;stop;1.0;True;False;97;[0.01435346469663165, 0.9752961487741618]
(212, 2);0;183;0;stop;1.0;True;False;469;[0.017982781043617863, 0.9818267529969191]
(212, 2);1;158;0;stop;1.0;True;False;95;[0.06656365082014408, 0.9188829106118326]
(212, 2);2;82;0;stop;1.0;True;False;436;[0.004754613043990691, 0.9951217892454488]
(212, 2);3;182;0;stop;1.0;True;False;407;[0.00628831734903877, 0.9934597237891786]
(212, 2);4;57;0;stop;1.0;True;False;492;[0.008575014887812, 0.9911371258469586]
(212, 2);5;127;0;stop;1.0;True;False;487;[0.0030751080348503383, 0.996839529973263]
(212, 2);6;53;0;stop;1.0;True;False;536;[0.010009278144756342, 0.9895622197852729]
(212, 2);7;77;0;stop;1.0;True;False;524;[0.003706816476200731, 0.9961756657341339]
(212, 2);8;53;0;stop;1.0;True;False;476;[0.004753978277038669, 0.9949891198895492]
(212, 2);9;74;0;stop;1.0;True;False;383;[0.001206357829397945, 0.9986016067748643]
(212, 3);0;145;0;stop;1.0;True;False;317;[0.00831377374783795, 0.9914452090219318]
(212, 3);1;48;0;stop;1.0;True;False;269;[0.004467018446085323, 0.9952272183021403]
(212, 3);2;156;0;stop;1.0;True;False;321;[0.029306425901027337, 0.9704956239678245]
(212, 3);3;49;0;stop;1.0;True;False;494;[0.0047538286657424515, 0.9949579638917462]
(212, 3);4;40;0;stop;1.0;True;False;344;[0.007575287318939009, 0.9921668502429355]
(212, 3);5;97;0;stop;1.0;True;False;459;[0.009410121894063801, 0.9903278848062637]
(212, 3);6;67;0;stop;1.0;True;False;494;[0.008845337965869508, 0.9909268491792406]
(212, 3);7;56;0;stop;1.0;True;False;336;[0.009706350116164103, 0.9900748293735329]
(212, 3);8;161;0;stop;1.0;True;False;431;[0.010326366600447107, 0.989500704788269]
(212, 3);9;112;0;stop;1.0;True;False;393;[0.005728959048243303, 0.9940462275932138]
(213, 0);0;61;2;stop;1.0;True;False;566;[0.019118114542082617, 0.9805722137105671]
(213, 0);1;109;2;stop;1.0;True;False;468;[0.04083045358856247, 0.9587957992911421]
(213, 0);2;96;2;stop;1.0;True;False;592;[0.029300354656296133, 0.970294461690821]
(213, 0);3;140;2;stop;1.0;True;False;501;[0.0062874898165631325, 0.9933290263254739]
(213, 0);4;130;2;stop;1.0;True;False;371;[0.018543603628196105, 0.9812967028982448]
(213, 0);5;99;2;stop;1.0;True;False;552;[0.00912357375988243, 0.9906500888272541]
(213, 0);6;69;2;stop;1.0;True;False;401;[0.0055541751398183094, 0.9943108630379006]
(213, 0);7;61;2;stop;1.0;True;False;357;[0.0010648781643706649, 0.9988557095786675]
(213, 0);8;60;2;stop;1.0;True;False;345;[0.011330289745696182, 0.98854045551336]
(213, 0);9;116;2;stop;1.0;True;False;468;[0.005219483707255271, 0.9946576009955876]
(213, 1);0;71;2;stop;1.0;True;False;514;[0.013635562818480844, 0.9862712715880778]
(213, 1);1;215;2;stop;1.0;True;False;593;[0.012817283140480749, 0.9868759017580367]
(213, 1);2;82;2;stop;1.0;True;False;347;[0.006096386670311532, 0.9937108633473213]
(213, 1);3;69;2;stop;1.0;True;False;430;[0.031135270717353086, 0.9685899607325094]
(213, 1);4;58;2;stop;1.0;True;False;397;[0.027577771514872507, 0.9721499451871207]
(213, 1);5;88;2;stop;1.0;True;False;521;[0.0047547150680130375, 0.9951431563736046]
(213, 1);6;190;2;stop;1.0;True;False;477;[0.0203303561141836, 0.9795713217460178]
(213, 1);7;148;2;stop;1.0;True;False;549;[0.022974332673332643, 0.976893508973982]
(213, 1);8;218;2;stop;1.0;True;False;675;[0.07154912063781992, 0.9278631004606395]
(213, 1);9;121;2;stop;1.0;True;False;545;[0.02368601310910815, 0.9761680068382949]
(213, 2);0;225;2;stop;1.0;True;True;467;[0.9985305239069517, 0.00019691851075448916]
(213, 2);1;102;2;stop;1.0;True;True;514;[0.9994255030275367, 0.00020980646118196189]
(213, 2);2;87;2;stop;1.0;True;True;669;[0.9999049992201816, 5.828910458359545e-05]
(213, 2);3;172;2;stop;1.0;True;True;513;[0.9997326850380543, 9.026443501210677e-05]
(213, 2);4;200;2;stop;1.0;True;True;360;[0.9994508660879637, 0.00011230419783152686]
(213, 2);5;85;2;stop;1.0;True;True;485;[0.9998477929052435, 7.484040927621427e-05]
(213, 2);6;271;2;stop;1.0;True;True;638;[0.9994113336330238, 0.000191028406269241]
(213, 2);7;256;2;stop;1.0;True;True;534;[0.9991596851615652, 0.0002957958194705431]
(213, 2);8;78;2;stop;1.0;True;True;374;[0.9995960437569696, 0.00015839726297837574]
(213, 2);9;85;2;stop;1.0;True;True;388;[0.9995832988334321, 0.00015839529921832948]
(213, 3);0;156;2;stop;1.0;True;False;616;[0.03306837867839739, 0.9663997654855729]
(213, 3);1;67;2;stop;1.0;True;False;463;[0.019119523051099957, 0.9806445459445623]
(213, 3);2;64;2;stop;1.0;True;False;472;[0.022971955557954907, 0.9767923823291697]
(213, 3);3;235;2;stop;1.0;True;False;569;[0.012819135136598447, 0.9870187264154208]
(213, 3);4;90;2;stop;1.0;True;False;482;[0.043333377746101444, 0.9559190085975022]
(213, 3);5;92;2;stop;1.0;True;False;517;[0.00941036420035563, 0.9903531390274826]
(213, 3);6;242;2;stop;1.0;True;False;589;[0.015902199957340372, 0.9838341764976379]
(213, 3);7;242;2;stop;1.0;True;False;773;[0.048653792787743025, 0.9471711481685632]
(213, 3);8;110;2;stop;1.0;True;False;437;[0.028413878841912068, 0.9708070718558985]
(213, 3);9;95;2;stop;1.0;True;False;537;[0.02297157765213413, 0.9767763461141437]
(214, 0);0;222;3;stop;1.0;True;False;521;[0.013633917926117293, 0.9861521960049132]
(214, 0);1;59;3;stop;1.0;True;False;483;[0.003823794182348345, 0.9959958835228666]
(214, 0);2;108;3;stop;1.0;True;False;564;[0.003375896371050151, 0.9964118469111842]
(214, 0);3;38;3;stop;1.0;True;False;403;[0.011682729814345743, 0.9879297119368237]
(214, 0);4;117;3;stop;1.0;True;False;361;[0.04556895375163637, 0.9443308475177606]
(214, 0);5;37;3;stop;1.0;True;False;212;[0.0022511277480494122, 0.9974295578795972]
(214, 0);6;57;3;stop;1.0;True;False;391;[0.005729762248024622, 0.9941857150460126]
(214, 0);7;79;3;stop;1.0;True;False;371;[0.0021154639664473004, 0.9977714722038241]
(214, 0);8;69;3;stop;1.0;True;False;361;[0.012429478301650341, 0.9873958429248089]
(214, 0);9;136;3;stop;1.0;True;False;579;[0.00460878826349739, 0.9952209605078649]
(214, 1);0;164;3;stop;1.0;True;False;792;[0.010653439285296553, 0.2424711605186059]
(214, 1);1;79;3;stop;1.0;True;False;576;[0.007120023550489918, 0.9926825147879516]
(214, 1);2;128;3;stop;1.0;True;False;478;[0.0028892181988445127, 0.9969851348280769]
(214, 1);3;68;3;stop;1.0;True;False;465;[0.01405759236152851, 0.985513368765609]
(214, 1);4;64;3;stop;1.0;True;False;471;[0.0030749760683621667, 0.996797124140014]
(214, 1);5;83;3;stop;1.0;True;False;558;[0.003824031222224872, 0.9960574989684167]
(214, 1);6;175;3;stop;1.0;True;False;405;[0.042070795200294185, 0.9575269209306003]
(214, 1);7;64;3;stop;1.0;True;False;406;[0.005910733994021812, 0.9940327988156099]
(214, 1);8;61;3;stop;1.0;True;False;521;[0.0019874527421405714, 0.9978507556958223]
(214, 1);9;72;3;stop;1.0;True;False;372;[0.002800274223772445, 0.9969665319762376]
(214, 2);0;106;3;stop;1.0;True;False;575;[0.012425709404770162, 0.9870963099568806]
(214, 2);1;88;3;stop;1.0;True;False;563;[0.010325800356512605, 0.9894463167358665]
(214, 2);2;152;3;stop;1.0;True;False;348;[0.012038019285939077, 0.9866546633922983]
(214, 2);3;121;3;stop;1.0;True;False;394;[0.00781516393247772, 0.9920918691780526]
(214, 2);4;57;3;stop;1.0;True;False;426;[0.01032522429672204, 0.9893911180390406]
(214, 2);5;35;3;stop;1.0;True;False;269;[0.005219018314218256, 0.9945689187958467]
(214, 2);6;54;3;stop;1.0;True;False;474;[0.0017544102129892051, 0.998129416398557]
(214, 2);7;47;3;stop;1.0;True;False;418;[0.006691396143939731, 0.9930912470031129]
(214, 2);8;63;3;stop;1.0;True;False;310;[0.00690312245013057, 0.992993440257936]
(214, 2);9;145;3;stop;1.0;True;False;422;[0.01911819203017262, 0.9805761113798506]
(214, 3);0;44;3;stop;1.0;True;True;476;[0.9997298255404862, 4.984861277978752e-05]
(214, 3);1;43;3;stop;1.0;True;True;542;[0.9997932146569817, 4.5390535340498735e-05]
(214, 3);2;51;3;stop;1.0;True;True;381;[0.9996273714656818, 9.025488031889282e-05]
(214, 3);3;86;3;stop;1.0;True;True;403;[0.9997473401569299, 6.400798455631828e-05]
(214, 3);4;77;3;stop;1.0;True;True;590;[0.9997665235319328, 8.479841976323842e-05]
(214, 3);5;75;3;stop;1.0;True;True;515;[0.9998103739877774, 4.6832189521328374e-05]
(214, 3);6;98;3;stop;1.0;True;True;599;[0.9998619747005729, 7.484147988451418e-05]
(214, 3);7;56;3;stop;1.0;True;True;425;[0.9996190331016879, 0.000179491721706431]
(214, 3);8;104;3;stop;1.0;True;True;417;[0.9993945451646365, 0.00015349300174856125]
(214, 3);9;49;3;stop;1.0;True;True;288;[0.9997392381011361, 6.01294780633075e-05]
(215, 0);0;60;0;stop;1.0;True;True;419;[0.999588539688349, 0.00015352272023886086]
(215, 0);1;76;0;stop;1.0;True;True;530;[0.9995949717437177, 0.00015114358006342152]
(215, 0);2;72;0;stop;1.0;True;True;454;[0.9994676564332926, 8.216491677202968e-05]
(215, 0);3;81;0;stop;1.0;True;True;557;[0.9995548323675159, 0.000176697669825261]
(215, 0);4;76;0;stop;1.0;True;True;424;[0.9996695418812815, 0.0002453484961172026]
(215, 0);5;88;0;stop;1.0;True;True;613;[0.9991724193332552, 0.00010547065564248795]
(215, 0);6;125;0;stop;1.0;True;True;452;[0.9994162154981677, 0.00023405401201101635]
(215, 0);7;52;0;stop;1.0;True;True;466;[0.9998452902871714, 7.721595160738858e-05]
(215, 0);8;65;0;stop;1.0;True;True;420;[0.9995268439055043, 0.0001583863870748671]
(215, 0);9;82;0;stop;1.0;True;True;562;[0.9995006433265753, 0.00015838215775851102]
(215, 1);0;35;0;stop;1.0;True;False;518;[0.026752238091142813, 0.972984584941703]
(215, 1);1;74;0;stop;1.0;True;False;360;[0.04207372419633905, 0.9575934882583186]
(215, 1);2;111;0;stop;1.0;True;False;680;[0.05031407188419741, 0.9493569285698844]
(215, 1);3;108;0;stop;1.0;True;False;473;[0.05028683677463183, 0.9488431033561577]
(215, 1);4;74;0;stop;1.0;True;False;701;[0.026752748354456523, 0.9730029802145184]
(215, 1);5;209;0;stop;1.0;True;False;655;[0.3600384468308694, 0.631887171626975]
(215, 1);6;85;0;stop;1.0;True;False;446;[0.05183114768578871, 0.9478927304166131]
(215, 1);7;59;0;stop;1.0;True;False;387;[0.06182868278850586, 0.937406816556659]
(215, 1);8;76;0;stop;1.0;True;False;455;[0.026754821399252664, 0.9730783754691924]
(215, 1);9;90;0;stop;1.0;True;False;623;[0.02594866978015861, 0.9737165501074887]
(215, 2);0;53;0;stop;1.0;True;False;557;[0.02160823481157137, 0.9780633766873746]
(215, 2);1;64;0;stop;1.0;True;False;390;[0.033068899034138045, 0.9664149077075366]
(215, 2);2;87;0;stop;1.0;True;False;740;[0.09006368524939412, 0.9096110798526902]
(215, 2);3;126;0;stop;1.0;True;False;942;[0.03620003089209615, 0.9632471173095104]
(215, 2);4;58;0;stop;1.0;True;False;464;[0.020327612821091058, 0.9794392209421207]
(215, 2);5;284;0;stop;1.0;True;False;229;[0.0720699651777154, 0.8779919286087267]
(215, 2);6;113;0;stop;1.0;True;False;297;[0.07366159279554535, 0.9258678414058937]
(215, 2);7;74;0;stop;1.0;True;False;435;[0.028429308330810997, 0.9713342838070086]
(215, 2);8;125;0;stop;1.0;True;False;560;[0.03306961650775394, 0.9664359509658245]
(215, 2);9;78;0;stop;1.0;True;False;680;[0.023681563544854636, 0.9759846985312689]
(215, 3);0;171;0;stop;1.0;True;False;595;[0.01743376480649719, 0.9820665263004474]
(215, 3);1;93;0;stop;1.0;True;False;293;[0.012427066313004213, 0.9872042275628103]
(215, 3);2;86;0;stop;1.0;True;False;384;[0.03961473989564489, 0.9597772870254666]
(215, 3);3;66;0;stop;1.0;True;False;715;[0.024412427922746546, 0.9751510289499564]
(215, 3);4;82;0;stop;1.0;True;False;407;[0.02673856028428682, 0.972486920945645]
(215, 3);5;64;0;stop;1.0;True;False;546;[0.014059864924032097, 0.9856724774894311]
(215, 3);6;82;0;stop;1.0;True;False;462;[0.15179277584775136, 0.8466321255293]
(215, 3);7;222;0;stop;1.0;True;False;716;[0.007428838845509931, 0.9729857122085169]
(215, 3);8;78;0;stop;1.0;True;False;331;[0.024416426848808303, 0.9753107763937721]
(215, 3);9;80;0;stop;1.0;True;False;553;[0.02517246123448598, 0.9745741492398718]
(216, 0);0;73;0;stop;1.0;True;True;239;[0.9996377350518052, 0.000139790959695334]
(216, 0);1;182;0;stop;1.0;True;True;541;[0.9990083285977076, 0.00043709180793492395]
(216, 0);2;221;0;stop;1.0;True;True;556;[0.999150997620011, 0.0003798062715400431]
(216, 0);3;240;0;stop;1.0;True;True;510;[0.9992190742200567, 0.00021982999523564902]
(216, 0);4;168;0;stop;1.0;True;True;384;[0.9996660870949452, 7.965276673839072e-05]
(216, 0);5;151;0;stop;1.0;True;True;556;[0.9992295483574873, 0.00015346767969380838]
(216, 0);6;82;0;stop;1.0;True;True;520;[0.9997121924341353, 0.00011233354751236735]
(216, 0);7;206;0;stop;1.0;True;True;492;[0.9987786446072651, 0.0005699441789280509]
(216, 0);8;211;0;stop;1.0;True;True;468;[0.9993737092430443, 0.00014646097254236834]
(216, 0);9;82;0;stop;1.0;True;True;425;[0.9996229640044612, 0.000131319575046003]
(216, 1);0;88;0;stop;1.0;True;False;517;[0.05183783352910855, 0.9480149593461387]
(216, 1);1;111;0;stop;1.0;True;False;284;[0.015903815167209685, 0.9839339960206677]
(216, 1);2;164;0;stop;1.0;True;False;335;[0.01363434700934197, 0.9861830344702445]
(216, 1);3;147;0;stop;1.0;True;False;388;[0.020328616067324307, 0.9794875965407244]
(216, 1);4;232;0;stop;1.0;True;False;559;[0.02032754012401257, 0.9794357911744238]
(216, 1);5;163;0;stop;1.0;True;False;308;[0.017438304331920722, 0.9823221759409636]
(216, 1);6;99;0;stop;1.0;True;False;491;[0.01970962116650788, 0.9798081643990504]
(216, 1);7;236;0;stop;1.0;True;False;450;[0.06365967038992865, 0.93547194389235]
(216, 1);8;233;0;stop;1.0;True;False;530;[0.010010843744189809, 0.9897166830571879]
(216, 1);9;127;0;stop;1.0;True;False;415;[0.012428500411996746, 0.9873178634385409]
(216, 2);0;61;0;stop;1.0;True;False;335;[0.1008458150898101, 0.8988288655034258]
(216, 2);1;208;0;stop;1.0;True;False;528;[0.014500343017150268, 0.9852764234255696]
(216, 2);2;170;0;stop;1.0;True;False;423;[0.007814452191822373, 0.9920016497493381]
(216, 2);3;149;0;stop;1.0;True;False;614;[0.007344030492804082, 0.9924115827396488]
(216, 2);4;254;0;stop;1.0;True;False;719;[0.02032512672859955, 0.9793193905204743]
(216, 2);5;180;0;stop;1.0;True;False;374;[0.010012457331509406, 0.9898764501141508]
(216, 2);6;125;0;stop;1.0;True;False;639;[0.006486581262201754, 0.9932531646725913]
(216, 2);7;112;0;stop;1.0;True;False;415;[0.006289315929941132, 0.9936174063838623]
(216, 2);8;79;0;stop;1.0;True;False;333;[0.010010676671604098, 0.9897004521739557]
(216, 2);9;231;0;stop;1.0;True;False;355;[0.017980731769279862, 0.9817148389603508]
(216, 3);0;181;0;stop;1.0;True;False;364;[0.06556216652127742, 0.9337873820003894]
(216, 3);1;153;0;stop;1.0;True;False;287;[0.031122030496366384, 0.9681780153957745]
(216, 3);2;70;0;stop;1.0;True;False;563;[0.003592869087846353, 0.9962031118305608]
(216, 3);3;99;0;stop;1.0;True;False;342;[0.008845080684676345, 0.9908977025243312]
(216, 3);4;119;0;stop;1.0;True;False;491;[0.0047537833299155985, 0.9949481694945459]
(216, 3);5;55;0;stop;1.0;True;False;433;[0.015422115559246018, 0.9844199957069001]
(216, 3);6;213;0;stop;1.0;True;False;417;[0.04082234535638646, 0.9586054844929458]
(216, 3);7;142;0;stop;1.0;True;False;478;[0.011327869593188109, 0.9883292993618005]
(216, 3);8;197;0;stop;1.0;True;False;422;[0.01798470191444052, 0.9819312229733047]
(216, 3);9;126;0;stop;1.0;True;False;405;[0.006486114229526391, 0.9931816649618086]
(217, 0);0;77;0;stop;1.0;True;True;504;[0.9992418081652724, 0.00015834122985363568]
(217, 0);1;185;0;stop;1.0;True;True;515;[0.9994407445569041, 0.00023043083472539444]
(217, 0);2;143;0;stop;1.0;True;True;617;[0.9990579428334616, 0.00017387181420381302]
(217, 0);3;56;0;stop;1.0;True;True;514;[0.9987847095487963, 0.0002231947309136606]
(217, 0);4;94;0;stop;1.0;True;True;356;[0.9994205020349846, 5.473102449083008e-05]
(217, 0);5;99;0;stop;1.0;True;True;538;[0.9983004654912205, 0.0004103189072125917]
(217, 0);6;154;0;stop;1.0;True;True;522;[0.9988444107426164, 0.0002692404118164316]
(217, 0);7;53;0;stop;1.0;True;True;432;[0.9988626080385989, 0.00023760813485433142]
(217, 0);8;66;0;stop;1.0;True;True;443;[0.9994727769827637, 4.681638160951967e-05]
(217, 0);9;68;0;stop;1.0;True;True;449;[0.9978183524272629, 0.00030477586688144957]
(217, 1);0;79;0;stop;1.0;True;False;389;[0.00555361899587487, 0.9942111662569323]
(217, 1);1;105;0;stop;1.0;True;False;486;[0.009122464460284592, 0.9905298369787557]
(217, 1);2;110;0;stop;1.0;True;False;695;[0.012426207118094623, 0.9871356873366375]
(217, 1);3;99;0;stop;1.0;True;False;692;[0.02594856460740711, 0.9737125944611038]
(217, 1);4;107;0;stop;1.0;True;False;670;[0.014060294003605546, 0.9857025904155098]
(217, 1);5;178;0;stop;1.0;True;False;940;[0.02095221436572215, 0.9784741953017642]
(217, 1);6;50;0;stop;1.0;True;False;750;[0.01242805001597578, 0.9872821897986841]
(217, 1);7;143;0;stop;1.0;True;False;733;[0.005728806070574871, 0.9940197243198808]
(217, 1);8;68;0;stop;1.0;True;False;686;[0.003944536762056841, 0.9958347258089606]
(217, 1);9;255;0;stop;1.0;True;False;466;[0.025111666716826186, 0.9722203649760295]
(217, 2);0;111;0;stop;1.0;True;False;570;[0.007344471746294904, 0.9924711116503598]
(217, 2);1;92;0;stop;1.0;True;False;718;[0.002396538126952176, 0.9975231397562003]
(217, 2);2;101;0;stop;1.0;True;False;361;[0.012046356905919313, 0.9873376184194043]
(217, 2);3;68;0;stop;1.0;True;False;409;[0.005058718571041188, 0.994622456008372]
(217, 2);4;116;0;stop;1.0;True;False;570;[0.009124626631703325, 0.9907645190447035]
(217, 2);5;192;0;stop;1.0;True;False;507;[0.010011526384009721, 0.9897842972418107]
(217, 2);6;155;0;stop;1.0;True;False;453;[0.03112636411910769, 0.9683127943786992]
(217, 2);7;131;0;stop;1.0;True;False;775;[0.024408505304247246, 0.9749942787547025]
(217, 2);8;133;0;stop;1.0;True;False;400;[0.01065093516147675, 0.9892011772610644]
(217, 2);9;61;0;stop;1.0;True;False;479;[0.009408735483608294, 0.9901817631215419]
(217, 3);0;129;0;stop;1.0;True;False;581;[0.0041978064302479485, 0.9955669152566382]
(217, 3);1;69;0;stop;1.0;True;False;432;[0.009410965505883264, 0.9904163968485095]
(217, 3);2;116;0;stop;1.0;True;False;566;[0.012048993759593086, 0.987554047961443]
(217, 3);3;110;0;stop;1.0;True;False;500;[0.01098377769437713, 0.9887282776769023]
(217, 3);4;87;0;stop;1.0;True;False;678;[0.011682412285358908, 0.9879031854306435]
(217, 3);5;114;0;stop;1.0;True;False;537;[0.020325121882712294, 0.9793191606808127]
(217, 3);6;80;0;stop;1.0;True;False;539;[0.01001103946133654, 0.989736067554659]
(217, 3);7;260;0;stop;1.0;True;False;608;[0.12789096606922762, 0.8604263555114624]
(217, 3);8;91;0;stop;1.0;True;False;626;[0.005218789366028895, 0.9945250551190042]
(217, 3);9;185;0;stop;1.0;True;False;594;[0.01970257371695545, 0.9794579772405565]
(218, 0);0;201;1;stop;0.8;True;False;3668;[0.027578876145915678, 0.9721889282334414]
(218, 0);1;358;1;stop;0.8;True;False;246;[0.34564773359362283, 0.6258871702434012]
(218, 0);2;244;1;stop;0.2;False;True;171;[0.4948833426422433, 0.4948833426422433]
(218, 0);3;230;1;stop/stop;0.8;True;False;4891;[0.03017734633851591, 0.9685900725891581]
(218, 0);4;276;1;stop;0.2;False;True;211;[0.5279960634043095, 0.4112037476378954]
(218, 0);5;216;1;stop/stop;0.8;True;False;5430;[0.05832115204036057, 0.9412556744764407]
(218, 0);6;201;1;stop/stop;0.8;True;False;234;[0.4264418830144054, 0.5143870989120188]
(218, 0);7;192;1;stop/stop;0.8;True;False;3493;[0.3342125002430338, 0.6646609418445415]
(218, 0);8;232;1;stop;0.8;True;False;157;[0.08481037729421312, 0.9117975865075114]
(218, 0);9;131;1;stop;0.8;True;False;1007;[0.01854302446794923, 0.981266054699971]
(218, 1);0;211;1;stop;1.0;True;True;207;[0.9996934876944594, 0.00017950524517081025]
(218, 1);1;182;1;stop;1.0;True;True;181;[0.9980278837219902, 0.0013877117576882438]
(218, 1);2;137;1;stop;1.0;True;True;2361;[0.9990829302521989, 0.000295773252901326]
(218, 1);3;113;1;stop;1.0;True;True;1684;[0.9992563298425846, 0.00016855577298986185]
(218, 1);4;182;1;stop;1.0;True;True;173;[0.999327039923232, 0.0002530500420662268]
(218, 1);5;247;1;stop;1.0;True;True;190;[0.998941827169381, 0.0006664412438529042]
(218, 1);6;114;1;stop;1.0;True;True;888;[0.9996142683618033, 0.0001419889616706643]
(218, 1);7;186;1;stop;1.0;True;True;1405;[0.9995628123462101, 0.0001634198770259214]
(218, 1);8;325;1;stop;1.0;True;True;3036;[0.9994737296893194, 0.00013976803138762982]
(218, 1);9;300;1;stop;1.0;True;True;221;[0.997474863920626, 0.0011319899349667617]
(218, 2);0;104;1;stop;1.0;True;False;3308;[0.007575583523365038, 0.9922055769864393]
(218, 2);1;257;1;stop;1.0;True;False;185;[0.02228239938121138, 0.977547634210029]
(218, 2);2;357;1;stop/stop;1.0;True;False;295;[0.3190007221085715, 0.6344086510674208]
(218, 2);3;209;1;stop/stop;1.0;True;False;4214;[0.09263352725967207, 0.9067811595469345]
(218, 2);4;334;1;stop;1.0;True;False;201;[0.25485830669130255, 0.737456940602506]
(218, 2);5;245;1;stop;1.0;True;False;153;[0.01281901899696514, 0.9870097841590415]
(218, 2);6;218;1;stop;1.0;True;False;1866;[0.010650732012947948, 0.9891820473702749]
(218, 2);7;232;1;stop;1.0;True;False;172;[0.13633123618558204, 0.8616399694436271]
(218, 2);8;206;1;stop;1.0;True;False;149;[0.02517406370800186, 0.974636199499458]
(218, 2);9;188;1;stop;1.0;True;False;169;[0.10640798042129239, 0.8909431053480908]
(218, 3);0;220;1;stop;0.9;True;False;154;[0.08240094600948861, 0.9140149472610989]
(218, 3);1;277;1;stop/stop;0.9;True;False;2172;[0.15193588510301392, 0.8474302743550094]
(218, 3);2;198;1;stop/stop;0.9;True;False;2305;[0.042069752045468846, 0.9575032038041662]
(218, 3);3;228;1;stop;0.9;True;False;446;[0.2999569410526268, 0.6974208038157548]
(218, 3);4;234;1;stop;0.1;False;True;231;[0.7771420338668107, 0.19044684021400718]
(218, 3);5;233;1;stop/stop;0.9;True;False;4940;[0.10837025957654221, 0.8523980679381801]
(218, 3);6;100;1;stop;0.9;True;False;1872;[0.04602569987655444, 0.9537961974591757]
(218, 3);7;128;1;stop/stop;0.9;True;False;4594;[0.0803195213518599, 0.9192083412580867]
(218, 3);8;128;1;stop;0.9;True;False;3399;[0.03618939072912558, 0.9629640432899313]
(218, 3);9;285;1;stop;0.9;True;False;152;[0.006691708840465361, 0.9931375711138599]
(219, 0);0;87;1;stop;1.0;True;False;477;[0.008060848877392108, 0.9917972203757236]
(219, 0);1;94;1;stop;1.0;True;False;421;[0.005728205126422747, 0.9939157288158031]
(219, 0);2;166;1;stop;1.0;True;False;430;[0.03957487419777633, 0.9588113617181866]
(219, 0);3;47;1;stop;1.0;True;False;609;[0.006486287429774366, 0.9932083586395677]
(219, 0);4;39;1;stop;1.0;True;False;445;[0.0025505906946762954, 0.9973233059439799]
(219, 0);5;60;1;stop;1.0;True;False;557;[0.010650925003958285, 0.9892000109397717]
(219, 0);6;146;1;stop;1.0;True;False;411;[0.0030752048138744585, 0.9968709219840924]
(219, 0);7;68;1;stop;1.0;True;False;288;[0.02160830693695671, 0.9780666832327465]
(219, 0);8;101;1;stop;1.0;True;False;481;[0.0015010395096180793, 0.9984040737444483]
(219, 0);9;187;1;stop;1.0;True;False;540;[0.0059099110616948535, 0.9938942964042619]
(219, 1);0;132;1;stop;1.0;True;True;595;[0.9993123971021487, 0.00012526706256894577]
(219, 1);1;80;1;stop;1.0;True;True;682;[0.9997002784985602, 4.5386336619293104e-05]
(219, 1);2;108;1;stop;1.0;True;True;566;[0.9995662663974494, 6.399638748056008e-05]
(219, 1);3;97;1;stop;1.0;True;True;612;[0.9993145399420313, 9.309075393918458e-05]
(219, 1);4;86;1;stop;1.0;True;True;339;[0.999662036708117, 5.648205388008937e-05]
(219, 1);5;157;1;stop;1.0;True;True;497;[0.9995887779215812, 5.142371895723304e-05]
(219, 1);6;85;1;stop;1.0;True;True;380;[0.9993345400219048, 7.250060403124874e-05]
(219, 1);7;278;1;stop;1.0;True;True;468;[0.9991017311264151, 0.0001766176447381201]
(219, 1);8;78;1;stop;1.0;True;True;469;[0.9998645965826473, 3.426502436837061e-05]
(219, 1);9;90;1;stop;1.0;True;True;543;[0.9994418162011424, 0.00012334097302394987]
(219, 2);0;121;1;stop;1.0;True;False;469;[0.05182274526108971, 0.9477390519891318]
(219, 2);1;263;1;stop;1.0;True;False;660;[0.37934298269966626, 0.6061883603247685]
(219, 2);2;262;1;stop;1.0;True;False;585;[0.014060193436905658, 0.9856955254583848]
(219, 2);3;69;1;stop;1.0;True;False;350;[0.016395946959721613, 0.9831723065465837]
(219, 2);4;97;1;stop;1.0;True;False;643;[0.013219626921636887, 0.9865386286361616]
(219, 2);5;155;1;stop;1.0;True;False;435;[0.007575673831896293, 0.9922176647340917]
(219, 2);6;85;1;stop;1.0;True;False;414;[0.017440366631264973, 0.9824380258547618]
(219, 2);7;81;1;stop;1.0;True;False;602;[0.015901418952256566, 0.9837858317746444]
(219, 2);8;70;1;stop;1.0;True;False;479;[0.006902612260864549, 0.9929197454408418]
(219, 2);9;71;1;stop;1.0;True;False;617;[0.012051223184104872, 0.9877366103587121]
(219, 3);0;66;1;stop;1.0;True;False;460;[0.011330181692148143, 0.9885310198161107]
(219, 3);1;97;1;stop;1.0;True;False;804;[0.011327361858947543, 0.9882852851813476]
(219, 3);2;85;1;stop;1.0;True;False;522;[0.0026311950248232405, 0.9971867297266487]
(219, 3);3;90;1;stop;1.0;True;False;644;[0.0024724060910533228, 0.997439875775865]
(219, 3);4;83;1;stop;1.0;True;False;499;[0.010983940057250754, 0.9887426113422071]
(219, 3);5;155;1;stop;1.0;True;False;476;[0.020955361702309248, 0.9786211056991556]
(219, 3);6;72;1;stop;1.0;True;False;757;[0.005552988766724894, 0.9940982951570858]
(219, 3);7;70;1;stop;1.0;True;False;487;[0.004068705886731731, 0.995579439871198]
(219, 3);8;108;1;stop;1.0;True;False;434;[0.09523745143340058, 0.9035876799443312]
(219, 3);9;221;1;stop;1.0;True;False;593;[0.009688210077327548, 0.9882243953342867]
(220, 0);0;178;3;stop;1.0;True;False;533;[0.012423398854034448, 0.9869129394179033]
(220, 0);1;238;3;stop;1.0;True;False;478;[0.010649858518425533, 0.9891012204107867]
(220, 0);2;134;3;stop;1.0;True;False;511;[0.010327252957639664, 0.9895858010872562]
(220, 0);3;189;3;stop;1.0;True;False;655;[0.012817686522781516, 0.9869072499929878]
(220, 0);4;45;3;stop;1.0;True;False;394;[0.005219212430333345, 0.9946060640847718]
(220, 0);5;48;3;stop;1.0;True;False;424;[0.0149535796635437, 0.9848121230074842]
(220, 0);6;147;3;stop;1.0;True;False;479;[0.044673828406872576, 0.9551686284890062]
(220, 0);7;117;3;stop;1.0;True;False;411;[0.0025506794800201128, 0.9973581673898956]
(220, 0);8;254;3;stop;1.0;True;False;457;[0.06745984263041457, 0.9312543605416546]
(220, 0);9;69;3;stop;1.0;True;False;582;[0.010009855669702286, 0.9896193063586636]
(220, 1);0;164;3;stop;1.0;True;False;533;[0.010012863156228173, 0.9899162832019122]
(220, 1);1;138;3;stop;1.0;True;False;551;[0.005729158471694458, 0.9940808601512888]
(220, 1);2;124;3;stop;1.0;True;False;512;[0.00781408330463302, 0.9919550802255518]
(220, 1);3;115;3;stop;1.0;True;False;806;[0.040829110216717694, 0.9587642394503646]
(220, 1);4;57;3;stop;1.0;True;False;506;[0.008845540421905737, 0.9909495576412629]
(220, 1);5;44;3;stop;1.0;True;False;412;[0.009706252921334214, 0.9900647806071595]
(220, 1);6;49;3;stop;1.0;True;False;335;[0.008846126726983478, 0.9910148822099191]
(220, 1);7;172;3;stop;1.0;True;False;453;[0.014059006804167612, 0.9856123709732894]
(220, 1);8;84;3;stop;1.0;True;False;443;[0.009122825511621708, 0.9905690210601166]
(220, 1);9;162;3;stop;1.0;True;False;392;[0.044660229059936364, 0.9548778900697656]
(220, 2);0;54;3;stop;1.0;True;False;469;[0.009707025878553783, 0.9901434279758539]
(220, 2);1;54;3;stop;1.0;True;False;254;[0.006691249373058613, 0.9930696150263371]
(220, 2);2;188;3;stop;1.0;True;False;393;[0.026748067053529213, 0.9728327040250532]
(220, 2);3;134;3;stop;1.0;True;False;427;[0.006288857102809585, 0.9935449135027364]
(220, 2);4;280;3;stop;1.0;True;False;547;[0.009123534605835587, 0.9906458770996851]
(220, 2);5;238;3;stop;1.0;True;False;734;[0.03409705266304451, 0.9658039458214378]
(220, 2);6;165;3;stop;1.0;True;False;481;[0.003944988204296091, 0.99594905599596]
(220, 2);7;142;3;stop;1.0;True;False;505;[0.008576098510993495, 0.9912622104278624]
(220, 2);8;91;3;stop;1.0;True;False;337;[0.05326874743734217, 0.9442111618506767]
(220, 2);9;56;3;stop;1.0;True;False;552;[0.014058416877141915, 0.985571031339826]
(220, 3);0;71;3;stop;1.0;True;True;291;[0.9993515645828408, 5.4727266538640144e-05]
(220, 3);1;141;3;stop;1.0;True;True;575;[0.9991974124650481, 0.00016854580695118164]
(220, 3);2;93;3;stop;1.0;True;True;470;[0.9992740659461016, 0.0001122843857779132]
(220, 3);3;236;3;stop;1.0;True;True;479;[0.9964719751563251, 0.002047707678670617]
(220, 3);4;130;3;stop;1.0;True;True;508;[0.9993271589359686, 0.00015835466995481388]
(220, 3);5;79;3;stop;1.0;True;True;493;[0.999738284908726, 0.00019715678027817558]
(220, 3);6;55;3;stop;1.0;True;True;335;[0.9992335952761682, 0.00016855191509853408]
(220, 3);7;150;3;stop;1.0;True;True;710;[0.9993538266389635, 0.00013545154390130713]
(220, 3);8;57;3;stop;1.0;True;True;459;[0.9993328733090567, 0.00010883608966974522]
(220, 3);9;128;3;stop;1.0;True;True;487;[0.9992452600021509, 0.00015834168287217614]
(221, 0);0;137;2;stop;1.0;True;False;421;[0.0802869352320466, 0.9188354059804176]
(221, 0);1;64;2;stop;1.0;True;False;273;[0.02516629236374605, 0.974335303237281]
(221, 0);2;90;2;stop;1.0;True;False;654;[0.00475423670764074, 0.9950434108923907]
(221, 0);3;114;2;stop;1.0;True;False;514;[0.08751256210571509, 0.9119018579009383]
(221, 0);4;145;2;stop;1.0;True;False;461;[0.0059098744269608545, 0.9938882908947725]
(221, 0);5;100;2;stop;1.0;True;False;649;[0.019713164636463252, 0.9799844384765423]
(221, 0);6;121;2;stop;1.0;True;False;508;[0.020328097474925092, 0.9794626659151897]
(221, 0);7;398;2;stop;1.0;True;False;414;[0.008043455652877075, 0.9896576009348702]
(221, 0);8;240;2;stop;1.0;True;False;507;[0.05663612233536961, 0.9430760812331895]
(221, 0);9;82;2;stop;1.0;True;False;426;[0.011684027873460118, 0.9880394413987402]
(221, 1);0;76;2;stop;1.0;True;False;506;[0.029304895744958825, 0.9704448762346429]
(221, 1);1;118;2;stop;1.0;True;False;498;[0.03844380184255916, 0.9609741920323862]
(221, 1);2;141;2;stop;1.0;True;False;531;[0.043352856967169374, 0.9563486100169745]
(221, 1);3;105;2;stop;1.0;True;False;347;[0.07360773138416006, 0.9251908185794696]
(221, 1);4;133;2;stop;1.0;True;False;1215;[0.016911708143567006, 0.9828985926053998]
(221, 1);5;183;2;stop;1.0;True;False;615;[0.04461987074120387, 0.9540148809132678]
(221, 1);6;141;2;stop;1.0;True;False;417;[0.017979334280980672, 0.9816384435939133]
(221, 1);7;130;2;stop;1.0;True;False;485;[0.06005539812532548, 0.9394245030309757]
(221, 1);8;166;2;stop;1.0;True;False;449;[0.013221196613545849, 0.9866558239558014]
(221, 1);9;101;2;stop;1.0;True;False;1596;[0.017438395799706904, 0.9823270064073992]
(221, 2);0;206;2;stop;0.9;True;True;713;[0.9977333777494058, 0.0007542631330317755]
(221, 2);1;85;2;stop;0.9;True;True;1072;[0.9995480435113998, 0.0002233652929719847]
(221, 2);2;79;2;stop;0.9;True;True;708;[0.9998348032208699, 7.721514158406882e-05]
(221, 2);3;82;2;stop;0.9;True;True;464;[0.999671686243446, 0.0001910781475796522]
(221, 2);4;148;2;stop;0.1;False;False;822;[0.03209320368924988, 0.9676729757574519]
(221, 2);5;298;2;stop;0.9;True;True;906;[0.9984575495944772, 0.0009541701750378325]
(221, 2);6;127;2;stop;0.9;True;True;774;[0.9993520408200648, 0.00022332141562705432]
(221, 2);7;196;2;stop;0.9;True;True;614;[0.9970008944015706, 0.0022501608031350157]
(221, 2);8;129;2;stop;0.9;True;True;933;[0.9995087415288474, 0.00010550616800308153]
(221, 2);9;73;2;stop;0.9;True;True;517;[0.9997231534791906, 0.00019108798805441023]
(221, 3);0;96;2;stop;0.7;True;False;993;[0.01743674945295786, 0.9822344137957524]
(221, 3);1;161;2;stop;0.7;True;False;820;[0.008060080171593159, 0.991702717314124]
(221, 3);2;88;2;stop;0.7;True;False;825;[0.006902177806831571, 0.9928572246609592]
(221, 3);3;65;2;stop;0.3;False;True;542;[0.9993337066942177, 0.0001739197419453839]
(221, 3);4;107;2;stop;0.7;True;False;559;[0.007575847227294149, 0.9922401985517713]
(221, 3);5;98;2;stop;0.3;False;True;872;[0.9993522789096769, 0.0004304635004849252]
(221, 3);6;102;2;stop;0.7;True;False;880;[0.005384128027417961, 0.9944656331645372]
(221, 3);7;220;2;stop;0.7;True;False;896;[0.05663111290540854, 0.9429927545606371]
(221, 3);8;162;2;stop;0.3;False;True;1297;[0.9989499163667025, 0.0005881371010110954]
(221, 3);9;195;2;stop;0.7;True;False;474;[0.034089802035269116, 0.9655986103100198]
(222, 0);0;94;2;stop;1.0;True;False;602;[0.01971528914402059, 0.9800901199297217]
(222, 0);1;118;2;stop;1.0;True;False;586;[0.029283761217242455, 0.9697450600110443]
(222, 0);2;134;2;stop;1.0;True;False;406;[0.019111023432567622, 0.9802085365625293]
(222, 0);3;103;2;stop;1.0;True;False;438;[0.08031193844203373, 0.9191215252016423]
(222, 0);4;106;2;stop;1.0;True;False;528;[0.03963038372153416, 0.9601562879232282]
(222, 0);5;85;2;stop;1.0;True;False;615;[0.022278526877553936, 0.9773778133912202]
(222, 0);6;231;2;stop;1.0;True;False;548;[0.025953044106820575, 0.9738806900456903]
(222, 0);7;101;2;stop;1.0;True;False;422;[0.010647695404368968, 0.9889001995933175]
(222, 0);8;224;2;stop;1.0;True;False;330;[0.08505008414518168, 0.9143745079955397]
(222, 0);9;61;2;stop;1.0;True;False;547;[0.0075755654617879736, 0.9922032289439847]
(222, 1);0;276;2;stop;1.0;True;False;412;[0.008846687760310109, 0.9910779912353602]
(222, 1);1;83;2;stop;1.0;True;False;577;[0.008312715342776895, 0.9913187894275006]
(222, 1);2;78;2;stop;1.0;True;False;458;[0.04598903047594778, 0.9530361509802601]
(222, 1);3;84;2;stop;1.0;True;False;581;[0.0136342494892415, 0.9861761947631326]
(222, 1);4;98;2;stop;1.0;True;False;321;[0.026740313458386025, 0.972550736781154]
(222, 1);5;95;2;stop;1.0;True;False;654;[0.01281818160022886, 0.9869451022893895]
(222, 1);6;86;2;stop;1.0;True;False;707;[0.014501407858810026, 0.9853489879574256]
(222, 1);7;176;2;stop;1.0;True;False;605;[0.017438046561649975, 0.982307452313491]
(222, 1);8;72;2;stop;1.0;True;False;557;[0.02096068327504945, 0.9788697084684277]
(222, 1);9;164;2;stop;1.0;True;False;454;[0.024417439781203334, 0.9753511470008274]
(222, 2);0;189;2;stop;1.0;True;True;418;[0.9994921880344819, 0.0002867905761443484]
(222, 2);1;157;2;stop;1.0;True;True;542;[0.9986455928173497, 0.00026090474701901545]
(222, 2);2;138;2;stop;1.0;True;True;658;[0.999448008210929, 0.0001535011993781365]
(222, 2);3;80;2;stop;1.0;True;True;530;[0.9985756924464595, 0.0001582355609534629]
(222, 2);4;95;2;stop;1.0;True;True;441;[0.9989848915401051, 0.00012328452492817532]
(222, 2);5;89;2;stop;1.0;True;True;526;[0.9978011428078226, 0.0004037554922910572]
(222, 2);6;144;2;stop;1.0;True;True;598;[0.9988447676084355, 0.00029111829735731134]
(222, 2);7;115;2;stop;1.0;True;True;382;[0.9995767478106996, 7.251816821733112e-05]
(222, 2);8;81;2;stop;1.0;True;True;403;[0.9991427861751828, 0.00018510129296029222]
(222, 2);9;85;2;stop;1.0;True;True;567;[0.9992814462327292, 0.00012332109564285664]
(222, 3);0;94;2;stop;1.0;True;False;558;[0.015899432490839544, 0.983663089512237]
(222, 3);1;109;2;stop;1.0;True;False;362;[0.032089049130682765, 0.9675478590607163]
(222, 3);2;149;2;stop;1.0;True;False;443;[0.009704577620583785, 0.9898939717919865]
(222, 3);3;105;2;stop;1.0;True;False;645;[0.029295863164026534, 0.9701456642659964]
(222, 3);4;134;2;stop;1.0;True;False;473;[0.03513044407299941, 0.9644597963098619]
(222, 3);5;103;2;stop;1.0;True;False;479;[0.015900713805861354, 0.9837422224086803]
(222, 3);6;151;2;stop;1.0;True;False;601;[0.019119564077189646, 0.9806464949210236]
(222, 3);7;75;2;stop;1.0;True;False;412;[0.006691814139522923, 0.9931532095152997]
(222, 3);8;134;2;stop;1.0;True;False;311;[0.02095644589437621, 0.9786716830767817]
(222, 3);9;145;2;stop;1.0;True;False;510;[0.012818536111877802, 0.9869723908150022]
(223, 0);0;87;1;stop;1.0;True;False;415;[0.023681151381336026, 0.9759676648335629]
(223, 0);1;95;1;stop;1.0;True;False;439;[0.0023965095581617102, 0.9975109221117353]
(223, 0);2;82;1;stop;1.0;True;False;586;[0.00280065079658485, 0.9971005589117315]
(223, 0);3;54;1;stop;1.0;True;False;433;[0.022275244541475392, 0.9772338946223856]
(223, 0);4;55;1;stop;1.0;True;False;447;[0.008844190802521724, 0.9907982210929502]
(223, 0);5;44;1;stop;1.0;True;False;336;[0.0047539284060834335, 0.99497861630117]
(223, 0);6;66;1;stop;1.0;True;False;514;[0.0044678066305540165, 0.9954030615840362]
(223, 0);7;195;1;stop;1.0;True;False;367;[0.2119631995207287, 0.7875387908699207]
(223, 0);8;149;1;stop;1.0;True;False;444;[0.019708286655964857, 0.9797420200659609]
(223, 0);9;61;1;stop;1.0;True;False;484;[0.012816733094165374, 0.9868336433728582]
(223, 1);0;155;1;stop;1.0;True;True;333;[0.9995186262882916, 0.00029590218760516785]
(223, 1);1;82;1;stop;1.0;True;True;433;[0.999523151918293, 0.00018517174037589135]
(223, 1);2;67;1;stop;1.0;True;True;366;[0.9996464311022545, 0.0001272822096971409]
(223, 1);3;159;1;stop;1.0;True;True;348;[0.9998290830968655, 9.609524646239557e-05]
(223, 1);4;41;1;stop;1.0;True;True;427;[0.9998442177301725, 8.219587423800318e-05]
(223, 1);5;63;1;stop;1.0;True;True;459;[0.99991262722786, 4.985769362107604e-05]
(223, 1);6;60;1;stop;1.0;True;True;497;[0.9997924996948935, 9.60916724296903e-05]
(223, 1);7;78;1;stop;1.0;True;True;399;[0.9998542282875063, 0.00010554259819631758]
(223, 1);8;90;1;stop;1.0;True;True;363;[0.999443364243624, 0.00026111309095745516]
(223, 1);9;78;1;stop;1.0;True;True;538;[0.9996043817255509, 0.00021650524708839426]
(223, 2);0;67;1;stop;1.0;True;False;453;[0.010011922622877327, 0.989823539405854]
(223, 2);1;82;1;stop;1.0;True;False;483;[0.014061306415119205, 0.9857738285025756]
(223, 2);2;81;1;stop;1.0;True;False;462;[0.013220244689785655, 0.9865848069671697]
(223, 2);3;110;1;stop;1.0;True;False;713;[0.01590386066845495, 0.9839368807259952]
(223, 2);4;80;1;stop;1.0;True;False;624;[0.0033762489253281822, 0.9965158922196464]
(223, 2);5;103;1;stop;1.0;True;False;506;[0.013220477936287849, 0.9866020957995182]
(223, 2);6;145;1;stop;1.0;True;False;514;[0.017438229494997973, 0.9823176894835653]
(223, 2);7;109;1;stop;1.0;True;False;390;[0.020328499746382914, 0.9794819937082024]
(223, 2);8;142;1;stop;1.0;True;False;429;[0.02033019131227457, 0.9795635435336543]
(223, 2);9;89;1;stop;1.0;True;False;417;[0.0027148152083274176, 0.9972226486397351]
(223, 3);0;67;1;stop;1.0;True;False;446;[0.01971252544890661, 0.979952726953706]
(223, 3);1;110;1;stop;1.0;True;False;464;[0.004904179470385614, 0.9948459850267585]
(223, 3);2;77;1;stop;1.0;True;False;548;[0.023680863435736988, 0.9759558559471925]
(223, 3);3;67;1;stop;1.0;True;False;520;[0.0028008404375252636, 0.9971681193984879]
(223, 3);4;42;1;stop;1.0;True;False;569;[0.0029805040130490346, 0.9968418991996885]
(223, 3);5;103;1;stop;1.0;True;False;639;[0.03512520124440532, 0.9643158865437379]
(223, 3);6;50;1;stop;1.0;True;False;622;[0.005059116597221909, 0.9947007683165795]
(223, 3);7;96;1;stop;1.0;True;False;459;[0.011327664336180203, 0.9883116001220924]
(223, 3);8;128;1;stop;1.0;True;False;759;[0.008575840882509313, 0.991232342154449]
(223, 3);9;94;1;stop;1.0;True;False;754;[0.004904584046708049, 0.9949281084237872]
(224, 0);0;69;0;stop;1.0;True;True;266;[0.9996272523299132, 0.0002694513006186336]
(224, 0);1;107;0;stop;1.0;True;True;503;[0.9989307642436127, 0.00043028188283085684]
(224, 0);2;88;0;stop;1.0;True;True;452;[0.9992672809163625, 0.00045818711982746927]
(224, 0);3;101;0;stop;1.0;True;True;539;[0.9998183580434946, 0.00011234554667052305]
(224, 0);4;74;0;stop;1.0;True;True;654;[0.9995750803157029, 0.00015839393970640554]
(224, 0);5;49;0;stop;1.0;True;True;752;[0.9997696215271885, 8.749046086892117e-05]
(224, 0);6;92;0;stop;1.0;True;True;543;[0.9998457669779236, 6.604630340097589e-05]
(224, 0);7;132;0;stop;1.0;True;True;679;[0.9996955129931804, 0.0001442367916999204]
(224, 0);8;92;0;stop;1.0;True;True;618;[0.9998097781709263, 9.609341360850548e-05]
(224, 0);9;47;0;stop;1.0;True;True;602;[0.9997082608022421, 0.00010887699226205703]
(224, 1);0;94;0;stop;1.0;True;False;557;[0.012819312404383203, 0.9870324304334576]
(224, 1);1;130;0;stop;1.0;True;False;439;[0.012820406628765638, 0.9871164052511011]
(224, 1);2;120;0;stop;1.0;True;False;505;[0.005060004429035747, 0.9948752459649034]
(224, 1);3;122;0;stop;1.0;True;False;402;[0.042073583760367864, 0.9575904275080283]
(224, 1);4;80;0;stop;1.0;True;False;422;[0.02930749496157838, 0.9705309920469002]
(224, 1);5;87;0;stop;1.0;True;False;392;[0.008314840217304753, 0.9915722468428503]
(224, 1);6;92;0;stop;1.0;True;False;655;[0.016396447331948925, 0.9832020363385751]
(224, 1);7;173;0;stop;1.0;True;False;420;[0.008313674640522479, 0.9914331399182053]
(224, 1);8;66;0;stop;1.0;True;False;386;[0.014059321888970364, 0.9856347217350766]
(224, 1);9;77;0;stop;1.0;True;False;415;[0.02756883746515315, 0.9718349330544238]
(224, 2);0;118;0;stop;0.9;True;False;428;[0.006096808197519652, 0.993779377909767]
(224, 2);1;74;0;stop;0.9;True;False;899;[0.008575975829797708, 0.9912481541146336]
(224, 2);2;68;0;stop;0.1;False;True;440;[0.9994680136963142, 0.00010885082944181066]
(224, 2);3;84;0;stop;0.9;True;False;911;[0.042077907396978, 0.9576888187607204]
(224, 2);4;67;0;stop;0.9;True;False;677;[0.008060149352113079, 0.9917113926811063]
(224, 2);5;43;0;stop;0.9;True;False;1127;[0.008314297054051597, 0.9915075522387055]
(224, 2);6;230;0;stop;0.9;True;False;843;[0.013633397843342823, 0.9861144044257285]
(224, 2);7;32;0;stop;0.9;True;False;430;[0.017983261242088905, 0.9818527258847531]
(224, 2);8;128;0;stop;0.9;True;False;982;[0.02675547204950733, 0.9731021938194588]
(224, 2);9;118;0;stop;0.9;True;False;870;[0.01640197589759502, 0.9835334578302152]
(224, 3);0;81;0;stop;1.0;True;False;547;[0.004754048550636303, 0.9950037542093462]
(224, 3);1;251;0;stop;1.0;True;False;735;[0.1901305774243217, 0.8004796420859251]
(224, 3);2;77;0;stop;1.0;True;False;399;[0.006095255958525018, 0.9935266739435356]
(224, 3);3;99;0;stop;1.0;True;False;451;[0.0059105113400650935, 0.9939952250312957]
(224, 3);4;72;0;stop;1.0;True;False;442;[0.005553547495693846, 0.9941985583932866]
(224, 3);5;82;0;stop;1.0;True;False;687;[0.0033761072552575804, 0.9964742242561582]
(224, 3);6;140;0;stop;1.0;True;False;512;[0.010008428623166454, 0.9894781788147307]
(224, 3);7;129;0;stop;1.0;True;False;604;[0.017437106979695683, 0.9822544274926708]
(224, 3);8;80;0;stop;1.0;True;False;789;[0.009124095829896949, 0.9907069493633657]
(224, 3);9;112;0;stop;1.0;True;False;982;[0.009408044598033172, 0.9901089524184696]
(225, 0);0;97;1;stop;1.0;True;False;1160;[0.004467478558502373, 0.9953295990497661]
(225, 0);1;62;1;stop;1.0;True;False;597;[0.0033760798878608844, 0.99646605661892]
(225, 0);2;96;1;stop;1.0;True;False;578;[0.01363524422699459, 0.986248196379045]
(225, 0);3;93;1;stop;1.0;True;False;544;[0.027577600564021778, 0.9721439750955104]
(225, 0);4;192;1;stop;1.0;True;False;884;[0.006486404961148067, 0.9932259980334689]
(225, 0);5;136;1;stop;1.0;True;False;579;[0.05182269583909211, 0.9477380881349767]
(225, 0);6;153;1;stop;1.0;True;False;650;[0.01321809523330994, 0.9864243603647016]
(225, 0);7;89;1;stop;1.0;True;False;722;[0.005219068086892822, 0.9945782342814091]
(225, 0);8;103;1;stop;1.0;True;False;652;[0.011686663432766498, 0.9882623487705946]
(225, 0);9;64;1;stop;1.0;True;False;585;[0.0035924545141030706, 0.9960878953032698]
(225, 1);0;99;1;stop;1.0;True;True;465;[0.9993708518193196, 0.00010549157932600234]
(225, 1);1;105;1;stop;1.0;True;True;595;[0.9990111839963458, 0.0006261068984765109]
(225, 1);2;96;1;stop;1.0;True;True;464;[0.9991796791178907, 0.00024522825855366324]
(225, 1);3;234;1;stop;1.0;True;True;1032;[0.9995412547886642, 0.00015838865282651434]
(225, 1);4;137;1;stop;1.0;True;True;378;[0.9991620653693271, 0.00016335443341070015]
(225, 1);5;108;1;stop;1.0;True;True;394;[0.9994601542883964, 0.00017946330863245646]
(225, 1);6;75;1;stop;1.0;True;True;506;[0.9996492900994494, 6.203257224084614e-05]
(225, 1);7;66;1;stop;1.0;True;True;634;[0.9997245832174104, 0.00010887875744061579]
(225, 1);8;108;1;stop;1.0;True;True;550;[0.9990336705458264, 0.00015105870441259783]
(225, 1);9;134;1;stop;1.0;True;True;548;[0.9996149830800659, 0.00017949103700115696]
(225, 2);0;83;1;stop;1.0;True;False;576;[0.02367664063584556, 0.9757818223316649]
(225, 2);1;91;1;stop;1.0;True;False;631;[0.019712896739155574, 0.9799711590487943]
(225, 2);2;68;1;stop;1.0;True;False;699;[0.019121346517855825, 0.9807379860978124]
(225, 2);3;106;1;stop;1.0;True;False;542;[0.012048614568635652, 0.9875230075152542]
(225, 2);4;120;1;stop;1.0;True;False;556;[0.01744051632377491, 0.982446771145515]
(225, 2);5;77;1;stop;1.0;True;False;587;[0.012052941501429692, 0.9878773579411247]
(225, 2);6;91;1;stop;1.0;True;False;751;[0.12932263308059352, 0.870058484392489]
(225, 2);7;172;1;stop;1.0;True;False;436;[0.11271002523730182, 0.8865329603264146]
(225, 2);8;61;1;stop;1.0;True;False;561;[0.008314190011464611, 0.991494895092482]
(225, 2);9;79;1;stop;1.0;True;False;575;[0.01639952808486436, 0.9833869126748419]
(225, 3);0;97;1;stop;0.9;True;False;611;[0.008845616344113995, 0.9909576357626865]
(225, 3);1;92;1;stop;0.9;True;False;721;[0.013220975962863363, 0.9866392288545135]
(225, 3);2;177;1;stop;0.9;True;False;628;[0.11913736513728546, 0.8803127007135494]
(225, 3);3;83;1;stop;0.9;True;False;754;[0.013634782607640086, 0.986214802486938]
(225, 3);4;78;1;stop;0.9;True;False;335;[0.013635634340041692, 0.9862763731541032]
(225, 3);5;105;1;stop;0.9;True;False;653;[0.004197338065577675, 0.9954557439564591]
(225, 3);6;129;1;stop;0.9;True;False;815;[0.006692267263463987, 0.9932203536153384]
(225, 3);7;60;1;stop;0.9;True;False;783;[0.010011354526244345, 0.9897672466975882]
(225, 3);8;274;1;stop;0.1;False;True;587;[0.45840580583535107, 0.4173832359298512]
(225, 3);9;97;1;stop;0.9;True;False;832;[0.0038237194266658864, 0.9959763713219684]
(226, 0);0;79;1;stop;1.0;True;False;399;[0.009123391042434752, 0.9906304345593263]
(226, 0);1;45;1;stop;1.0;True;False;443;[0.005219080530135631, 0.9945807106757901]
(226, 0);2;105;1;stop;1.0;True;False;401;[0.014058986692611443, 0.9856108655806356]
(226, 0);3;157;1;stop;1.0;True;False;503;[0.011685080911474854, 0.9881285918716407]
(226, 0);4;110;1;stop;1.0;True;False;294;[0.007119612756233557, 0.9926254271585283]
(226, 0);5;237;1;stop;1.0;True;False;390;[0.0362096554686429, 0.9635031316546333]
(226, 0);6;99;1;stop;1.0;True;False;440;[0.03020661474234731, 0.9695296422025584]
(226, 0);7;59;1;stop;1.0;True;False;552;[0.0033761442820885775, 0.9964849960623564]
(226, 0);8;62;1;stop;1.0;True;False;330;[0.011683325900838516, 0.9879804428387196]
(226, 0);9;136;1;stop;1.0;True;False;363;[0.019707741600184753, 0.9797147872868321]
(226, 1);0;99;1;stop;1.0;True;True;550;[0.9997328041863884, 9.608599090773889e-05]
(226, 1);1;277;1;stop;1.0;True;True;292;[0.9994929025200124, 0.0003919966144821132]
(226, 1);2;153;1;stop;1.0;True;True;459;[0.9996545316494864, 5.474386610792019e-05]
(226, 1);3;211;1;stop;1.0;True;True;457;[0.9965092629823543, 0.002249051635662302]
(226, 1);4;92;1;stop;1.0;True;True;373;[0.9990391435973681, 0.00012329122678757527]
(226, 1);5;106;1;stop;1.0;True;True;374;[0.9997322084448597, 7.483177359596438e-05]
(226, 1);6;63;1;stop;1.0;True;True;366;[0.9998810432844463, 4.8322212867396076e-05]
(226, 1);7;124;1;stop;1.0;True;True;536;[0.9994593207396094, 0.0002098136644388173]
(226, 1);8;181;1;stop;1.0;True;True;507;[0.9978779382387414, 0.00012705699579697573]
(226, 1);9;318;1;stop;1.0;True;True;437;[0.9988567800723356, 0.0006560530310039384]
(226, 2);0;98;1;stop;1.0;True;False;621;[0.011686212058017667, 0.9882242784491212]
(226, 2);1;61;1;stop;1.0;True;False;480;[0.005554066554959065, 0.9942916528524217]
(226, 2);2;153;1;stop;1.0;True;False;578;[0.031083166194513543, 0.9669690111899025]
(226, 2);3;260;1;stop;1.0;True;False;570;[0.02757652228307865, 0.9721060096474727]
(226, 2);4;266;1;stop;1.0;True;False;553;[0.013183694841467225, 0.9838572557009828]
(226, 2);5;254;1;stop;1.0;True;False;396;[0.2219172739668834, 0.7745673712455347]
(226, 2);6;68;1;stop;1.0;True;False;536;[0.003272647306260674, 0.9965999492138644]
(226, 2);7;101;1;stop;1.0;True;False;399;[0.021603902578211192, 0.9778672739065692]
(226, 2);8;31;1;stop;1.0;True;False;502;[0.013632916784439546, 0.986079860686525]
(226, 2);9;123;1;stop;1.0;True;False;409;[0.008060587509195099, 0.9917653270333657]
(226, 3);0;200;1;stop;1.0;True;False;496;[0.015900167907547082, 0.983708652264847]
(226, 3);1;134;1;stop;1.0;True;False;310;[0.04206289194086518, 0.9573469401429299]
(226, 3);2;83;1;stop;1.0;True;False;506;[0.008574352513907367, 0.991060427370787]
(226, 3);3;64;1;stop;1.0;True;False;392;[0.020959468938059934, 0.9788129420764093]
(226, 3);4;88;1;stop;1.0;True;False;590;[0.008059169350123714, 0.9915910009224317]
(226, 3);5;125;1;stop;1.0;True;False;328;[0.009704138017735417, 0.9898488840151062]
(226, 3);6;77;1;stop;1.0;True;False;464;[0.01541764507395605, 0.9841345031740405]
(226, 3);7;110;1;stop;1.0;True;False;526;[0.0154180641268965, 0.9841614060198791]
(226, 3);8;144;1;stop;1.0;True;False;594;[0.015419777216130264, 0.984270876436851]
(226, 3);9;73;1;stop;1.0;True;False;453;[0.00446734009376249, 0.9952991303795726]
(227, 0);0;86;2;stop;1.0;True;False;400;[0.019711909780488843, 0.979921934555759]
(227, 0);1;289;2;stop;1.0;True;False;496;[0.0896551701260041, 0.9054852228938728]
(227, 0);2;75;2;stop;1.0;True;False;458;[0.0050594953542399115, 0.9947753179577257]
(227, 0);3;115;2;stop;1.0;True;False;487;[0.011685677117927368, 0.9881791102702692]
(227, 0);4;169;2;stop;1.0;True;False;483;[0.031133734147280392, 0.9685419862459315]
(227, 0);5;128;2;stop;1.0;True;False;288;[0.031133481771040947, 0.9685341567004371]
(227, 0);6;196;2;stop;1.0;True;False;602;[0.060062414513279955, 0.9395342438067972]
(227, 0);7;212;2;stop;1.0;True;False;641;[0.02839579018872278, 0.9701889762983843]
(227, 0);8;125;2;stop;1.0;True;False;431;[0.03621481840333983, 0.9636404871134578]
(227, 0);9;59;2;stop;1.0;True;False;730;[0.0030747033555659315, 0.9967086521906149]
(227, 1);0;81;2;stop;1.0;True;False;553;[0.014501152013092778, 0.9853316274825663]
(227, 1);1;56;2;stop;1.0;True;False;642;[0.006289028034495219, 0.9935719792124859]
(227, 1);2;97;2;stop;1.0;True;False;477;[0.01797954861262481, 0.9816499299468585]
(227, 1);3;77;2;stop;1.0;True;False;718;[0.016911740400121174, 0.9829005515540383]
(227, 1);4;104;2;stop;1.0;True;False;425;[0.005060139547535182, 0.9949016761483196]
(227, 1);5;236;2;stop;1.0;True;False;490;[0.01032759767264935, 0.9896188390797902]
(227, 1);6;57;2;stop;1.0;True;False;477;[0.03962560300830537, 0.960040576292206]
(227, 1);7;181;2;stop;1.0;True;False;608;[0.26534867005022755, 0.656744246129885]
(227, 1);8;138;2;stop;1.0;True;False;425;[0.009412051543071029, 0.9905310067129943]
(227, 1);9;95;2;stop;1.0;True;False;617;[0.004904602756247087, 0.9949315303598066]
(227, 2);0;54;2;stop;1.0;True;True;478;[0.9996006891901057, 0.0002304677566858396]
(227, 2);1;76;2;stop;1.0;True;True;420;[0.9995681720769726, 0.00014879634270461897]
(227, 2);2;93;2;stop;1.0;True;True;381;[0.9997541317051011, 8.479736845878034e-05]
(227, 2);3;70;2;stop;1.0;True;True;561;[0.9993909732681603, 0.00013975643536188003]
(227, 2);4;133;2;stop;1.0;True;True;499;[0.999672877538351, 0.00015840949926250236]
(227, 2);5;84;2;stop;1.0;True;True;512;[0.9995397064781977, 0.00013977722891978498]
(227, 2);6;91;2;stop;1.0;True;True;529;[0.9995811548645059, 7.964600633628579e-05]
(227, 2);7;75;2;stop;1.0;True;True;560;[0.9995423266861265, 0.00015593321307921944]
(227, 2);8;108;2;stop;1.0;True;True;506;[0.9993485882071298, 0.0002610884394531902]
(227, 2);9;116;2;stop;1.0;True;True;397;[0.9996137919123381, 0.0001272780826477239]
(227, 3);0;75;2;stop;0.9;True;False;343;[0.023682054762800765, 0.9760049102991121]
(227, 3);1;81;2;stop;0.9;True;False;489;[0.006096703539768919, 0.9937626602170072]
(227, 3);2;97;2;stop;0.9;True;False;461;[0.010011335431119187, 0.9897656123606924]
(227, 3);3;183;2;stop;0.9;True;False;510;[0.015419483110025172, 0.9842520518060367]
(227, 3);4;103;2;stop;0.9;True;False;474;[0.0035933179778192196, 0.9963273483263575]
(227, 3);5;73;2;stop;0.9;True;False;438;[0.0022514873729269414, 0.9975887406491654]
(227, 3);6;88;2;stop;0.9;True;False;415;[0.004330462305821853, 0.9954295201590986]
(227, 3);7;169;2;stop;0.9;True;False;503;[0.006487543269896497, 0.9934006643192286]
(227, 3);8;252;2;stop;0.1;False;True;433;[0.6390056948550984, 0.270572043198325]
(227, 3);9;127;2;stop;0.9;True;False;542;[0.0019265734802120405, 0.9979897697186694]
(228, 0);0;94;0;stop;1.0;True;True;678;[0.9994470555870668, 0.00023406115488160438]
(228, 0);1;85;0;stop;1.0;True;True;559;[0.9993909732681603, 0.00022333014780960407]
(228, 0);2;101;0;stop;1.0;True;True;421;[0.99940680903287, 0.00021646251087966532]
(228, 0);3;97;0;stop;1.0;True;True;317;[0.9985413401444762, 0.0003402484069162916]
(228, 0);4;77;0;stop;1.0;True;True;427;[0.9997611616464678, 8.218905475671888e-05]
(228, 0);5;85;0;stop;1.0;True;True;406;[0.9991490935209668, 0.0001909781315138492]
(228, 0);6;55;0;stop;1.0;True;True;423;[0.9995634078704312, 0.00013547996574765118]
(228, 0);7;110;0;stop;1.0;True;True;455;[0.9994596779996514, 0.00021647386508797867]
(228, 0);8;89;0;stop;1.0;True;True;542;[0.9995730554646082, 0.00013548125779144933]
(228, 0);9;136;0;stop;1.0;True;True;583;[0.9991686109408295, 0.0002693277269779391]
(228, 1);0;106;0;stop;1.0;True;False;600;[0.013214837046511975, 0.9861811801123066]
(228, 1);1;150;0;stop;1.0;True;False;514;[0.0026312401926670173, 0.9972041553563192]
(228, 1);2;123;0;stop;1.0;True;False;309;[0.0351369526340247, 0.9646384658551279]
(228, 1);3;189;0;stop;1.0;True;False;752;[0.009673613597229598, 0.986735556007098]
(228, 1);4;263;0;stop;1.0;True;False;177;[0.012782725044954008, 0.9842152139178697]
(228, 1);5;173;0;stop;1.0;True;False;470;[0.04466295498718305, 0.9549361551825485]
(228, 1);6;238;0;stop;1.0;True;False;372;[0.004198637205532114, 0.9957636815446317]
(228, 1);7;87;0;stop;1.0;True;False;623;[0.0018672652108811265, 0.9979714857378564]
(228, 1);8;192;0;stop;1.0;True;False;394;[0.004330544903623149, 0.9954483017660416]
(228, 1);9;101;0;stop;1.0;True;False;674;[0.0022514723426773414, 0.9975822157633345]
(228, 2);0;118;0;stop;1.0;True;False;716;[0.005383904672400121, 0.9944243722968685]
(228, 2);1;80;0;stop;1.0;True;False;619;[0.0031721566786437013, 0.9966618760838811]
(228, 2);2;121;0;stop;1.0;True;False;609;[0.005058831945006031, 0.9946445099448328]
(228, 2);3;92;0;stop;1.0;True;False;780;[0.0008040556341933566, 0.9991581380819032]
(228, 2);4;107;0;stop;1.0;True;False;639;[0.008058389276862758, 0.991494895092482]
(228, 2);5;103;0;stop;1.0;True;False;446;[0.0013249122425137443, 0.9985918589317638]
(228, 2);6;82;0;stop;1.0;True;False;698;[0.0025506113704392127, 0.9973314875740309]
(228, 2);7;124;0;stop;1.0;True;False;511;[0.007813651095334424, 0.991899952192731]
(228, 2);8;97;0;stop;1.0;True;False;467;[0.031133132901372755, 0.9685234227489973]
(228, 2);9;75;0;stop;1.0;True;False;841;[0.003375960761777505, 0.9964310210359206]
(228, 3);0;140;0;stop;1.0;True;False;666;[0.004753878535651363, 0.9949682309698026]
(228, 3);1;86;0;stop;1.0;True;False;495;[0.0009397395828348901, 0.9988428646743822]
(228, 3);2;84;0;stop;1.0;True;False;417;[0.024409238564846267, 0.9750235160776557]
(228, 3);3;115;0;stop;1.0;True;False;379;[0.004069373339364516, 0.9957428783730008]
(228, 3);4;81;0;stop;1.0;True;False;458;[0.005059353015474345, 0.9947471244266508]
(228, 3);5;91;0;stop;1.0;True;False;636;[0.0053824980054933075, 0.9941642707943238]
(228, 3);6;100;0;stop;1.0;True;False;376;[0.003944158718932054, 0.9957396873398514]
(228, 3);7;44;0;stop;1.0;True;False;517;[0.0029805551772304683, 0.996859431139632]
(228, 3);8;114;0;stop;1.0;True;False;457;[0.011324612927275069, 0.9880450269279869]
(228, 3);9;200;0;stop;1.0;True;False;502;[0.006669724937701404, 0.9898749317554294]
(229, 0);0;47;2;stop;1.0;True;False;607;[0.0037066255859499204, 0.9961240898264596]
(229, 0);1;92;2;stop;1.0;True;False;605;[0.021609497040572984, 0.9781205131775115]
(229, 0);2;64;2;stop;1.0;True;False;466;[0.006288236389968815, 0.9934467817357083]
(229, 0);3;255;2;stop;1.0;True;False;845;[0.04185114185109548, 0.9525275306548469]
(229, 0);4;84;2;stop;1.0;True;False;390;[0.010650366355360333, 0.9891482225015364]
(229, 0);5;216;2;stop;1.0;True;False;609;[0.06862401910504959, 0.8625495968787963]
(229, 0);6;64;2;stop;1.0;True;False;521;[0.00884558681873335, 0.9909544748310607]
(229, 0);7;78;2;stop;1.0;True;False;611;[0.022283265341731757, 0.9775856828962922]
(229, 0);8;222;2;stop;1.0;True;False;284;[0.03307588520855711, 0.9666191420729061]
(229, 0);9;89;2;stop;1.0;True;False;805;[0.019120056397132476, 0.980671830140868]
(229, 1);0;84;2;stop;0.9;True;False;798;[0.012052585174693764, 0.9878481583816818]
(229, 1);1;38;2;stop;0.9;True;False;661;[0.010651341470158794, 0.9892387398065878]
(229, 1);2;234;2;stop;0.9;True;False;448;[0.0510313761317703, 0.9332663870168056]
(229, 1);3;90;2;stop;0.9;True;False;501;[0.013634529048729103, 0.9861964834915248]
(229, 1);4;184;2;stop;0.9;True;False;885;[0.04334463019109748, 0.9561673297339954]
(229, 1);5;214;2;stop;0.1;False;True;405;[0.3815054738144469, 0.34736468683125316]
(229, 1);6;56;2;stop;0.9;True;False;605;[0.011330143873649778, 0.9885277579895276]
(229, 1);7;56;2;stop;0.9;True;False;535;[0.006487193713622373, 0.9933470231109501]
(229, 1);8;142;2;stop;0.9;True;False;779;[0.039622674397743925, 0.9599694973804157]
(229, 1);9;208;2;stop;0.9;True;False;742;[0.01450020473176252, 0.9852670500822148]
(229, 2);0;53;2;stop;1.0;True;True;510;[0.9997739111073838, 7.966135099708378e-05]
(229, 2);1;114;2;stop;1.0;True;True;452;[0.9994138341032329, 0.00013129202599280294]
(229, 2);2;231;2;stop;1.0;True;True;368;[0.9972889212609055, 0.0011860941062687906]
(229, 2);3;99;2;stop;1.0;True;True;740;[0.9997715280017702, 6.204014503852224e-05]
(229, 2);4;70;2;stop;1.0;True;True;359;[0.9996629897405469, 0.00014423211490833645]
(229, 2);5;84;2;stop;1.0;True;True;533;[0.9997868992150214, 6.204115087025518e-05]
(229, 2);6;237;2;stop;1.0;True;True;537;[0.9961960135936904, 0.0017238650976840453]
(229, 2);7;93;2;stop;1.0;True;True;435;[0.999733757344477, 0.00011958106180064422]
(229, 2);8;77;2;stop;1.0;True;True;730;[0.9997183877774803, 6.603792670601973e-05]
(229, 2);9;79;2;stop;1.0;True;True;524;[0.9997804646880232, 0.00013134024062937369]
(229, 3);0;313;2;stop;1.0;True;False;373;[0.009696718676500128, 0.9890923569306765]
(229, 3);1;28;2;stop;1.0;True;False;509;[0.00359316719935979, 0.996285814436001]
(229, 3);2;176;2;stop;1.0;True;False;438;[0.023678644678265526, 0.9758643473754043]
(229, 3);3;191;2;stop;1.0;True;False;1596;[0.00912309087171466, 0.9905976801577663]
(229, 3);4;124;2;stop;1.0;True;False;953;[0.010984270027905066, 0.988772330003747]
(229, 3);5;71;2;stop;1.0;True;False;822;[0.04467608649092589, 0.9552168088210703]
(229, 3);6;53;2;stop;1.0;True;False;586;[0.003376337472141155, 0.996542291740822]
(229, 3);7;86;2;stop;1.0;True;False;574;[0.02595261715986736, 0.9738647487956305]
(229, 3);8;96;2;stop;1.0;True;False;505;[0.005219048177766036, 0.9945745787510939]
(229, 3);9;205;2;stop;1.0;True;False;468;[0.013221297483655777, 0.9866632514107676]
(230, 0);0;77;2;stop;1.0;True;False;437;[0.01363321581905881, 0.9861015369389006]
(230, 0);1;32;2;stop;1.0;True;False;398;[0.003824171629696417, 0.9960941641148061]
(230, 0);2;54;2;stop;1.0;True;False;451;[0.007576121778124104, 0.9922762310833483]
(230, 0);3;30;2;stop;1.0;True;False;408;[0.004331013675985775, 0.9955562813261015]
(230, 0);4;68;2;stop;1.0;True;False;492;[0.002631324257107293, 0.9972358075220679]
(230, 0);5;141;2;stop;1.0;True;False;404;[0.020330074982319583, 0.979557940266703]
(230, 0);6;34;2;stop;1.0;True;False;499;[0.01243047405016854, 0.9874748806577743]
(230, 0);7;127;2;stop;1.0;True;False;389;[0.031134877288807577, 0.9685775483330253]
(230, 0);8;76;2;stop;1.0;True;False;586;[0.011329857537686831, 0.988502713264746]
(230, 0);9;66;2;stop;1.0;True;False;426;[0.006691571635088633, 0.9931174656202048]
(230, 1);0;95;2;stop;1.0;True;False;520;[0.00757608926500646, 0.9922720055113304]
(230, 1);1;290;2;stop;1.0;True;False;452;[0.06041294152772055, 0.8877617348664935]
(230, 1);2;100;2;stop;1.0;True;False;344;[0.005909271395515395, 0.9937865595793021]
(230, 1);3;49;2;stop;1.0;True;False;410;[0.017982438052560515, 0.9818079074469713]
(230, 1);4;44;2;stop;1.0;True;False;454;[0.0018674477479971676, 0.9980693255949635]
(230, 1);5;42;2;stop;1.0;True;False;370;[0.006486906039844584, 0.9933030320068416]
(230, 1);6;171;2;stop;1.0;True;False;434;[0.015421953775663959, 0.984409483590158]
(230, 1);7;72;2;stop;1.0;True;False;243;[0.010650224158577653, 0.9891350427510401]
(230, 1);8;153;2;stop;1.0;True;False;595;[0.01450042598901594, 0.9852819786532322]
(230, 1);9;45;2;stop;1.0;True;False;332;[0.0066915333457181515, 0.9931114694291754]
(230, 2);0;56;2;stop;1.0;True;True;307;[0.9996629897405469, 5.223741031646721e-05]
(230, 2);1;89;2;stop;1.0;True;True;453;[0.9996671592717471, 6.813068681124577e-05]
(230, 2);2;32;2;stop;1.0;True;True;354;[0.9997376891930273, 3.5348229192632966e-05]
(230, 2);3;106;2;stop;1.0;True;True;403;[0.9995481626377283, 9.024773647944464e-05]
(230, 2);4;55;2;stop;1.0;True;True;366;[0.9997189834816779, 8.218552766082518e-05]
(230, 2);5;50;2;stop;1.0;True;True;431;[0.9998797322918859, 5.649433654577865e-05]
(230, 2);6;52;2;stop;1.0;True;True;414;[0.999828606428617, 7.030471713153307e-05]
(230, 2);7;242;2;stop;1.0;True;True;351;[0.9827821739896303, 0.006220731094601636]
(230, 2);8;82;2;stop;1.0;True;True;489;[0.999880209013609, 6.604857095977779e-05]
(230, 2);9;59;2;stop;1.0;True;True;306;[0.9994007365906931, 0.0002452825219072984]
(230, 3);0;230;2;stop;1.0;True;False;496;[0.09954878548686137, 0.8872686735512271]
(230, 3);1;69;2;stop;1.0;True;False;393;[0.005384395038678625, 0.9945146791528618]
(230, 3);2;58;2;stop;1.0;True;False;426;[0.0014101445357738375, 0.998437941163529]
(230, 3);3;48;2;stop;1.0;True;False;405;[0.00941131553724036, 0.9904533496900273]
(230, 3);4;67;2;stop;1.0;True;False;594;[0.017431370807626082, 0.9819313381996455]
(230, 3);5;57;2;stop;1.0;True;False;460;[0.017434280224261793, 0.9820953848375885]
(230, 3);6;55;2;stop;1.0;True;False;519;[0.0013249002389877367, 0.9985827058040628]
(230, 3);7;49;2;stop;1.0;True;False;373;[0.0007553306413450664, 0.9991454043248554]
(230, 3);8;134;2;stop;1.0;True;False;480;[0.025954269297943137, 0.9739267085363308]
(230, 3);9;54;2;stop;1.0;True;False;344;[0.02843187733741538, 0.9714220201638927]
(231, 0);0;183;2;stop;1.0;True;False;492;[0.022267699127224566, 0.9769028363186397]
(231, 0);1;52;2;stop;1.0;True;False;438;[0.004754617578345197, 0.9951228517985831]
(231, 0);2;47;2;stop;1.0;True;False;598;[0.001410247418151643, 0.9985110313310352]
(231, 0);3;84;2;stop;1.0;True;False;409;[0.005057753789057867, 0.9944327422307627]
(231, 0);4;98;2;stop;1.0;True;False;532;[0.021611233369906824, 0.9781992129437266]
(231, 0);5;17;2;stop;1.0;True;False;403;[0.014942902104696126, 0.984108757714583]
(231, 0);6;124;2;stop;1.0;True;False;531;[0.03408508832873424, 0.9654652521375988]
(231, 0);7;173;2;stop;1.0;True;False;820;[0.007575713567991101, 0.9922225937608382]
(231, 0);8;116;2;stop;1.0;True;False;549;[0.0046089464964015016, 0.9952554388803386]
(231, 0);9;240;2;stop;1.0;True;False;514;[0.01971231395758728, 0.979942196830391]
(231, 1);0;97;2;stop;1.0;True;False;377;[0.05031313621975441, 0.9493391996084571]
(231, 1);1;56;2;stop;1.0;True;False;402;[0.007574424057474164, 0.9920536208445127]
(231, 1);2;172;2;stop;1.0;True;False;621;[0.005910764997136728, 0.9940379817255124]
(231, 1);3;119;2;stop;1.0;True;False;512;[0.00912332143675055, 0.9906229477171276]
(231, 1);4;41;2;stop;1.0;True;False;357;[0.004905005028599793, 0.995013196089253]
(231, 1);5;120;2;stop;1.0;True;False;416;[0.009706613935608493, 0.9901014732058679]
(231, 1);6;84;2;stop;1.0;True;False;420;[0.005058844006215651, 0.9946472222570766]
(231, 1);7;201;2;stop;1.0;True;False;397;[0.009123926153865515, 0.9906884629648698]
(231, 1);8;118;2;stop;1.0;True;False;453;[0.0017005737755180347, 0.998211845236403]
(231, 1);9;59;2;stop;1.0;True;False;293;[0.005728355356550685, 0.993941519319385]
(231, 2);0;95;2;stop;1.0;True;True;638;[0.9996258229054471, 0.00010886806297379381]
(231, 2);1;65;2;stop;1.0;True;True;417;[0.9997783198742913, 8.74912952469544e-05]
(231, 2);2;93;2;stop;1.0;True;True;472;[0.9996909858262986, 0.000179504731602919]
(231, 2);3;66;2;stop;1.0;True;True;467;[0.9995954481842126, 0.00023778245476391895]
(231, 2);4;113;2;stop;1.0;True;True;668;[0.9997698598326753, 9.913977493873372e-05]
(231, 2);5;213;2;stop;1.0;True;True;325;[0.9993577554517736, 0.0005527292383120423]
(231, 2);6;79;2;stop;1.0;True;True;368;[0.9996527447695488, 9.025720434036838e-05]
(231, 2);7;202;2;stop;1.0;True;True;333;[0.9995394682857512, 0.00026113824287046664]
(231, 2);8;201;2;stop;1.0;True;True;846;[0.9996235596227054, 0.00012336332420132977]
(231, 2);9;97;2;stop;1.0;True;True;449;[0.9993271589359686, 0.00023771851506251303]
(231, 3);0;54;2;stop;1.0;True;False;455;[0.0015976707246411624, 0.998292980881777]
(231, 3);1;69;2;stop;1.0;True;False;354;[0.010984898570860257, 0.9888290919709581]
(231, 3);2;95;2;stop;1.0;True;False;528;[0.007812999100681029, 0.9918171555056132]
(231, 3);3;76;2;stop;1.0;True;False;679;[0.004467813021807239, 0.9954041244375024]
(231, 3);4;212;2;stop;1.0;True;False;358;[0.004330181485081356, 0.995364911782768]
(231, 3);5;89;2;stop;1.0;True;False;340;[0.005218786877516798, 0.9945247013016386]
(231, 3);6;192;2;stop;1.0;True;False;494;[0.015798330796908462, 0.9774079924189679]
(231, 3);7;87;2;stop;1.0;True;False;352;[0.009411055256272182, 0.9904258689901235]
(231, 3);8;169;2;stop;1.0;True;False;490;[0.008566832844604333, 0.9901912302526042]
(231, 3);9;30;2;stop;1.0;True;False;409;[0.009122795060957187, 0.9905656288889517]
(232, 0);0;102;0;stop;1.0;True;True;778;[0.9994149057186167, 0.00017393384085405707]
(232, 0);1;133;0;stop;1.0;True;True;597;[0.9997156475252866, 0.0001739862656438774]
(232, 0);2;233;0;stop;1.0;True;True;526;[0.9992058628206812, 0.0007096104427373035]
(232, 0);3;70;0;stop;1.0;True;True;371;[0.9997480550576275, 9.608745707479195e-05]
(232, 0);4;86;0;stop;1.0;True;True;333;[0.9994326474291275, 0.00011954503015177705]
(232, 0);5;92;0;stop;1.0;True;True;749;[0.9995050497248593, 0.00015350998303851972]
(232, 0);6;280;0;stop;1.0;True;True;992;[0.9992472835203409, 0.00043041834543514133]
(232, 0);7;77;0;stop;1.0;True;True;421;[0.9997194600685679, 8.479445722214899e-05]
(232, 0);8;240;0;stop;1.0;True;True;352;[0.9995015960596934, 0.00040444358695817135]
(232, 0);9;210;0;stop;1.0;True;True;813;[0.9995668619237283, 0.00020983627626821927]
(232, 1);0;225;0;stop;1.0;True;False;423;[0.10034156506283276, 0.8943346810298562]
(232, 1);1;81;0;stop;1.0;True;False;1330;[0.010011512062416595, 0.9897830131634588]
(232, 1);2;62;0;stop;1.0;True;False;311;[0.0027147142372731716, 0.9971855444707715]
(232, 1);3;182;0;stop;1.0;True;False;513;[0.16111945909827988, 0.8182321771152987]
(232, 1);4;210;0;stop;1.0;True;False;578;[0.06004957085072463, 0.939333296628469]
(232, 1);5;159;0;stop;1.0;True;False;686;[0.02032853851995609, 0.9794838236105783]
(232, 1);6;111;0;stop;1.0;True;False;358;[0.01406052866203595, 0.9857192698271604]
(232, 1);7;181;0;stop;1.0;True;False;430;[0.07154927416574174, 0.9278651536591985]
(232, 1);8;100;0;stop;1.0;True;False;517;[0.03732228731480999, 0.962554544466197]
(232, 1);9;64;0;stop;1.0;True;False;454;[0.0015975953053732905, 0.998245818394718]
(232, 2);0;186;0;stop;0.7;False;True;697;[0.9996565568110979, 0.0002694592667687208]
(232, 2);1;100;0;stop;0.7;False;True;1379;[0.9997593743577031, 0.0001355065843375951]
(232, 2);2;309;0;stop;0.7;False;True;392;[0.9957762109530592, 0.003944303537141142]
(232, 2);3;118;0;stop;0.3;True;False;569;[0.1328709943440069, 0.8664277591880126]
(232, 2);4;136;0;stop;0.7;False;True;713;[0.9995362526060086, 0.00013547634809056816]
(232, 2);5;146;0;stop;0.7;False;True;642;[0.9998078715506594, 8.74938818694263e-05]
(232, 2);6;154;0;stop;0.3;True;False;634;[0.05664009238702952, 0.9431422447423428]
(232, 2);7;106;0;stop;0.7;False;True;1541;[0.9997070694069807, 0.00010887688842891538]
(232, 2);8;100;0;stop;0.3;True;False;611;[0.025950111308477793, 0.9737708044803003]
(232, 2);9;108;0;stop;0.7;False;True;1139;[0.9993183494141861, 0.0002958429327324378]
(232, 3);0;107;0;stop;0.4;False;True;638;[0.9995043351724666, 7.251291234550211e-05]
(232, 3);1;159;0;stop;0.4;False;True;915;[0.998806472296063, 0.000910793393712299]
(232, 3);2;89;0;stop;0.4;False;True;828;[0.9995865148099895, 0.00022337381384422976]
(232, 3);3;89;0;stop;0.6;True;False;616;[0.005218983473628488, 0.9945620792823988]
(232, 3);4;161;0;stop;0.6;True;False;650;[0.017983715727452693, 0.9818777795276223]
(232, 3);5;115;0;stop;0.6;True;False;418;[0.0655652303156251, 0.9338311511371676]
(232, 3);6;218;0;stop;0.4;False;True;955;[0.9996322554043741, 0.00010227266568799493]
(232, 3);7;272;0;stop;0.6;True;False;1122;[0.013220427504263006, 0.9865987309955839]
(232, 3);8;114;0;stop;0.6;True;False;395;[0.012819569141382926, 0.9870519416138264]
(232, 3);9;253;0;stop;0.6;True;False;598;[0.08166258172489108, 0.9058248998943368]
(233, 0);0;107;1;stop;1.0;True;False;355;[0.025167270400951937, 0.9743732160018319]
(233, 0);1;121;1;stop;1.0;True;False;540;[0.021612784333943202, 0.9782692564148082]
(233, 0);2;49;1;stop;1.0;True;False;458;[0.00884432997249738, 0.9908139024772805]
(233, 0);3;116;1;stop;1.0;True;False;696;[0.014498331094754317, 0.9851398869870776]
(233, 0);4;82;1;stop;1.0;True;False;654;[0.008058762011808704, 0.991540836308727]
(233, 0);5;109;1;stop;1.0;True;False;434;[0.01032509136441126, 0.9893787486751503]
(233, 0);6;76;1;stop;1.0;True;False;520;[0.0047543183202231835, 0.9950601714453396]
(233, 0);7;67;1;stop;1.0;True;False;497;[0.0222788190182791, 0.9773906826473016]
(233, 0);8;81;1;stop;1.0;True;False;1101;[0.005909592628906788, 0.9938407192485101]
(233, 0);9;87;1;stop;1.0;True;False;673;[0.005729229500901516, 0.9940932295120284]
(233, 1);0;83;1;stop;1.0;True;True;417;[0.9989419461362414, 0.0003797267744396976]
(233, 1);1;79;1;stop;1.0;True;True;498;[0.9991325518568328, 0.00030517723748431065]
(233, 1);2;95;1;stop;1.0;True;True;534;[0.9978177590752909, 0.0001848557313118481]
(233, 1);3;95;1;stop;1.0;True;True;471;[0.9987401166185113, 0.00044385582912194986]
(233, 1);4;76;1;stop;1.0;True;True;795;[0.996984897824712, 0.00027726985149128684]
(233, 1);5;112;1;stop;1.0;True;True;665;[0.9989233891053594, 0.00028662734024783784]
(233, 1);6;147;1;stop;1.0;True;True;543;[0.9987955313303015, 0.0006067128351880781]
(233, 1);7;80;1;stop;1.0;True;True;522;[0.999371566159942, 0.00023041501283884946]
(233, 1);8;55;1;stop;1.0;True;True;311;[0.9995349425236921, 0.00019105190879103274]
(233, 1);9;86;1;stop;1.0;True;True;730;[0.9988561854051705, 0.00022321069561577822]
(233, 2);0;62;1;stop;1.0;True;False;573;[0.005059391615421819, 0.9947549097154279]
(233, 2);1;90;1;stop;1.0;True;False;495;[0.011330900267601814, 0.9885935784481207]
(233, 2);2;62;1;stop;1.0;True;False;430;[0.012819728076388032, 0.9870642533900879]
(233, 2);3;56;1;stop;1.0;True;False;513;[0.013219437814709474, 0.9865244739252813]
(233, 2);4;64;1;stop;1.0;True;False;921;[0.004198184762942583, 0.9956562479103508]
(233, 2);5;99;1;stop;1.0;True;False;333;[0.016909377770324235, 0.9827634052890235]
(233, 2);6;121;1;stop;1.0;True;False;1182;[0.01590456595440357, 0.9839805078852095]
(233, 2);7;243;1;stop;1.0;True;False;339;[0.008315038460906997, 0.991595923142126]
(233, 2);8;102;1;stop;1.0;True;False;570;[0.0064874226244521355, 0.9933820776979413]
(233, 2);9;120;1;stop;1.0;True;False;602;[0.014500515875739514, 0.98528834325385]
(233, 3);0;45;1;stop;1.0;True;False;351;[0.016908748866487657, 0.982726908670377]
(233, 3);1;96;1;stop;1.0;True;False;513;[0.019122746146547822, 0.9808097697014303]
(233, 3);2;159;1;stop;1.0;True;False;482;[0.0035932888496692174, 0.9963194201299462]
(233, 3);3;64;1;stop;1.0;True;False;278;[0.0031718919843069598, 0.9965787559244096]
(233, 3);4;77;1;stop;1.0;True;False;779;[0.003376178089549792, 0.996495057788097]
(233, 3);5;41;1;stop;1.0;True;False;346;[0.003592646376996083, 0.9961411234758419]
(233, 3);6;96;1;stop;1.0;True;False;468;[0.01321977820912657, 0.9865502302113557]
(233, 3);7;45;1;stop;1.0;True;False;751;[0.004466933245282604, 0.9952085627485956]
(233, 3);8;97;1;stop;1.0;True;False;364;[0.023683522831182368, 0.9760654408483259]
(233, 3);9;89;1;stop;1.0;True;False;888;[0.0028890735453732776, 0.9969354893083407]
(234, 0);0;150;2;stop;1.0;True;False;567;[0.01912012933449845, 0.9806756149537675]
(234, 0);1;115;2;stop;1.0;True;False;518;[0.005553150289228357, 0.9941273942999236]
(234, 0);2;122;2;stop;1.0;True;False;777;[0.004903940949695971, 0.9947976138515421]
(234, 0);3;124;2;stop;1.0;True;False;460;[0.0064850287404507705, 0.9930156569097759]
(234, 0);4;97;2;stop;1.0;True;False;562;[0.011683961017107626, 0.9880337390384403]
(234, 0);5;101;2;stop;1.0;True;False;435;[0.02228174594861861, 0.9775190404024957]
(234, 0);6;67;2;stop;1.0;True;False;539;[0.003074410142985542, 0.9966136836973656]
(234, 0);7;50;2;stop;1.0;True;False;732;[0.002115315688065724, 0.997701456821026]
(234, 0);8;73;2;stop;1.0;True;False;461;[0.0029809531508464444, 0.9969921258723645]
(234, 0);9;91;2;stop;1.0;True;False;574;[0.01449819974183238, 0.9851308635829414]
(234, 1);0;127;2;stop;1.0;True;False;458;[0.03844680831516092, 0.9610491689669327]
(234, 1);1;149;2;stop;1.0;True;False;410;[0.017978211224936154, 0.9815771048682288]
(234, 1);2;127;2;stop;1.0;True;False;583;[0.01853683167911239, 0.980938454056557]
(234, 1);3;97;2;stop;1.0;True;False;691;[0.006289243954844135, 0.9936059905197842]
(234, 1);4;270;2;stop;1.0;True;False;564;[0.012429027870191664, 0.987360163708755]
(234, 1);5;110;2;stop;1.0;True;False;351;[0.013221146178779475, 0.9866522264890526]
(234, 1);6;230;2;stop;1.0;True;False;558;[0.008844857151354664, 0.990872772169485]
(234, 1);7;85;2;stop;1.0;True;False;558;[0.003944595070440497, 0.9958495033373921]
(234, 1);8;118;2;stop;1.0;True;False;620;[0.020330176770993795, 0.9795628574920843]
(234, 1);9;165;2;stop;1.0;True;False;449;[0.09040363930249076, 0.8577257972230287]
(234, 2);0;88;2;stop;1.0;True;True;587;[0.9991003032385184, 0.00021980379102001901]
(234, 2);1;116;2;stop;1.0;True;True;361;[0.9995364907976888, 0.00010226291267160868]
(234, 2);2;67;2;stop;1.0;True;True;460;[0.9997204131848383, 5.1430487126835967e-05]
(234, 2);3;120;2;stop;1.0;True;True;594;[0.9994221690103301, 0.00021646581386065844]
(234, 2);4;198;2;stop;1.0;True;True;472;[0.9996749027662231, 6.813120660911801e-05]
(234, 2);5;199;2;stop;1.0;True;True;498;[0.9997407870116446, 0.0002034155962798462]
(234, 2);6;86;2;stop;1.0;True;True;360;[0.9994444358906713, 0.00011954639824390424]
(234, 2);7;158;2;stop;1.0;True;True;484;[0.9993810910218334, 0.000127248468924778]
(234, 2);8;104;2;stop;1.0;True;True;486;[0.9995869912464536, 0.00011231951440886631]
(234, 2);9;37;2;stop;1.0;True;True;518;[0.999782609520905, 5.648884133888132e-05]
(234, 3);0;153;2;stop;0.9;True;False;506;[0.029074493228143025, 0.9628150554552044]
(234, 3);1;207;2;stop;0.9;True;False;369;[0.06496613772327439, 0.9252983795677101]
(234, 3);2;155;2;stop;0.9;True;False;413;[0.003375469813500549, 0.9962861695758073]
(234, 3);3;119;2;stop;0.9;True;False;387;[0.03843539779914807, 0.9607639742015188]
(234, 3);4;79;2;stop;0.9;True;False;463;[0.008575407429826647, 0.9911823304594213]
(234, 3);5;82;2;stop;0.1;False;True;405;[0.9845074543422716, 0.014948952735363957]
(234, 3);6;154;2;stop;0.9;True;False;628;[0.006284708187106367, 0.9928893066169548]
(234, 3);7;204;2;stop;0.9;True;False;569;[0.020327162103395368, 0.9794176081332179]
(234, 3);8;52;2;stop;0.9;True;False;372;[0.0005527384630533931, 0.9993744235857092]
(234, 3);9;123;2;stop;0.9;True;False;430;[0.005058643793859252, 0.9946079509577882]
(235, 0);0;37;3;stop;1.0;True;False;391;[0.01064263969706629, 0.9884304982675077]
(235, 0);1;31;3;stop;1.0;True;False;490;[0.00159757473709995, 0.9982327515870212]
(235, 0);2;59;3;stop;1.0;True;False;522;[0.004904633159400244, 0.9949380207660473]
(235, 0);3;54;3;stop;1.0;True;False;533;[0.00433051599421349, 0.9954418052497874]
(235, 0);4;71;3;stop;1.0;True;False;404;[0.008313900606925736, 0.9914604426547798]
(235, 0);5;75;3;stop;1.0;True;False;349;[0.008574753203118249, 0.9911067961302019]
(235, 0);6;139;3;stop;1.0;True;False;325;[0.003706300388163026, 0.9960369201748906]
(235, 0);7;59;3;stop;1.0;True;False;469;[0.010643639480819438, 0.9885236804912756]
(235, 0);8;46;3;stop;1.0;True;False;480;[0.0035928930729152105, 0.9962097371756096]
(235, 0);9;133;3;stop;1.0;True;False;596;[0.007120458135502173, 0.9927430159489729]
(235, 1);0;87;3;stop;1.0;True;False;413;[0.0064868534556944074, 0.9932946812948003]
(235, 1);1;80;3;stop;1.0;True;False;613;[0.0034829143341153826, 0.9963705426438312]
(235, 1);2;78;3;stop;1.0;True;False;520;[0.0015011003497212307, 0.9984442395266635]
(235, 1);3;123;3;stop;1.0;True;False;433;[0.011329819720270447, 0.9884996844463918]
(235, 1);4;45;3;stop;1.0;True;False;253;[0.00591064380406669, 0.9940174863145014]
(235, 1);5;70;3;stop;1.0;True;False;510;[0.0026311197468066073, 0.997158518232974]
(235, 1);6;319;3;stop;1.0;True;False;600;[0.008004471352593252, 0.9848605686112375]
(235, 1);7;55;3;stop;1.0;True;False;459;[0.014060287299136508, 0.9857020111532161]
(235, 1);8;108;3;stop;1.0;True;False;624;[0.004467970675614293, 0.9954393243936897]
(235, 1);9;111;3;stop;1.0;True;False;498;[0.002251718207220041, 0.997690777326137]
(235, 2);0;46;3;stop;1.0;True;False;213;[0.003272513104306016, 0.9965589844971611]
(235, 2);1;56;3;stop;1.0;True;False;506;[0.0047542911158733716, 0.9950545059465166]
(235, 2);2;44;3;stop;1.0;True;False;435;[0.003272651987823546, 0.9966013699897209]
(235, 2);3;74;3;stop;1.0;True;False;405;[0.008576605611888093, 0.9913210153557742]
(235, 2);4;122;3;stop;1.0;True;False;618;[0.03513982616621443, 0.9647172326819979]
(235, 2);5;71;3;stop;1.0;True;False;385;[0.0033760106654359525, 0.9964455793539392]
(235, 2);6;75;3;stop;1.0;True;False;301;[0.0059084261279213, 0.9936444763819394]
(235, 2);7;61;3;stop;1.0;True;False;395;[0.0028007389379600223, 0.9971320861358651]
(235, 2);8;112;3;stop;1.0;True;False;487;[0.021612835862897944, 0.9782717655440301]
(235, 2);9;193;3;stop;1.0;True;False;498;[0.006682611519407597, 0.9917873711912982]
(235, 3);0;51;3;stop;1.0;True;True;390;[0.9988925813391258, 0.00012718622975574318]
(235, 3);1;81;3;stop;1.0;True;True;323;[0.999250854437947, 5.3038123694071685e-05]
(235, 3);2;160;3;stop;1.0;True;True;559;[0.999777962398509, 9.313391017446893e-05]
(235, 3);3;72;3;stop;1.0;True;True;427;[0.9991452852756066, 0.00011583365022662944]
(235, 3);4;73;3;stop;1.0;True;True;334;[0.9979546268882955, 0.00015813720135226218]
(235, 3);5;73;3;stop;1.0;True;True;536;[0.999598783361312, 1.7771731218365046e-05]
(235, 3);6;59;3;stop;1.0;True;True;330;[0.9996330892719475, 3.762404698148349e-05]
(235, 3);7;41;3;stop;1.0;True;True;529;[0.9997814179497467, 3.534977991876946e-05]
(235, 3);8;88;3;stop;1.0;True;True;562;[0.999621772827223, 0.00015840134163472685]
(235, 3);9;71;3;stop;1.0;True;True;303;[0.9995012387846677, 9.911311625353626e-05]
(236, 0);0;260;0;stop;0.9;True;True;1197;[0.9795532493114325, 0.01970449037370426]
(236, 0);1;244;0;stop;0.9;True;True;1476;[0.994546278833833, 0.005384564495000618]
(236, 0);2;123;0;stop;0.9;True;True;730;[0.9992446648710502, 0.000261061300589811]
(236, 0);3;116;0;stop;0.9;True;True;670;[0.9981910585496835, 0.00047222237460473775]
(236, 0);4;121;0;stop;0.9;True;True;461;[0.999394187986049, 0.00024528111839346547]
(236, 0);5;78;0;stop;0.9;True;True;1386;[0.9997287532382807, 0.00013980375852581006]
(236, 0);6;91;0;stop;0.9;True;True;464;[0.9994854000110825, 0.00011955130070259739]
(236, 0);7;135;0;stop;0.9;True;True;828;[0.9991417151423658, 0.0006069229056882319]
(236, 0);8;97;0;stop;0.9;True;True;1439;[0.9996625132387654, 0.00012336814788142263]
(236, 0);9;163;0;stop;0.1;False;False;434;[0.0033762634146477593, 0.9965205089530902]
(236, 1);0;82;0;stop;1.0;True;False;574;[0.004904614449745228, 0.9949338904183949]
(236, 1);1;106;0;stop;1.0;True;False;532;[0.017439884297472827, 0.9824108736778439]
(236, 1);2;122;0;stop;1.0;True;False;1024;[0.011328895934017773, 0.9884189684756074]
(236, 1);3;85;0;stop;1.0;True;False;572;[0.06006096821114561, 0.9395115148362322]
(236, 1);4;128;0;stop;1.0;True;False;1262;[0.02368315015905163, 0.9760501092387476]
(236, 1);5;183;0;stop;1.0;True;False;639;[0.0010987145554748395, 0.9988860394364685]
(236, 1);6;100;0;stop;1.0;True;False;723;[0.02160713235350308, 0.9780135448498657]
(236, 1);7;167;0;stop;1.0;True;False;607;[0.006691230229267983, 0.9930665588042361]
(236, 1);8;304;0;stop;1.0;True;False;1818;[0.008832516762481618, 0.9894903171949476]
(236, 1);9;96;0;stop;1.0;True;False;715;[0.01281794322721912, 0.9869268726731059]
(236, 2);0;118;0;stop;1.0;True;False;845;[0.07583271067582954, 0.9238315948967196]
(236, 2);1;260;0;stop;1.0;True;False;329;[0.03731895059145897, 0.9624685143289954]
(236, 2);2;117;0;stop;1.0;True;False;458;[0.0010986768347516682, 0.9988521415848111]
(236, 2);3;109;0;stop;1.0;True;False;394;[0.21196105175310395, 0.7875307992103477]
(236, 2);4;92;0;stop;1.0;True;False;859;[0.0073450566231270074, 0.9925502598385303]
(236, 2);5;93;0;stop;1.0;True;False;893;[0.01912105019267456, 0.98072273636669]
(236, 2);6;141;0;stop;1.0;True;False;614;[0.020326570854475343, 0.9793891365805789]
(236, 2);7;298;0;stop;1.0;True;False;576;[0.10648327877111209, 0.8915734777090933]
(236, 2);8;308;0;stop;1.0;True;False;536;[0.06485546929212471, 0.9237221397321701]
(236, 2);9;68;0;stop;1.0;True;False;454;[0.013634808613948852, 0.9862165420973746]
(236, 3);0;235;0;stop;1.0;True;False;1155;[0.023681281240300743, 0.9759730021480553]
(236, 3);1;288;0;stop;1.0;True;False;415;[0.006095139701852541, 0.9935076116857753]
(236, 3);2;110;0;stop;1.0;True;False;520;[0.06752464271175299, 0.9321489605372215]
(236, 3);3;238;0;stop;1.0;True;False;485;[0.0920463523111182, 0.9010334581647714]
(236, 3);4;142;0;stop;1.0;True;False;1377;[0.02228076317958382, 0.9774758708730029]
(236, 3);5;138;0;stop;1.0;True;False;555;[0.033077091774113304, 0.9666542302390121]
(236, 3);6;113;0;stop;1.0;True;False;376;[0.0116846630278891, 0.9880930923102114]
(236, 3);7;80;0;stop;1.0;True;False;805;[0.023682478234725392, 0.9760222846096626]
(236, 3);8;132;0;stop;1.0;True;False;1033;[0.028427756193940026, 0.9712810860447122]
(236, 3);9;195;0;stop;1.0;True;False;1133;[0.0244164210274792, 0.9753105493115627]
(237, 0);0;75;1;stop;1.0;True;False;278;[0.020951609931382197, 0.9784458915063202]
(237, 0);1;45;1;stop;1.0;True;False;430;[0.0085741399109091, 0.9910358399600694]
(237, 0);2;85;1;stop;1.0;True;False;1044;[0.01000717356312119, 0.9893537772951664]
(237, 0);3;98;1;stop;1.0;True;False;654;[0.013635367761585257, 0.9862568929193902]
(237, 0);4;86;1;stop;1.0;True;False;440;[0.006096313996152325, 0.9936990919604007]
(237, 0);5;56;1;stop;1.0;True;False;625;[0.03407467984828599, 0.965170322497629]
(237, 0);6;86;1;stop;1.0;True;False;503;[0.0059093587467265625, 0.9938015117235576]
(237, 0);7;248;1;stop;1.0;True;False;356;[0.14992423568828062, 0.8104827970030752]
(237, 0);8;91;1;stop;1.0;True;False;454;[0.01911211244870393, 0.9802644344316904]
(237, 0);9;28;1;stop;1.0;True;False;547;[0.006096744239791834, 0.9937692531350012]
(237, 1);0;274;1;stop;1.0;True;True;606;[0.9967946368890723, 0.0008021535219122869]
(237, 1);1;133;1;stop;1.0;True;True;507;[0.9995363717018416, 0.00013977682901449733]
(237, 1);2;107;1;stop;1.0;True;True;469;[0.9997276809372253, 8.479510415498506e-05]
(237, 1);3;65;1;stop;1.0;True;True;545;[0.9998713897130747, 4.832175203306027e-05]
(237, 1);4;45;1;stop;1.0;True;True;255;[0.9994343144829057, 0.00015837173599668298]
(237, 1);5;50;1;stop;1.0;True;True;515;[0.9996540551517366, 9.025729041638708e-05]
(237, 1);6;113;1;stop;1.0;True;True;462;[0.9996908666829483, 7.720402303194826e-05]
(237, 1);7;94;1;stop;1.0;True;True;709;[0.9995245810795839, 0.0002531000017538081]
(237, 1);8;62;1;stop;1.0;True;True;686;[0.9998034625224952, 4.132898629215686e-05]
(237, 1);9;93;1;stop;1.0;True;True;464;[0.9997673575988004, 6.813750947388443e-05]
(237, 2);0;51;1;stop;0.9;True;False;392;[0.02441701481019681, 0.9753342497127933]
(237, 2);1;86;1;stop;0.9;True;False;556;[0.008060418393112983, 0.991744455456255]
(237, 2);2;77;1;stop;0.9;True;False;376;[0.025152789736005206, 0.9738125170900154]
(237, 2);3;62;1;stop;0.9;True;False;679;[0.004608926716991397, 0.9952510699285946]
(237, 2);4;276;1;stop;0.1;False;True;514;[0.7974418291731218, 0.1724588927930934]
(237, 2);5;173;1;stop;0.9;True;False;773;[0.01132785879009497, 0.9883283678634112]
(237, 2);6;141;1;stop;0.9;True;False;671;[0.023679886705178926, 0.9759155493821534]
(237, 2);7;63;1;stop;0.9;True;False;423;[0.003272380468246829, 0.9965182597487898]
(237, 2);8;82;1;stop;0.9;True;False;413;[0.013632052221242282, 0.9860172710355213]
(237, 2);9;156;1;stop;0.9;True;False;501;[0.010984427160272113, 0.9887867821802443]
(237, 3);0;81;1;stop;1.0;True;False;476;[0.0033740649692688795, 0.9958714931248384]
(237, 3);1;78;1;stop;1.0;True;False;369;[0.005728724119932831, 0.9940054724544791]
(237, 3);2;105;1;stop;1.0;True;False;450;[0.010977766720361288, 0.9881871427992586]
(237, 3);3;53;1;stop;1.0;True;False;368;[0.0026313405684292024, 0.9972418536913072]
(237, 3);4;95;1;stop;1.0;True;False;476;[0.006289118000406378, 0.9935863368298115]
(237, 3);5;33;1;stop;1.0;True;False;518;[0.0021825317018665685, 0.9977327844479641]
(237, 3);6;167;1;stop;1.0;True;False;639;[0.010010280482047133, 0.9896609863097381]
(237, 3);7;158;1;stop;1.0;True;False;337;[0.010984332880582148, 0.9887779242804745]
(237, 3);8;52;1;stop;1.0;True;False;493;[0.0049046214658574954, 0.9949354244131491]
(237, 3);9;168;1;stop;1.0;True;False;843;[0.0025503353020155796, 0.9972233598195536]
(238, 0);0;156;0;stop;1.0;True;True;601;[0.9995529267134249, 0.00028680808098617436]
(238, 0);1;111;0;stop;1.0;True;True;428;[0.9994507470023188, 0.00021647200708586458]
(238, 0);2;128;0;stop;1.0;True;True;709;[0.9993552552963801, 0.00026937807446671233]
(238, 0);3;92;0;stop;1.0;True;True;779;[0.9990978043087605, 0.0002452083805885447]
(238, 0);4;154;0;stop;1.0;True;True;873;[0.9997280383804813, 0.0001398036251986198]
(238, 0);5;54;0;stop;1.0;True;True;553;[0.9993551362221273, 0.00016338606121841392]
(238, 0);6;88;0;stop;1.0;True;True;688;[0.9997616382534651, 0.00015842354949515842]
(238, 0);7;60;0;stop;1.0;True;True;375;[0.999829321431075, 8.749571758337923e-05]
(238, 0);8;89;0;stop;1.0;True;True;390;[0.9997370934485875, 7.029828083707489e-05]
(238, 0);9;127;0;stop;1.0;True;True;620;[0.9996211772391362, 0.0002304725921425322]
(238, 1);0;132;0;stop;1.0;True;False;592;[0.061860605522676776, 0.9378909203744934]
(238, 1);1;113;0;stop;1.0;True;False;695;[0.019113525072541663, 0.9803367220500115]
(238, 1);2;74;0;stop;1.0;True;False;383;[0.0050597631549749705, 0.9948279337521913]
(238, 1);3;114;0;stop;1.0;True;False;489;[0.007813882100778494, 0.9919291578899987]
(238, 1);4;156;0;stop;1.0;True;False;367;[0.043323780861848696, 0.9557074044083594]
(238, 1);5;331;0;stop;1.0;True;False;652;[0.04589525793109197, 0.9510930082970378]
(238, 1);6;110;0;stop;1.0;True;False;375;[0.0044678428477765, 0.9954108571052072]
(238, 1);7;122;0;stop;1.0;True;False;447;[0.01321902809231362, 0.9864941944042672]
(238, 1);8;97;0;stop;1.0;True;False;513;[0.0028004157664786584, 0.9970172470997745]
(238, 1);9;137;0;stop;1.0;True;False;367;[0.03729602869600563, 0.9618773077971815]
(238, 2);0;124;0;stop;1.0;True;False;504;[0.007120298558236296, 0.9927209292857148]
(238, 2);1;92;0;stop;1.0;True;False;609;[0.017440607803163477, 0.982451719341999]
(238, 2);2;140;0;stop;1.0;True;False;660;[0.011329744085816369, 0.9884928121011702]
(238, 2);3;123;0;stop;1.0;True;False;331;[0.01450046056076676, 0.9852846397413381]
(238, 2);4;93;0;stop;1.0;True;False;347;[0.022971407870383546, 0.9767690667709885]
(238, 2);5;114;0;stop;1.0;True;False;538;[0.0032727549839011074, 0.9966326284992053]
(238, 2);6;98;0;stop;1.0;True;False;539;[0.08244626194891223, 0.9145176591791375]
(238, 2);7;105;0;stop;1.0;True;False;597;[0.0037069755589193556, 0.9962183735706229]
(238, 2);8;101;0;stop;1.0;True;False;610;[0.010326199185963864, 0.9894845981673145]
(238, 2);9;120;0;stop;1.0;True;False;384;[0.013634958151186876, 0.9862272085298279]
(238, 3);0;133;0;stop;1.0;True;False;953;[0.004905058823333935, 0.9950240540375691]
(238, 3);1;127;0;stop;1.0;True;False;474;[0.043350045631903894, 0.9562866855842042]
(238, 3);2;137;0;stop;1.0;True;False;475;[0.026743239921391188, 0.9726573014783303]
(238, 3);3;78;0;stop;1.0;True;False;487;[0.044675628474084066, 0.9552070195480172]
(238, 3);4;128;0;stop;1.0;True;False;655;[0.04334467152777776, 0.956168092002487]
(238, 3);5;199;0;stop;1.0;True;False;576;[0.013221927939278877, 0.986710253436359]
(238, 3);6;68;0;stop;1.0;True;False;556;[0.008844553492495832, 0.9908385960393977]
(238, 3);7;134;0;stop;1.0;True;False;587;[0.027567844971637296, 0.9718001437580563]
(238, 3);8;110;0;stop;1.0;True;False;424;[0.007344800952674192, 0.9925156163622133]
(238, 3);9;141;0;stop;1.0;True;False;448;[0.045983537519725365, 0.9529224759909859]
(239, 0);0;63;2;stop;1.0;True;False;546;[0.005219150212843608, 0.994593799960561]
(239, 0);1;96;2;stop;1.0;True;False;280;[0.007575944763949518, 0.9922527566297056]
(239, 0);2;184;2;stop;1.0;True;False;511;[0.01281608529211088, 0.9867840750924561]
(239, 0);3;82;2;stop;1.0;True;False;533;[0.005909671531007464, 0.9938537890757614]
(239, 0);4;125;2;stop;1.0;True;False;424;[0.009123208328646347, 0.9906107816039129]
(239, 0);5;121;2;stop;1.0;True;False;495;[0.010324594114275613, 0.989331024319825]
(239, 0);6;60;2;stop;1.0;True;False;373;[0.005907088034830452, 0.9934196051749616]
(239, 0);7;76;2;stop;1.0;True;False;508;[0.014060575594191986, 0.9857225132063712]
(239, 0);8;106;2;stop;1.0;True;False;547;[0.01133025732952357, 0.9885376595031362]
(239, 0);9;199;2;stop;1.0;True;False;536;[0.002550816920962203, 0.9974117685898594]
(239, 1);0;98;2;stop;1.0;True;False;305;[0.02516988668728582, 0.9744745205555773]
(239, 1);1;59;2;stop;1.0;True;False;554;[0.002631438438484042, 0.997278843392536]
(239, 1);2;85;2;stop;1.0;True;False;425;[0.0035926446638892026, 0.9961406503343092]
(239, 1);3;158;2;stop;1.0;True;False;511;[0.005910283058007779, 0.9939567121613673]
(239, 1);4;124;2;stop;1.0;True;False;430;[0.003483017304181821, 0.9964000115137572]
(239, 1);5;81;2;stop;1.0;True;False;495;[0.005554334048316893, 0.9943392673824474]
(239, 1);6;121;2;stop;1.0;True;False;515;[0.012424151216967142, 0.9869727391879479]
(239, 1);7;87;2;stop;1.0;True;False;501;[0.005059936871139037, 0.9948619130029767]
(239, 1);8;90;2;stop;1.0;True;False;526;[0.012818041020738132, 0.9869345365528497]
(239, 1);9;163;2;stop;1.0;True;False;666;[0.0007321491624717292, 0.9992241922163972]
(239, 2);0;139;2;stop;1.0;True;True;545;[0.9995023106101278, 0.00018516785535892269]
(239, 2);1;213;2;stop;1.0;True;True;579;[0.9997598509638483, 9.91387349265608e-05]
(239, 2);2;191;2;stop;1.0;True;True;534;[0.9915594715911188, 0.004812198371789644]
(239, 2);3;159;2;stop;1.0;True;True;548;[0.9996734732154302, 0.00015840965033364531]
(239, 2);4;81;2;stop;1.0;True;True;479;[0.9997506763354627, 0.00010228485826653193]
(239, 2);5;170;2;stop;1.0;True;True;467;[0.999379424173175, 0.00018514507667231732]
(239, 2);6;67;2;stop;1.0;True;True;330;[0.9997093330533721, 6.203629936167888e-05]
(239, 2);7;153;2;stop;1.0;True;True;482;[0.9991615893389528, 0.0003458211733437814]
(239, 2);8;176;2;stop;1.0;True;True;519;[0.9939026572483598, 0.004675164576222255]
(239, 2);9;163;2;stop;1.0;True;True;441;[0.9996066449357789, 0.00014880201894290046]
(239, 3);0;380;2;stop;1.0;True;False;506;[0.025847616429641503, 0.9699245731729607]
(239, 3);1;127;2;stop;1.0;True;False;431;[0.06369264477880998, 0.9359565617172121]
(239, 3);2;124;2;stop;1.0;True;False;775;[0.012049775160409996, 0.987617995275574]
(239, 3);3;100;2;stop;1.0;True;False;422;[0.006096343065712046, 0.9937039182167998]
(239, 3);4;209;2;stop;1.0;True;False;583;[0.20549745206578685, 0.7400247967492727]
(239, 3);5;154;2;stop;1.0;True;False;458;[0.005218995916669562, 0.9945645556365557]
(239, 3);6;400;2;stop;1.0;True;False;363;[0.02387027092747524, 0.9534945918754624]
(239, 3);7;67;2;stop;1.0;True;False;632;[0.003592965029082497, 0.9962298496030924]
(239, 3);8;111;2;stop;1.0;True;False;679;[0.036199815123740965, 0.9632413651613341]
(239, 3);9;71;2;stop;1.0;True;False;441;[0.004753601990931687, 0.9949104082236956]
(240, 0);0;131;2;stop;1.0;True;False;486;[0.033029454073022296, 0.9652621713322054]
(240, 0);1;166;2;stop;1.0;True;False;334;[0.04052621398588625, 0.9223722963900735]
(240, 0);2;138;2;stop;1.0;True;False;521;[0.015421887591960464, 0.9844055541813079]
(240, 0);3;46;2;stop;1.0;True;False;330;[0.003706008794846336, 0.9959586339216523]
(240, 0);4;80;2;stop;1.0;True;False;538;[0.0050591986186293535, 0.9947168097680771]
(240, 0);5;108;2;stop;1.0;True;False;393;[0.0018673880875622157, 0.9980375018560388]
(240, 0);6;79;2;stop;1.0;True;False;524;[0.005729103834442098, 0.9940716715300412]
(240, 0);7;170;2;stop;1.0;True;False;427;[0.15467248119884974, 0.8361514961069536]
(240, 0);8;125;2;stop;1.0;True;False;547;[0.006288785132963418, 0.9935336164473225]
(240, 0);9;55;2;stop;1.0;True;False;563;[0.007345638043861758, 0.9926288333168614]
(240, 1);0;89;2;stop;1.0;True;False;499;[0.005060050272407931, 0.9948840950178885]
(240, 1);1;125;2;stop;1.0;True;False;474;[0.004466684042262897, 0.9951529550073018]
(240, 1);2;26;2;stop;1.0;True;False;500;[0.00572933604636325, 0.9941119609083996]
(240, 1);3;56;2;stop;1.0;True;False;622;[0.01032576589049304, 0.9894432822617947]
(240, 1);4;56;2;stop;1.0;True;False;491;[0.0013248730735146489, 0.998562260254599]
(240, 1);5;120;2;stop;1.0;True;False;535;[0.005384500306372415, 0.9945343697306077]
(240, 1);6;184;2;stop;1.0;True;False;612;[0.012052464485768292, 0.9878385029733484]
(240, 1);7;68;2;stop;1.0;True;False;366;[0.01639910581546507, 0.9833615512717359]
(240, 1);8;113;2;stop;1.0;True;False;687;[0.01450226532061375, 0.9854073255415897]
(240, 1);9;129;2;stop;1.0;True;False;529;[0.005553250912179302, 0.9941456555348969]
(240, 2);0;185;2;stop;1.0;True;True;441;[0.9995730554646082, 0.0003682762411512722]
(240, 2);1;85;2;stop;1.0;True;True;630;[0.999763425546277, 0.00014651811119694854]
(240, 2);2;107;2;stop;1.0;True;True;391;[0.9998326581596212, 0.00013981829195184431]
(240, 2);3;48;2;stop;1.0;True;True;374;[0.9998945109092205, 6.604951579892217e-05]
(240, 2);4;84;2;stop;1.0;True;True;521;[0.9998852146345244, 6.604894889381362e-05]
(240, 2);5;180;2;stop;1.0;True;True;346;[0.9996429764830677, 0.00016343312475671835]
(240, 2);6;65;2;stop;1.0;True;True;333;[0.9998871215477863, 3.8828248055216e-05]
(240, 2);7;124;2;stop;1.0;True;True;459;[0.9991116078769993, 0.00031485799684025773]
(240, 2);8;70;2;stop;1.0;True;True;618;[0.9998840228101262, 5.649455205498085e-05]
(240, 2);9;96;2;stop;1.0;True;True;470;[0.9995443513877017, 0.00022336444090263754]
(240, 3);0;58;2;stop;1.0;True;False;551;[0.0029806191336923704, 0.9968808731791277]
(240, 3);1;58;2;stop;1.0;True;False;300;[0.02516805045787093, 0.9744033222196311]
(240, 3);2;59;2;stop;1.0;True;False;367;[0.011685253641055523, 0.9881431413915551]
(240, 3);3;81;2;stop;1.0;True;False;396;[0.005910573344121798, 0.994005825624251]
(240, 3);4;69;2;stop;1.0;True;False;509;[0.001410276334158052, 0.998531355867412]
(240, 3);5;201;2;stop;1.0;True;False;540;[0.04198081803143595, 0.9554789111122587]
(240, 3);6;70;2;stop;1.0;True;False;442;[0.008313825284108905, 0.9914514195291625]
(240, 3);7;88;2;stop;1.0;True;False;451;[0.003172341221476933, 0.9967200213184116]
(240, 3);8;73;2;stop;1.0;True;False;450;[0.015418571416747765, 0.9841935048854691]
(240, 3);9;112;2;stop;1.0;True;False;559;[0.013221499226184381, 0.9866786863243505]
(241, 0);0;49;3;stop;1.0;True;False;461;[0.02095436749252996, 0.978574756031805]
(241, 0);1;77;3;stop;1.0;True;False;452;[0.003074810385123881, 0.9967433522116378]
(241, 0);2;186;3;stop;1.0;True;False;529;[0.03513527721350596, 0.9645925448664315]
(241, 0);3;79;3;stop;1.0;True;False;566;[0.0066915110103532155, 0.993108177227701]
(241, 0);4;87;3;stop;1.0;True;False;566;[0.014948746018525158, 0.9844938202226453]
(241, 0);5;106;3;stop;1.0;True;False;634;[0.01971705660794223, 0.9801779570389932]
(241, 0);6;163;3;stop;1.0;True;False;491;[0.046016680640401944, 0.9536091628383362]
(241, 0);7;202;3;stop;1.0;True;False;539;[0.039634418487554224, 0.960254109321099]
(241, 0);8;84;3;stop;1.0;True;False;604;[0.009401591306854197, 0.9894300948939064]
(241, 0);9;76;3;stop;1.0;True;False;657;[0.01743457119263213, 0.9821115980148156]
(241, 1);0;75;3;stop;1.0;True;False;367;[0.017437165182416593, 0.9822578762785985]
(241, 1);1;127;3;stop;1.0;True;False;534;[0.0179824980755233, 0.9818111260693829]
(241, 1);2;65;3;stop;1.0;True;False;500;[0.005729215841370231, 0.9940909913411542]
(241, 1);3;144;3;stop;1.0;True;False;528;[0.016913385565967914, 0.982996264681239]
(241, 1);4;109;3;stop;1.0;True;False;807;[0.003172509134529815, 0.9967728432476645]
(241, 1);5;107;3;stop;1.0;True;False;401;[0.015903223662867498, 0.9838974119464673]
(241, 1);6;101;3;stop;1.0;True;False;443;[0.019714569981980165, 0.9800543943695516]
(241, 1);7;87;3;stop;1.0;True;False;489;[0.01912060799286694, 0.9807000339240328]
(241, 1);8;38;3;stop;1.0;True;False;612;[0.009123430195865485, 0.9906348805617732]
(241, 1);9;92;3;stop;1.0;True;False;583;[0.012052975985221263, 0.9878804989370199]
(241, 2);0;38;3;stop;1.0;True;False;556;[0.005909860336739016, 0.9938858176128814]
(241, 2);1;80;3;stop;1.0;True;False;371;[0.004195715206071431, 0.9950705586630998]
(241, 2);2;110;3;stop;1.0;True;False;454;[0.015420461034507959, 0.9843144175666595]
(241, 2);3;53;3;stop;1.0;True;False;474;[0.009705021871060353, 0.9899392967205621]
(241, 2);4;273;3;stop;1.0;True;False;420;[0.007017507029088318, 0.9783898586028684]
(241, 2);5;285;3;stop;1.0;True;False;211;[0.3893742803384956, 0.5665362349656518]
(241, 2);6;66;3;stop;1.0;True;False;672;[0.01032460396058054, 0.9893319576846041]
(241, 2);7;106;3;stop;1.0;True;False;512;[0.004069489766735143, 0.9957712466528418]
(241, 2);8;62;3;stop;1.0;True;False;462;[0.009409821263448699, 0.9902962019579746]
(241, 2);9;111;3;stop;1.0;True;False;791;[0.017439867665511023, 0.9824099532472023]
(241, 3);0;33;3;stop;1.0;True;True;353;[0.9997908314617086, 5.648932618857641e-05]
(241, 3);1;94;3;stop;1.0;True;True;405;[0.9996205816223115, 6.203079750010633e-05]
(241, 3);2;182;3;stop;1.0;True;True;661;[0.9990600845461849, 0.00014872072749170154]
(241, 3);3;77;3;stop;1.0;True;True;523;[0.9993626367643493, 0.0001272460418759919]
(241, 3);4;127;3;stop;1.0;True;True;500;[0.9994139531844797, 0.0001233374442608855]
(241, 3);5;89;3;stop;1.0;True;True;417;[0.999346326221034, 0.00010548896363857634]
(241, 3);6;69;3;stop;1.0;True;True;459;[0.9993562077164024, 8.476365276010118e-05]
(241, 3);7;102;3;stop;1.0;True;True;511;[0.9991525446886167, 0.00015345582513873605]
(241, 3);8;81;3;stop;1.0;True;True;472;[0.9994824228877033, 9.606189399274946e-05]
(241, 3);9;113;3;stop;1.0;True;True;589;[0.9992315717856975, 7.136923516622813e-05]
(242, 0);0;128;0;stop;1.0;True;True;678;[0.9984429323576219, 0.00028648960538882914]
(242, 0);1;126;0;stop;1.0;True;True;516;[0.9996158169041386, 6.603112535942662e-05]
(242, 0);2;93;0;stop;1.0;True;True;447;[0.9998042966492776, 0.00010229032101316973]
(242, 0);3;68;0;stop;1.0;True;True;418;[0.9997453146368258, 0.00011590326571117662]
(242, 0);4;272;0;stop;1.0;True;True;476;[0.9976798607769908, 0.0005693172774979119]
(242, 0);5;95;0;stop;1.0;True;True;487;[0.9997994110116466, 7.483684069248881e-05]
(242, 0);6;80;0;stop;1.0;True;True;563;[0.9995241046728666, 0.00011587762466734743]
(242, 0);7;85;0;stop;1.0;True;True;560;[0.9993738283195099, 0.00023772962391814477]
(242, 0);8;60;0;stop;1.0;True;True;384;[0.9997868992150214, 0.00010553555270292585]
(242, 0);9;149;0;stop;1.0;True;True;478;[0.9989563401842891, 0.000245173539572738]
(242, 1);0;89;0;stop;1.0;True;False;475;[0.0008040644525245968, 0.999169206026634]
(242, 1);1;117;0;stop;1.0;True;False;531;[0.0016482864170255871, 0.9982326327046207]
(242, 1);2;247;0;stop;1.0;True;False;166;[0.016902509472858204, 0.9823641633688662]
(242, 1);3;52;0;stop;1.0;True;False;381;[0.014061286300273418, 0.9857723219452447]
(242, 1);4;116;0;stop;1.0;True;False;615;[0.0040697012849809444, 0.9958231402538922]
(242, 1);5;68;0;stop;1.0;True;False;506;[0.004608579492283703, 0.9951762126093685]
(242, 1);6;73;0;stop;1.0;True;False;430;[0.012428891558625584, 0.9873493553676956]
(242, 1);7;77;0;stop;1.0;True;False;492;[0.002472344787188449, 0.9974150892239031]
(242, 1);8;64;0;stop;1.0;True;False;378;[0.003823351139519038, 0.9958805963591174]
(242, 1);9;190;0;stop;1.0;True;False;740;[0.0582430174765538, 0.9399946360424988]
(242, 2);0;61;0;stop;1.0;True;False;535;[0.006288524249175288, 0.9934924331104857]
(242, 2);1;182;0;stop;1.0;True;False;427;[0.010323058205692936, 0.9891837977422088]
(242, 2);2;227;0;stop;1.0;True;False;648;[0.004460096922666448, 0.9936853199062329]
(242, 2);3;74;0;stop;1.0;True;False;532;[0.008845266263801202, 0.990918420620138]
(242, 2);4;94;0;stop;1.0;True;False;593;[0.002980604921026682, 0.9968756605917959]
(242, 2);5;123;0;stop;1.0;True;False;680;[0.006288299358044258, 0.9934568999867522]
(242, 2);6;81;0;stop;1.0;True;False;467;[0.0035927971336004775, 0.9961828821163816]
(242, 2);7;219;0;stop;1.0;True;False;676;[0.00805905790646335, 0.9915770526112033]
(242, 2);8;72;0;stop;1.0;True;False;422;[0.00572964203408963, 0.9941647420712383]
(242, 2);9;74;0;stop;1.0;True;False;465;[0.009705878036107164, 0.99002645460065]
(242, 3);0;77;0;stop;1.0;True;False;601;[0.01798284964261438, 0.9818303154957283]
(242, 3);1;114;0;stop;1.0;True;False;577;[0.013634034947475717, 0.9861606593349966]
(242, 3);2;93;0;stop;1.0;True;False;267;[0.01204889608805392, 0.9875457934068191]
(242, 3);3;150;0;stop;1.0;True;False;521;[0.04465046606861448, 0.9546690271734515]
(242, 3);4;161;0;stop;1.0;True;False;468;[0.00317213852746952, 0.9966564291086946]
(242, 3);5;71;0;stop;1.0;True;False;437;[0.004467446604719946, 0.9953228673951504]
(242, 3);6;166;0;stop;1.0;True;False;474;[0.020959693809972372, 0.9788234509491356]
(242, 3);7;99;0;stop;1.0;True;False;416;[0.040665530643097116, 0.9549229999547316]
(242, 3);8;116;0;stop;1.0;True;False;376;[0.008314273266690946, 0.9915045049792793]
(242, 3);9;118;0;stop;1.0;True;False;423;[0.0106516411327425, 0.9892665054254912]
(243, 0);0;87;3;stop;1.0;True;False;313;[0.012428980457303467, 0.9873559797614355]
(243, 0);1;58;3;stop;1.0;True;False;551;[0.0026312489753933473, 0.9972071189022266]
(243, 0);2;102;3;stop;1.0;True;False;477;[0.006288710165249478, 0.9935216144498108]
(243, 0);3;83;3;stop;1.0;True;False;580;[0.015905438125440353, 0.9840347586208674]
(243, 0);4;84;3;stop;1.0;True;False;320;[0.002050402425173824, 0.9977831027282673]
(243, 0);5;264;3;stop;1.0;True;False;428;[0.04578528864688491, 0.8913283079607289]
(243, 0);6;104;3;stop;1.0;True;False;335;[0.009705669772793067, 0.9900051890371754]
(243, 0);7;65;3;stop;1.0;True;False;445;[0.0023962775921929193, 0.9974147334494493]
(243, 0);8;79;3;stop;1.0;True;False;514;[0.00831506225045689, 0.9915988533982104]
(243, 0);9;59;3;stop;1.0;True;False;360;[0.005910212602363289, 0.9939446994987131]
(243, 1);0;110;3;stop;1.0;True;False;413;[0.005059611158223737, 0.9947977319774272]
(243, 1);1;64;3;stop;1.0;True;False;328;[0.005059229980107154, 0.9947231792669357]
(243, 1);2;88;3;stop;1.0;True;False;578;[0.002980089047140325, 0.9967034414320612]
(243, 1);3;75;3;stop;1.0;True;False;439;[0.005909324933201325, 0.9937955072374827]
(243, 1);4;91;3;stop;1.0;True;False;491;[0.00419835292175163, 0.9956964294941715]
(243, 1);5;78;3;stop;1.0;True;False;271;[0.005910037875989234, 0.9939157288158031]
(243, 1);6;97;3;stop;1.0;True;False;1135;[0.0024723754389308784, 0.9974275416419702]
(243, 1);7;96;3;stop;1.0;True;False;627;[0.0033756468685816445, 0.9963385903882949]
(243, 1);8;75;3;stop;1.0;True;False;601;[0.008060499107164111, 0.9917543051381384]
(243, 1);9;69;3;stop;1.0;True;False;518;[0.005059343365533491, 0.9947453549460593]
(243, 2);0;62;3;stop;1.0;True;False;503;[0.003706832384165376, 0.99617956952765]
(243, 2);1;64;3;stop;1.0;True;False;336;[0.008576822365772114, 0.9913459689908345]
(243, 2);2;55;3;stop;1.0;True;False;599;[0.007120943679816272, 0.9928108096061927]
(243, 2);3;173;3;stop;1.0;True;False;509;[0.036210587850544415, 0.963527919878662]
(243, 2);4;73;3;stop;1.0;True;False;395;[0.0021156455459684243, 0.9978568093107546]
(243, 2);5;97;3;stop;1.0;True;False;404;[0.00475472413692097, 0.9951452815266377]
(243, 2);6;79;3;stop;1.0;True;False;491;[0.005219909316893041, 0.9947386314117291]
(243, 2);7;95;3;stop;1.0;True;False;317;[0.0030748778303204853, 0.9967650261525125]
(243, 2);8;42;3;stop;1.0;True;False;397;[0.002396405570640383, 0.997467984682899]
(243, 2);9;71;3;stop;1.0;True;False;533;[0.0016482196114215154, 0.9981921276338026]
(243, 3);0;83;3;stop;1.0;True;True;346;[0.9996691844880347, 9.607985157618732e-05]
(243, 3);1;78;3;stop;1.0;True;True;350;[0.9995881823531532, 0.00013548332508715608]
(243, 3);2;94;3;stop;1.0;True;True;432;[0.9998280105863513, 8.749563414100037e-05]
(243, 3);3;74;3;stop;1.0;True;True;486;[0.9997963128222394, 6.204168337600976e-05]
(243, 3);4;84;3;stop;1.0;True;True;558;[0.9998421918100967, 6.604611444125645e-05]
(243, 3);5;104;3;stop;1.0;True;True;407;[0.9997677150562424, 9.026753404874577e-05]
(243, 3);6;57;3;stop;1.0;True;True;320;[0.9995671001227027, 0.00014879620080143622]
(243, 3);7;69;3;stop;1.0;True;True;481;[0.9998188347068572, 9.914459695590971e-05]
(243, 3);8;91;3;stop;1.0;True;True;563;[0.999838259157712, 5.3069290803299155e-05]
(243, 3);9;55;3;stop;1.0;True;True;394;[0.9996859821669499, 0.00015841161427161443]
(244, 0);0;24;3;stop;1.0;True;False;321;[0.0046085992702036786, 0.9951802267185081]
(244, 0);1;53;3;stop;1.0;True;False;552;[0.005058831945006031, 0.9946445099448328]
(244, 0);2;54;3;stop;1.0;True;False;715;[0.014502203083776448, 0.9854026955940854]
(244, 0);3;71;3;stop;1.0;True;False;449;[0.00734336165909554, 0.9923211877555022]
(244, 0);4;64;3;stop;1.0;True;False;1078;[0.006903484542808849, 0.9930453976491045]
(244, 0);5;23;3;stop;1.0;True;False;453;[0.005059444690830453, 0.9947651728452519]
(244, 0);6;32;3;stop;1.0;True;False;431;[0.0013248705465222135, 0.9985605961666258]
(244, 0);7;65;3;stop;1.0;True;False;518;[0.003075093371627533, 0.9968351471048955]
(244, 0);8;83;3;stop;1.0;True;False;580;[0.006487530895901511, 0.9933984290954054]
(244, 0);9;100;3;stop;1.0;True;False;631;[0.008312762908651714, 0.9913245301353157]
(244, 1);0;46;3;stop;1.0;True;False;583;[0.0038240622208335876, 0.9960655412697926]
(244, 1);1;61;3;stop;1.0;True;False;502;[0.010985825737369944, 0.9889125565273381]
(244, 1);2;62;3;stop;1.0;True;False;572;[0.005219899360715638, 0.9947368619462452]
(244, 1);3;88;3;stop;1.0;True;False;492;[0.005553751406048303, 0.9942352051130678]
(244, 1);4;73;3;stop;1.0;True;False;406;[0.006691010079612348, 0.993033994830791]
(244, 1);5;48;3;stop;1.0;True;False;674;[0.0016481237304630547, 0.9981339294056851]
(244, 1);6;66;3;stop;1.0;True;False;713;[0.008846472623024041, 0.9910539876419973]
(244, 1);7;67;3;stop;1.0;True;False;462;[0.012819746415169263, 0.9870659954181704]
(244, 1);8;53;3;stop;1.0;True;False;356;[0.0021824307551163444, 0.997686742869716]
(244, 1);9;40;3;stop;1.0;True;False;390;[0.002714703881479946, 0.9971817511970826]
(244, 2);0;90;3;stop;0.3;False;True;745;[0.9993741854908211, 0.0004172286825050522]
(244, 2);1;90;3;stop;0.7;True;False;394;[0.001867222473061259, 0.9979489281801078]
(244, 2);2;64;3;stop;0.7;True;False;482;[0.004069705166152386, 0.9958242044833359]
(244, 2);3;210;3;stop;0.3;False;True;623;[0.9996828846636251, 0.00014423486594384406]
(244, 2);4;94;3;stop;0.7;True;False;436;[0.00255057001908098, 0.997315361695119]
(244, 2);5;34;3;stop;0.7;True;False;639;[0.006691941776965665, 0.9931723755063816]
(244, 2);6;76;3;stop;0.7;True;False;695;[0.011686412666864826, 0.988241275722133]
(244, 2);7;62;3;stop;0.7;True;False;480;[0.058331845847381276, 0.9414282813073505]
(244, 2);8;83;3;stop;0.7;True;False;884;[0.002396626120966689, 0.9975595573765396]
(244, 2);9;52;3;stop;0.3;False;True;392;[0.9977571121871566, 0.002182584778834882]
(244, 3);0;192;3;stop;1.0;True;True;629;[0.9990255800306281, 0.0008829648797017424]
(244, 3);1;60;3;stop;1.0;True;True;425;[0.9993887110116113, 0.0002452797148876635]
(244, 3);2;145;3;stop;1.0;True;True;525;[0.9984745443366638, 0.0006661292530663363]
(244, 3);3;62;3;stop;1.0;True;True;667;[0.9998224097038693, 6.108144725833147e-05]
(244, 3);4;89;3;stop;1.0;True;True;438;[0.9993113257130142, 0.00023771488779350937]
(244, 3);5;50;3;stop;1.0;True;True;485;[0.9997030186795318, 0.00013980015873630235]
(244, 3);6;30;3;stop;1.0;True;True;504;[0.9996270140875114, 8.217800369546684e-05]
(244, 3);7;82;3;stop;1.0;True;True;637;[0.9982778931758729, 0.00024886542001257726]
(244, 3);8;134;3;stop;1.0;True;True;485;[0.9974073806509967, 0.00048682983949655044]
(244, 3);9;53;3;stop;1.0;True;True;517;[0.9999007085246283, 4.264505723237027e-05]
(245, 0);0;64;3;stop;1.0;True;False;571;[0.002396498130740882, 0.9975062961448519]
(245, 0);1;106;3;stop;1.0;True;False;542;[0.017980706047655143, 0.9817132298056528]
(245, 0);2;128;3;stop;1.0;True;False;687;[0.0029809631008676546, 0.9969955621033892]
(245, 0);3;109;3;stop;1.0;True;False;695;[0.022282845638871954, 0.9775673411907063]
(245, 0);4;68;3;stop;1.0;True;False;433;[0.012430278450414086, 0.9874593045390341]
(245, 0);5;81;3;stop;1.0;True;False;603;[0.01205055661190228, 0.9876818345087465]
(245, 0);6;69;3;stop;1.0;True;False;481;[0.0030751007032301957, 0.9968371607524684]
(245, 0);7;66;3;stop;1.0;True;False;355;[0.0037069561151097477, 0.9962130496327085]
(245, 0);8;119;3;stop;1.0;True;False;505;[0.012429045650071368, 0.9873612092385793]
(245, 0);9;103;3;stop;1.0;True;False;609;[0.003376430851296012, 0.9965696395794047]
(245, 1);0;84;3;stop;1.0;True;False;431;[0.011683610027533264, 0.9880041805986604]
(245, 1);1;98;3;stop;1.0;True;False;441;[0.00419852308930764, 0.9957366140906236]
(245, 1);2;135;3;stop;1.0;True;False;558;[0.003706945509438402, 0.9962103286435787]
(245, 1);3;134;3;stop;1.0;True;False;533;[0.004197938542552674, 0.9955979906466083]
(245, 1);4;114;3;stop;1.0;True;False;510;[0.003823606384263561, 0.9959470459974872]
(245, 1);5;62;3;stop;1.0;True;False;502;[0.0021826014306987793, 0.9977647075402059]
(245, 1);6;129;3;stop;1.0;True;False;481;[0.00734458731706638, 0.9924864941490837]
(245, 1);7;96;3;stop;1.0;True;False;586;[0.0030750904389913627, 0.9968340810987849]
(245, 1);8;120;3;stop;1.0;True;False;556;[0.009123817388838336, 0.9906768800778293]
(245, 1);9;84;3;stop;1.0;True;False;596;[0.001501042372626466, 0.9984058561259057]
(245, 2);0;274;3;stop;1.0;True;False;648;[0.014951005802582117, 0.9846424285593183]
(245, 2);1;119;3;stop;1.0;True;False;506;[0.003944877219956377, 0.9959207962721776]
(245, 2);2;129;3;stop;1.0;True;False;565;[0.007120902933566272, 0.9928052872860811]
(245, 2);3;69;3;stop;1.0;True;False;463;[0.005383499062842644, 0.9943491683018]
(245, 2);4;98;3;stop;1.0;True;False;373;[0.007575894189230722, 0.9922465360202956]
(245, 2);5;182;3;stop;1.0;True;False;969;[0.001597472661439421, 0.9981690850574935]
(245, 2);6;55;3;stop;1.0;True;False;294;[0.005218319058323286, 0.9944355711222743]
(245, 2);7;115;3;stop;1.0;True;False;570;[0.0028893669928281066, 0.9970364442492222]
(245, 2);8;223;3;stop;1.0;True;False;862;[0.018538992952857034, 0.9810527172723839]
(245, 2);9;58;3;stop;1.0;True;False;292;[0.003945054043939256, 0.995965728843872]
(245, 3);0;73;3;stop;1.0;True;True;452;[0.999585323705277, 0.000158395601333675]
(245, 3);1;131;3;stop;1.0;True;True;675;[0.9997124306968378, 0.00014881777163832914]
(245, 3);2;115;3;stop;1.0;True;True;585;[0.999552688517828, 8.747152262786918e-05]
(245, 3);3;98;3;stop;1.0;True;True;506;[0.9997840394168988, 9.914119315473398e-05]
(245, 3);4;91;3;stop;1.0;True;True;575;[0.9998626897559931, 7.721727711842307e-05]
(245, 3);5;90;3;stop;1.0;True;True;575;[0.9996744262587631, 0.00014881223671748194]
(245, 3);6;265;3;stop;1.0;True;True;484;[0.9997039717801272, 7.903591891342231e-05]
(245, 3);7;93;3;stop;1.0;True;True;520;[0.9997805838566004, 0.0001272993262421092]
(245, 3);8;69;3;stop;1.0;True;True;660;[0.9998112081348752, 0.000127303211168522]
(245, 3);9;167;3;stop;1.0;True;True;552;[0.9996626323496425, 0.00020985628876920724]
(246, 0);0;51;2;stop;1.0;True;False;468;[0.008059803455451212, 0.9916687185130824]
(246, 0);1;90;2;stop;1.0;True;False;459;[0.0029805196464557345, 0.9968474667182764]
(246, 0);2;95;2;stop;1.0;True;False;611;[0.010651722398625111, 0.9892740888907469]
(246, 0);3;45;2;stop;1.0;True;False;539;[0.005384266666227505, 0.994491216577305]
(246, 0);4;111;2;stop;1.0;True;False;659;[0.00831156195363641, 0.991181510737654]
(246, 0);5;86;2;stop;1.0;True;False;621;[0.004608405889739612, 0.9951387883781536]
(246, 0);6;81;2;stop;1.0;True;False;411;[0.014056325517142535, 0.9854244579131293]
(246, 0);7;54;2;stop;1.0;True;False;907;[0.017434313477544056, 0.9820971098644815]
(246, 0);8;30;2;stop;1.0;True;False;516;[0.002050301723716025, 0.9977344458787327]
(246, 0);9;41;2;stop;1.0;True;False;414;[0.00912233831318595, 0.9905160355105465]
(246, 1);0;75;2;stop;1.0;True;False;387;[0.01098549571998167, 0.9888827130042134]
(246, 1);1;72;2;stop;1.0;True;False;394;[0.0050594350407147425, 0.9947634033325555]
(246, 1);2;44;2;stop;1.0;True;False;693;[0.005058824708294061, 0.9946433302580552]
(246, 1);3;54;2;stop;1.0;True;False;380;[0.07583605553611443, 0.923872192204903]
(246, 1);4;53;2;stop;1.0;True;False;833;[0.006690598514902649, 0.9929727532222956]
(246, 1);5;90;2;stop;1.0;True;False;553;[0.006096587255486284, 0.9937434712660627]
(246, 1);6;67;2;stop;1.0;True;False;379;[0.010651610658196366, 0.9892638216058273]
(246, 1);7;62;2;stop;1.0;True;False;472;[0.0053822772845644445, 0.9941238598612937]
(246, 1);8;92;2;stop;1.0;True;False;545;[0.03113043857158281, 0.9684394530778229]
(246, 1);9;299;2;stop;1.0;True;False;517;[0.10637820063244946, 0.8906937423221919]
(246, 2);0;47;2;stop;1.0;True;True;601;[0.9997935721382175, 7.721197521080582e-05]
(246, 2);1;100;2;stop;1.0;True;True;306;[0.9987133627461258, 0.00016585237701971202]
(246, 2);2;49;2;stop;1.0;True;True;331;[0.999833373179526, 5.6491696624769424e-05]
(246, 2);3;55;2;stop;1.0;True;True;587;[0.9996724010318564, 0.00011232904815847363]
(246, 2);4;62;2;stop;1.0;True;True;439;[0.9985982782380463, 0.0001353491455360533]
(246, 2);5;34;2;stop;1.0;True;True;582;[0.9997330424830995, 5.9196861729315536e-05]
(246, 2);6;130;2;stop;1.0;True;True;387;[0.9994191922498158, 6.811379553906827e-05]
(246, 2);7;37;2;stop;1.0;True;True;378;[0.9997928571758736, 7.25338689449404e-05]
(246, 2);8;28;2;stop;1.0;True;True;346;[0.9998511297681834, 9.027510991957435e-05]
(246, 2);9;46;2;stop;1.0;True;True;383;[0.9998678143663282, 4.539391191352851e-05]
(246, 3);0;49;2;stop;1.0;True;False;355;[0.007344153060558912, 0.9924281376767188]
(246, 3);1;46;2;stop;1.0;True;False;430;[0.009705716053143338, 0.9900098627380935]
(246, 3);2;89;2;stop;1.0;True;False;420;[0.003823796005675931, 0.995996592668312]
(246, 3);3;109;2;stop;1.0;True;False;477;[0.03513345109613726, 0.9645423034343853]
(246, 3);4;58;2;stop;1.0;True;False;310;[0.07154364502401665, 0.9277921883977268]
(246, 3);5;65;2;stop;1.0;True;False;461;[0.01281945911061059, 0.9870435800261228]
(246, 3);6;67;2;stop;1.0;True;False;569;[0.006096595976730547, 0.9937448840362959]
(246, 3);7;73;2;stop;1.0;True;False;421;[0.0037064559139795843, 0.9960787878549174]
(246, 3);8;39;2;stop;1.0;True;False;353;[0.004608298215498275, 0.9951152967136343]
(246, 3);9;173;2;stop;1.0;True;False;551;[0.04081495882530707, 0.9584321062042697]
(247, 0);0;76;3;stop;1.0;True;False;476;[0.010012543269488822, 0.989884860591434]
(247, 0);1;63;3;stop;1.0;True;False;314;[0.008574708226865757, 0.9911014102056597]
(247, 0);2;52;3;stop;1.0;True;False;405;[0.011683420608969033, 0.9879881222609399]
(247, 0);3;23;3;stop;1.0;True;False;514;[0.0014102272445447991, 0.9984965312951096]
(247, 0);4;41;3;stop;1.0;True;False;626;[0.001987650819495883, 0.9979501155051106]
(247, 0);5;55;3;stop;1.0;True;False;505;[0.0011693731297133779, 0.9987133627461258]
(247, 0);6;55;3;stop;1.0;True;False;568;[0.0033756758421154636, 0.9963467558208426]
(247, 0);7;26;3;stop;1.0;True;False;529;[0.0012065240841262397, 0.9987392842515778]
(247, 0);8;121;3;stop;1.0;True;False;474;[0.0027146404531084253, 0.9971580441438669]
(247, 0);9;91;3;stop;1.0;True;False;614;[0.0016482761995225126, 0.998226218189209]
(247, 1);0;87;3;stop;0.9;True;False;408;[0.005727175473237275, 0.9937367609819413]
(247, 1);1;66;3;stop;0.9;True;False;431;[0.0022512619297180643, 0.9974886227706585]
(247, 1);2;55;3;stop;0.9;True;False;630;[0.010325957916924235, 0.9894613722143338]
(247, 1);3;95;3;stop;0.9;True;False;579;[0.01690928101436534, 0.9827576482591908]
(247, 1);4;26;3;stop;0.9;True;False;591;[0.007576114552974792, 0.9922754095327814]
(247, 1);5;58;3;stop;0.9;True;False;441;[0.0037067210298465077, 0.9961496405257276]
(247, 1);6;157;3;stop;0.1;False;True;523;[0.7219703893050642, 0.2343894822182588]
(247, 1);7;250;3;stop;0.9;True;False;464;[0.248446897173053, 0.7417254041700059]
(247, 1);8;237;3;stop;0.9;True;False;890;[0.006096401205247334, 0.9937130997368795]
(247, 1);9;65;3;stop;0.9;True;False;484;[0.006691233419895952, 0.9930670286359219]
(247, 2);0;145;3;stop;0.9;True;False;334;[0.0113302249134437, 0.9885350964239912]
(247, 2);1;155;3;stop;0.9;True;False;457;[0.005550868226739323, 0.9937188677294547]
(247, 2);2;243;3;stop;0.9;True;False;540;[0.01168484132305779, 0.9881084557263075]
(247, 2);3;69;3;stop;0.9;True;False;498;[0.009122690659450455, 0.9905545170035693]
(247, 2);4;35;3;stop;0.9;True;False;460;[0.002115484141180022, 0.9977807291740275]
(247, 2);5;182;3;stop;0.1;False;True;668;[0.5922126268386424, 0.2627927601556979]
(247, 2);6;130;3;stop;0.9;True;False;460;[0.001987464114468919, 0.9978564533787407]
(247, 2);7;151;3;stop;0.9;True;False;658;[0.004069286021022497, 0.9957216036208254]
(247, 2);8;145;3;stop;0.9;True;False;530;[0.0017004862009222556, 0.9981607710588818]
(247, 2);9;74;3;stop;0.9;True;False;647;[0.01639597041432865, 0.9831734584356677]
(247, 3);0;93;3;stop;1.0;True;True;636;[0.999795836184163, 9.914232774214144e-05]
(247, 3);1;97;3;stop;1.0;True;True;707;[0.9997006359029236, 0.00010227968843574575]
(247, 3);2;64;3;stop;1.0;True;True;531;[0.999869363679742, 5.8287047833470054e-05]
(247, 3);3;136;3;stop;1.0;True;True;643;[0.9996722818907211, 8.885959093319119e-05]
(247, 3);4;194;3;stop;1.0;True;True;754;[0.9987496294161233, 0.00026093186960772676]
(247, 3);5;29;3;stop;1.0;True;True;419;[0.9998177622073363, 7.483819673425929e-05]
(247, 3);6;78;3;stop;1.0;True;True;874;[0.9992779941545161, 0.00019706598590909705]
(247, 3);7;58;3;stop;1.0;True;True;530;[0.9994388393239343, 9.605767994417326e-05]
(247, 3);8;145;3;stop;1.0;True;True;558;[0.9997650936900874, 9.608910653946831e-05]
(247, 3);9;55;3;stop;1.0;True;True;430;[0.9996797871989924, 8.47910609057349e-05]
(248, 0);0;125;0;stop;1.0;True;True;432;[0.999687530907664, 0.00016862844643690859]
(248, 0);1;80;0;stop;1.0;True;True;410;[0.9997903548262453, 5.920024909782659e-05]
(248, 0);2;80;0;stop;1.0;True;True;542;[0.9995139816437811, 0.00015351130063092743]
(248, 0);3;186;0;stop;1.0;True;True;405;[0.9996199860349345, 0.00021315189676651672]
(248, 0);4;97;0;stop;1.0;True;True;368;[0.9993694230814356, 0.00014876682975578702]
(248, 0);5;79;0;stop;1.0;True;True;542;[0.9996788341505486, 0.0001488128043921972]
(248, 0);6;56;0;stop;1.0;True;True;583;[0.9993725186536804, 0.00010224613965900778]
(248, 0);7;72;0;stop;1.0;True;True;402;[0.9993039449730403, 0.00020978105166750288]
(248, 0);8;33;0;stop;1.0;True;True;426;[0.9998399275573314, 5.8285324666266516e-05]
(248, 0);9;71;0;stop;1.0;True;True;372;[0.9993927592148026, 0.0001685787614229112]
(248, 1);0;65;0;stop;0.7;False;True;952;[0.9995092178991526, 0.00024530919019606564]
(248, 1);1;63;0;stop;0.7;False;True;567;[0.9997736728009314, 0.00014882699696389112]
(248, 1);2;66;0;stop;0.7;False;True;1001;[0.9993300161184282, 0.00020333200280987383]
(248, 1);3;59;0;stop;0.3;True;False;454;[0.012430669653000902, 0.9874905738205819]
(248, 1);4;84;0;stop;0.7;False;True;470;[0.9998487462893615, 7.484048064962447e-05]
(248, 1);5;198;0;stop;0.3;True;False;801;[0.06005333632225175, 0.9393923104955271]
(248, 1);6;80;0;stop;0.7;False;True;591;[0.9997104053056521, 0.00014881748779122655]
(248, 1);7;127;0;stop;0.7;False;True;429;[0.9996766897730514, 0.00015841010354793864]
(248, 1);8;51;0;stop;0.3;True;False;895;[0.0038241497476734334, 0.9960887232572493]
(248, 1);9;80;0;stop;0.7;False;True;448;[0.9996743071173864, 0.00014423362797137224]
(248, 2);0;41;0;stop;0.4;False;True;541;[0.9993733520719033, 0.0002164552857844496]
(248, 2);1;254;0;stop;0.4;False;True;1142;[0.9993366829674379, 0.0004582188006160843]
(248, 2);2;110;0;stop;0.6;True;False;1226;[0.014499955821387906, 0.9852501544316613]
(248, 2);3;47;0;stop;0.4;False;True;534;[0.9998394508693633, 0.000135517440020938]
(248, 2);4;49;0;stop;0.4;False;True;457;[0.9995660281695824, 0.0001971227509875081]
(248, 2);5;82;0;stop;0.6;True;False;863;[0.004609186053774487, 0.995307160532591]
(248, 2);6;84;0;stop;0.6;True;False;867;[0.007814336679819664, 0.9919872207974769]
(248, 2);7;71;0;stop;0.6;True;False;947;[0.005909944878573955, 0.9938997132420363]
(248, 2);8;180;0;stop;0.6;True;False;578;[0.0968661441267812, 0.8907643939551448]
(248, 2);9;83;0;stop;0.6;True;False;982;[0.008576474744270632, 0.9913055521356425]
(248, 3);0;92;0;stop;0.4;False;True;749;[0.999511599754084, 0.00025309686389863434]
(248, 3);1;70;0;stop;0.6;True;False;666;[0.016911095280727314, 0.9828631234948256]
(248, 3);2;80;0;stop;0.6;True;False;530;[0.020328940800141724, 0.979503151821097]
(248, 3);3;64;0;stop;0.4;False;True;400;[0.9998844995411701, 8.750055737751201e-05]
(248, 3);4;88;0;stop;0.6;True;False;1146;[0.008576392953023754, 0.9912964150175616]
(248, 3);5;156;0;stop;0.6;True;False;995;[0.01854471778885235, 0.9813555947966015]
(248, 3);6;74;0;stop;0.6;True;False;638;[0.011328971562809811, 0.9884254905010509]
(248, 3);7;78;0;stop;0.4;False;True;543;[0.999474682338606, 0.0002304387460760773]
(248, 3);8;70;0;stop;0.4;False;True;400;[0.9989954797537273, 0.00023763963444989555]
(248, 3);9;85;0;stop;0.6;True;False;558;[0.01098458953274618, 0.9888011185354787]
(249, 0);0;76;2;stop;1.0;True;False;569;[0.002050573531224304, 0.997866424169798]
(249, 0);1;117;2;stop;1.0;True;False;476;[0.007815294363185732, 0.992108765733723]
(249, 0);2;100;2;stop;1.0;True;False;618;[0.00940922003103145, 0.9902328420688625]
(249, 0);3;72;2;stop;1.0;True;False;310;[0.009123821739414529, 0.9906772316036335]
(249, 0);4;344;2;stop;1.0;True;False;569;[0.0038224652078535713, 0.995649866873158]
(249, 0);5;102;2;stop;1.0;True;False;481;[0.005553952675558121, 0.9942712647185811]
(249, 0);6;121;2;stop;1.0;True;False;605;[0.0040699885016652676, 0.9958934838615996]
(249, 0);7;107;2;stop;1.0;True;False;447;[0.005553584569746875, 0.9942053926290565]
(249, 0);8;87;2;stop;1.0;True;False;646;[0.043355244678154915, 0.9564014922818292]
(249, 0);9;70;2;stop;1.0;True;False;575;[0.0057293169226729345, 0.9941085441057709]
(249, 1);0;60;2;stop;0.9;True;False;531;[0.00538377117727336, 0.9943997352322897]
(249, 1);1;108;2;stop;0.9;True;False;549;[0.010012041975007012, 0.989835102175314]
(249, 1);2;100;2;stop;0.9;True;False;559;[0.0029807697921153176, 0.9969308685633094]
(249, 1);3;79;2;stop;0.9;True;False;535;[0.0033761169143917344, 0.9964773018700458]
(249, 1);4;187;2;stop;0.1;False;True;302;[0.6625716688509974, 0.11513768828340971]
(249, 1);5;112;2;stop;0.9;True;False;427;[0.0023228343057093777, 0.9975359507343506]
(249, 1);6;101;2;stop;0.9;True;False;515;[0.004904560659884617, 0.9949232701988335]
(249, 1);7;87;2;stop;0.9;True;False;405;[0.0062890130403018135, 0.9935697436031917]
(249, 1);8;85;2;stop;0.9;True;False;456;[0.007119398881003464, 0.9925953588079081]
(249, 1);9;97;2;stop;0.9;True;False;598;[0.0028889881343434343, 0.9969058702096412]
(249, 2);0;52;2;stop;1.0;True;True;222;[0.9996475032288811, 7.965124749692199e-05]
(249, 2);1;84;2;stop;1.0;True;True;368;[0.9991831305075067, 0.00040431458838898827]
(249, 2);2;82;2;stop;1.0;True;True;273;[0.9997067119712221, 0.00011589873390709988]
(249, 2);3;70;2;stop;1.0;True;True;299;[0.9996971809218436, 0.00019108288552275798]
(249, 2);4;96;2;stop;1.0;True;True;365;[0.9993965692759986, 0.0001397572350569057]
(249, 2);5;255;2;stop;1.0;True;True;356;[0.999091140681709, 0.000732051765607236]
(249, 2);6;100;2;stop;1.0;True;True;438;[0.9991101798586753, 0.00045811502688718837]
(249, 2);7;57;2;stop;1.0;True;True;300;[0.9995966393300816, 0.00018518533857719794]
(249, 2);8;92;2;stop;1.0;True;True;440;[0.9997260129285791, 0.00015354395125468404]
(249, 2);9;57;2;stop;1.0;True;True;452;[0.9994511042592961, 0.00016340164367045562]
(249, 3);0;73;2;stop;0.9;True;False;818;[0.013220238385883248, 0.9865842271864288]
(249, 3);1;81;2;stop;0.9;True;False;361;[0.02161086239168317, 0.9781822171207352]
(249, 3);2;405;2;stop;0.9;True;False;755;[0.016383919168768045, 0.9824510276177673]
(249, 3);3;74;2;stop;0.9;True;False;487;[0.014501075951722975, 0.9853260719749732]
(249, 3);4;157;2;stop;0.9;True;False;552;[0.038442619483298815, 0.9609444720971249]
(249, 3);5;78;2;stop;0.9;True;False;485;[0.01065035111989995, 0.9891467061810486]
(249, 3);6;90;2;stop;0.9;True;False;1490;[0.0035930918125026356, 0.9962647530857212]
(249, 3);7;198;2;stop;0.9;True;False;698;[0.3567545601933394, 0.5700921639380957]
(249, 3);8;207;2;stop;0.1;False;True;1005;[0.6205846203596159, 0.37640358797653073]
(249, 3);9;88;2;stop;0.9;True;False;764;[0.011329003975303809, 0.9884281692847312]
